Linux 5.10.234-225.917.amzn2.x86_64 (ip-10-0-165-21.us-west-2.compute.internal) 	03/29/25 	_x86_64_	(2 CPU)

00:33:53        CPU     %user     %nice   %system   %iowait    %steal     %idle
00:33:54        all     73.00      0.00      5.50      0.50     15.50      5.50
00:33:55        all     45.73      0.00      3.52      0.00      5.53     45.23
00:33:56        all     48.50      0.00      3.50      0.00      8.00     40.00
00:33:57        all     42.36      0.00      4.43      3.94      4.43     44.83
00:33:58        all     39.60      0.00      2.97      0.00      9.90     47.52
00:33:59        all     31.37      0.00      2.94      0.00     21.08     44.61
00:34:00        all     31.25      0.00      3.37      0.00     20.19     45.19
00:34:01        all     30.62      0.00      3.83      0.00     21.53     44.02
00:34:02        all     13.30      0.00      1.48      0.00     19.70     65.52
00:34:03        all      0.00      0.00      0.00      0.00      0.00    100.00
00:34:04        all      0.00      0.00      0.00      0.00      0.00    100.00
00:34:05        all      0.00      0.00      0.00      0.00      0.50     99.50
00:34:06        all      1.49      0.00      1.00      0.50      3.98     93.03
00:34:07        all      6.03      0.00      2.01      0.00      2.51     89.45
00:34:08        all      5.37      0.00      5.37      0.49     10.73     78.05
00:34:09        all     23.50      0.00      5.00      0.00      9.50     62.00
00:34:10        all      7.96      0.00      2.99      0.00      3.98     85.07
00:34:11        all     19.21      0.00      7.88      0.00      7.88     65.02
00:34:12        all     23.65      0.00      2.96      0.00      7.88     65.52
00:34:13        all      6.37      0.00      3.43      0.00      8.82     81.37
00:34:14        all     19.12      0.00      7.84      0.00     17.65     55.39
00:34:15        all     16.18      0.00      9.80      0.00     17.16     56.86
00:34:16        all      2.49      0.00      0.50      0.00      1.00     96.02
00:34:17        all     36.82      0.00      8.96      2.49     10.45     41.29
00:34:18        all     17.16      0.00      6.37      0.00      9.31     67.16
00:34:19        all      5.50      0.00      3.00      0.00      3.50     88.00
00:34:20        all     27.09      0.00      5.91      0.00     10.34     56.65
00:34:21        all      9.00      0.00      6.50      0.00      8.00     76.50
00:34:22        all     15.42      0.00      6.47      0.00      5.47     72.64
00:34:23        all     25.60      0.00      8.21      4.35     18.36     43.48
00:34:24        all     18.91      0.00      7.96      0.00      7.96     65.17
00:34:25        all     14.29      0.00      7.39      0.00      9.36     68.97
00:34:26        all      5.97      0.00      2.49      0.00      8.46     83.08
00:34:27        all     29.21      0.00      7.43      0.00     10.89     52.48
00:34:28        all     12.32      0.00      3.45      1.97      3.94     78.33
00:34:29        all     11.00      0.00      4.00      0.00      5.00     80.00
00:34:30        all     22.00      0.00      3.50      0.00      6.50     68.00
00:34:31        all     20.20      0.00      9.36      0.00     11.82     58.62
00:34:32        all     13.66      0.00      6.34      0.00      8.29     71.71
00:34:33        all     16.92      0.00      0.00      1.00      1.49     80.60
00:34:34        all     19.19      0.00      6.57      0.00      5.05     69.19
00:34:35        all     16.83      0.00      5.94      0.00      6.93     70.30
00:34:36        all     26.00      0.00      4.00      0.00     12.00     58.00
00:34:37        all     19.12      0.00      8.33      0.00     19.61     52.94
00:34:38        all      8.87      0.00      2.46      0.00      4.93     83.74
00:34:39        all     14.00      0.00      4.50      0.00      8.00     73.50
00:34:40        all      9.50      0.00      2.00      0.00      6.00     82.50
00:34:41        all     22.44      0.00      4.88      0.00     19.02     53.66
00:34:42        all     17.00      0.00      6.50      0.00      4.50     72.00
00:34:43        all      7.88      0.00      1.97      0.00      5.42     84.73
00:34:44        all     34.16      0.00      9.41      0.00     11.39     45.05
00:34:45        all     10.34      0.00      4.43      0.00      4.43     80.79
00:34:46        all     15.35      0.00      6.44      0.00     11.39     66.83
00:34:47        all     20.30      0.00      6.44      0.00      8.91     64.36
00:34:48        all      8.87      0.00      1.48      0.99      6.90     81.77
00:34:49        all     24.00      0.00      9.00      0.00     12.00     55.00
00:34:50        all     13.11      0.00      8.25      0.00      8.74     69.90
00:34:51        all     22.77      0.00      1.98      0.00      6.93     68.32
00:34:52        all     27.18      0.00     12.14      0.00     19.42     41.26
00:34:53        all     10.24      0.00      3.41      0.00     10.24     76.10
00:34:54        all     25.38      0.00      7.61      0.00     12.69     54.31
00:34:55        all     15.69      0.00      5.39      0.00      9.80     69.12
00:34:56        all     18.72      0.00      5.42      0.00      8.87     67.00
00:34:57        all     15.15      0.00      4.55      0.00      3.54     76.77
00:34:58        all     11.44      0.00      1.99      0.00      4.98     81.59
00:34:59        all     24.75      0.00      6.93      0.00     10.40     57.92
00:35:00        all     14.43      0.00      4.48      0.00      4.48     76.62
00:35:01        all      9.18      0.00      6.28      0.00     12.08     72.46
00:35:02        all      0.50      0.00      0.00      0.00      1.01     98.49
00:35:03        all     18.91      0.00      2.49      0.00      9.45     69.15
00:35:04        all     20.79      0.00      6.44      0.00     14.85     57.92
00:35:05        all     14.71      0.00      4.90      0.00     10.78     69.61
00:35:06        all      8.54      0.00      4.02      0.00      7.04     80.40
00:35:07        all     33.33      0.00      6.86      0.00     12.75     47.06
00:35:08        all     15.58      0.00      4.02      0.00     10.55     69.85
00:35:09        all     14.15      0.00      6.83      0.98     10.24     67.80
00:35:10        all     19.21      0.00      4.43      0.00     12.32     64.04
00:35:11        all     17.41      0.00      3.98      0.00      8.46     70.15
00:35:12        all     18.59      0.00      6.03      0.00      7.54     67.84
00:35:13        all     17.65      0.00      8.33      0.00      8.33     65.69
00:35:14        all     18.41      0.00      1.49      0.50      7.46     72.14
00:35:15        all     24.38      0.00      7.96      0.00     11.94     55.72
00:35:16        all      6.53      0.00      2.51      0.00      2.51     88.44
00:35:17        all     23.76      0.00      4.46      0.00      4.95     66.83
00:35:18        all     18.91      0.00     10.45      0.00     15.42     55.22
00:35:19        all     11.50      0.00      4.50      0.00      5.50     78.50
00:35:20        all     18.32      0.00      6.93      0.00     13.86     60.89
00:35:21        all     24.26      0.00      4.95      0.00      8.91     61.88
00:35:22        all     26.83      0.00      8.78      0.00     11.22     53.17
00:35:23        all      6.47      0.00      2.49      0.00      5.47     85.57
00:35:24        all     14.93      0.00      2.99      1.00      7.46     73.63
00:35:25        all     31.37      0.00      9.80      0.00     20.59     38.24
00:35:26        all     15.92      0.00      2.99      0.00      5.97     75.12
00:35:27        all      8.04      0.00      4.02      0.00      5.53     82.41
00:35:28        all      6.37      0.00      6.37      0.00     12.75     74.51
00:35:29        all     36.27      0.00      7.84      0.00     10.78     45.10
00:35:30        all      7.92      0.00      2.97      0.00      5.94     83.17
00:35:31        all     22.06      0.00      6.86      0.00     13.24     57.84
00:35:32        all      9.45      0.00      2.49      0.00      3.48     84.58
00:35:33        all     20.10      0.00      5.39      0.00      6.86     67.65
00:35:34        all     12.94      0.00      5.97      0.50      2.99     77.61
00:35:35        all     23.90      0.00      7.32      0.00     18.54     50.24
00:35:36        all      5.45      0.00      0.99      0.00      2.97     90.59
00:35:37        all     29.95      0.00      6.76      0.00     17.87     45.41
00:35:38        all      8.33      0.00      5.88      0.00     10.78     75.00
00:35:39        all     22.71      0.00     12.08      0.00     22.22     43.00
00:35:40        all     13.30      0.00      2.96      0.99      6.40     76.35
00:35:41        all     31.55      0.00      6.80      0.00     18.93     42.72
00:35:42        all     16.42      0.00      4.48      0.00      5.47     73.63
00:35:43        all     24.14      0.00      8.87      0.00      9.36     57.64
00:35:44        all      5.45      0.00      2.97      0.00      5.94     85.64
00:35:45        all     24.38      0.00      2.49      0.00      8.46     64.68
00:35:46        all     18.32      0.00      6.44      0.00      8.42     66.83
00:35:47        all     21.67      0.00      8.87      0.00     16.26     53.20
00:35:48        all     20.87      0.00      5.83      0.00     14.56     58.74
00:35:49        all     17.16      0.00      3.92      0.00      9.80     69.12
00:35:50        all     26.73      0.00      8.91      0.99     11.39     51.98
00:35:51        all     14.78      0.00      4.93      0.00      3.94     76.35
00:35:52        all      5.47      0.00      1.99      0.00      3.48     89.05
00:35:53        all     41.09      0.00      9.41      0.00     17.82     31.68
00:35:54        all     17.91      0.00      3.48      0.00      7.96     70.65
00:35:55        all     10.40      0.00      3.47      0.50      4.95     80.69
00:35:56        all     25.00      0.00      4.00      0.00      9.50     61.50
00:35:57        all     17.82      0.00      6.44      0.00      9.41     66.34
00:35:58        all     17.41      0.00      9.95      0.00     13.93     58.71
00:35:59        all      6.83      0.00      3.90      0.00      6.34     82.93
00:36:00        all      6.50      0.00      1.50      0.00      7.50     84.50
00:36:01        all     19.02      0.00      1.46      0.00     12.20     67.32
00:36:02        all     10.50      0.00      8.68      0.00     36.99     43.84
00:36:03        all     17.96      0.00      6.80      0.00     21.84     53.40
00:36:04        all     12.92      0.00      6.70      0.00     22.01     58.37
00:36:05        all     12.87      0.00      4.46      0.99      9.41     72.28
00:36:06        all     28.14      0.00      8.04      0.00     20.10     43.72
00:36:07        all     16.50      0.00      7.00      0.00     16.00     60.50
00:36:08        all     21.05      0.00      7.18      0.00     20.10     51.67
00:36:09        all      6.83      0.00      3.90      0.00      7.80     81.46
00:36:10        all     33.66      0.00      9.76      0.00     29.27     27.32
00:36:11        all     15.84      0.00      3.96      0.00     11.88     68.32
00:36:12        all     10.78      0.00      2.94      0.00     15.20     71.08
00:36:13        all     18.81      0.00      7.92      0.00     15.35     57.92
00:36:14        all     16.42      0.00      4.48      0.00      6.47     72.64
00:36:15        all     28.92      0.00      8.33      0.49      8.33     53.92
00:36:16        all     17.65      0.00      6.37      0.00     14.71     61.27
00:36:17        all     10.24      0.00      5.85      0.00     16.59     67.32
00:36:18        all      6.97      0.00      1.49      0.00      3.48     88.06
00:36:19        all     33.99      0.00      7.88      0.00     13.79     44.33
00:36:20        all      6.93      0.00      2.97      0.00      5.94     84.16
00:36:21        all     23.27      0.00     14.36      0.50     14.85     47.03
00:36:22        all     20.60      0.00      2.01      0.00      4.52     72.86
00:36:23        all     21.18      0.00      9.36      0.00      9.85     59.61
00:36:24        all     19.00      0.00      4.50      0.00      9.00     67.50
00:36:25        all     18.00      0.00      6.00      0.00      8.00     68.00
00:36:26        all     28.08      0.00      3.45      0.49     10.34     57.64
00:36:27        all     22.50      0.00      6.00      0.00      8.00     63.50
00:36:28        all     10.95      0.00      2.99      0.00     12.94     73.13
00:36:29        all     18.81      0.00      6.44      0.00      5.94     68.81
00:36:30        all     27.09      0.00      4.93      0.00      7.88     60.10
00:36:31        all     23.76      0.00      4.95      0.50     11.88     58.91
00:36:32        all     24.38      0.00      6.47      0.00     11.94     57.21
00:36:33        all      4.48      0.00      3.48      0.00      1.99     90.05
00:36:34        all     33.50      0.00      5.91      0.00      4.93     55.67
00:36:35        all     11.06      0.00      5.03      0.00      7.04     76.88
00:36:36        all     25.62      0.00     10.84      0.49      6.40     56.65
00:36:37        all      9.36      0.00      3.45      0.00      4.93     82.27
00:36:38        all     25.00      0.00      1.50      0.00     12.50     61.00
00:36:39        all     19.90      0.00      4.48      0.00     10.95     64.68
00:36:40        all     16.91      0.00      4.83      0.00     10.63     67.63
00:36:41        all     16.34      0.00      7.43      0.00      8.42     67.82
00:36:42        all     25.12      0.00      2.46      0.00     17.73     54.68
00:36:43        all     19.51      0.00      7.32      0.00     18.05     55.12
00:36:44        all     21.21      0.00      6.06      0.00      7.07     65.66
00:36:45        all     21.18      0.00      6.40      0.00     12.81     59.61
00:36:46        all      8.42      0.00      2.48      0.50      5.45     83.17
00:36:47        all     20.20      0.00      6.40      0.00      8.87     64.53
00:36:48        all     18.59      0.00      4.52      0.00      6.53     70.35
00:36:49        all     21.95      0.00      4.88      0.00     13.17     60.00
00:36:50        all     10.50      0.00      2.50      0.00      3.00     84.00
00:36:51        all     18.00      0.00      8.00      0.00      5.50     68.50
00:36:52        all     15.76      0.00      3.94      0.00      6.40     73.89
00:36:53        all     12.81      0.00      7.88      0.00     14.29     65.02
00:36:54        all     22.28      0.00      2.97      0.00      3.96     70.79
00:36:55        all     24.75      0.00      8.08      0.00      5.56     61.62
00:36:56        all     14.29      0.00      2.96      0.49      4.43     77.83
00:36:57        all     21.78      0.00      2.48      0.00     11.88     63.86
00:36:58        all     24.27      0.00      6.80      0.00      9.22     59.71
00:36:59        all     19.31      0.00      5.94      0.00      7.92     66.83
00:37:00        all      7.96      0.00      2.49      0.00      4.48     85.07
00:37:01        all     23.50      0.00      2.50      0.00      7.50     66.50
00:37:02        all      2.46      0.00      0.99      0.49      2.96     93.10
00:37:03        all     20.00      0.00      9.76      0.00     17.07     53.17
00:37:04        all     17.41      0.00      4.98      0.00      9.45     68.16
00:37:05        all      5.00      0.00      2.00      0.00      4.50     88.50
00:37:06        all      7.39      0.00      3.94      0.00      5.91     82.76
00:37:07        all     22.77      0.00      1.98      0.50     16.34     58.42
00:37:08        all     16.92      0.00      7.96      0.00      7.46     67.66
00:37:09        all     20.30      0.00      5.45      0.00      5.45     68.81
00:37:10        all     13.73      0.00      6.37      0.00      9.80     70.10
00:37:11        all     23.50      0.00      6.00      0.00     14.00     56.50
00:37:12        all     13.66      0.00      5.37      0.49     14.63     65.85
00:37:13        all     32.67      0.00     11.88      0.00     21.78     33.66
00:37:14        all     10.78      0.00      2.45      0.00      5.88     80.88
00:37:15        all     27.72      0.00      4.46      0.00     11.88     55.94
00:37:16        all      3.96      0.00      0.99      0.00      2.97     92.08
00:37:17        all     37.44      0.00     19.21      0.00     14.29     29.06
00:37:18        all     12.06      0.00      3.52      0.00      4.02     80.40
00:37:19        all     24.75      0.00      2.97      0.00     12.87     59.41
00:37:20        all     18.41      0.00      5.47      0.00     12.44     63.68
00:37:21        all     21.61      0.00      8.54      0.00      7.54     62.31
00:37:22        all     12.81      0.00      5.91      0.49     10.84     69.95
00:37:23        all     19.21      0.00      6.40      0.00     15.76     58.62
00:37:24        all     15.35      0.00      2.48      0.00      5.45     76.73
00:37:25        all     16.26      0.00      7.88      0.00     12.32     63.55
00:37:26        all     27.94      0.00      8.82      0.00     11.76     51.47
00:37:27        all     14.29      0.00      2.46      0.00     10.34     72.91
00:37:28        all     22.50      0.00      4.50      0.00     14.50     58.50
00:37:29        all     18.32      0.00      8.42      0.00     13.86     59.41
00:37:30        all     18.54      0.00      4.88      0.00     13.66     62.93
00:37:31        all      2.99      0.00      1.49      0.00      3.48     92.04
00:37:32        all      9.95      0.00      4.48      0.50     12.44     72.64
00:37:33        all     30.58      0.00      8.74      0.00     12.14     48.54
00:37:34        all      9.45      0.00      2.99      0.00      7.46     80.10
00:37:35        all     23.30      0.00      8.74      0.00     19.42     48.54
00:37:36        all      6.97      0.00      3.98      0.00      6.47     82.59
00:37:37        all     19.90      0.00      0.00      0.00      9.95     70.15
00:37:38        all     20.30      0.00      9.41      0.00     11.88     58.42
00:37:39        all     26.13      0.00      9.55      0.00     15.58     48.74
00:37:40        all      5.47      0.00      1.49      0.00      3.48     89.55
00:37:41        all      8.37      0.00      3.45      0.00      7.88     80.30
00:37:42        all     34.80      0.00      6.86      0.49     16.67     41.18
00:37:43        all     18.00      0.00      6.50      0.00      4.50     71.00
00:37:44        all     13.07      0.00      4.02      0.00      5.53     77.39
00:37:45        all      2.01      0.00      1.01      0.00      1.01     95.98
00:37:46        all     27.50      0.00      3.00      0.00     11.00     58.50
00:37:47        all     17.16      0.00      7.35      0.00      8.82     66.67
00:37:48        all     26.37      0.00      8.96      0.50     12.44     51.74
00:37:49        all     16.83      0.00      6.44      0.00     10.89     65.84
00:37:50        all     23.27      0.00      2.48      0.00      5.94     68.32
00:37:51        all     18.91      0.00     10.95      0.00     11.94     58.21
00:37:52        all     18.63      0.00      5.88      0.00     13.73     61.76
00:37:53        all     12.87      0.00      6.93      0.50     16.34     63.37
00:37:54        all     18.41      0.00      1.99      0.00      7.46     72.14
00:37:55        all     26.00      0.00      8.50      0.00      4.50     61.00
00:37:56        all     17.68      0.00      4.04      0.00      4.04     74.24
00:37:57        all     13.37      0.00      4.46      0.00      7.92     74.26
00:37:58        all     23.38      0.00      2.49      0.50     20.90     52.74
00:37:59        all     16.75      0.00      4.93      0.00      7.88     70.44
00:38:00        all     21.29      0.00      7.43      0.00      8.91     62.38
00:38:01        all     25.98      0.00      6.86      0.00     14.22     52.94
00:38:02        all     19.23      0.00      3.37      0.00     28.37     49.04
00:38:03        all      2.97      0.00      0.50      0.50      2.97     93.07
00:38:04        all     23.88      0.00      8.46      0.00      3.48     64.18
00:38:05        all     16.75      0.00      8.37      0.00     10.34     64.53
00:38:06        all      1.00      0.00      1.00      0.00      1.50     96.50
00:38:07        all     34.16      0.00      6.93      0.00      9.90     49.01
00:38:08        all      5.53      0.00      2.01      0.00      3.52     88.94
00:38:09        all     30.20      0.00     10.89      0.00     17.82     41.09
00:38:10        all      9.36      0.00      1.48      0.00      7.39     81.77
00:38:11        all     11.50      0.00      6.00      0.00     11.50     71.00
00:38:12        all     21.61      0.00      3.52      0.00      3.52     71.36
00:38:13        all     23.65      0.00      8.37      0.49      8.87     58.62
00:38:14        all     19.70      0.00      8.87      0.00      6.90     64.53
00:38:15        all     13.79      0.00      5.91      0.00     12.32     67.98
00:38:16        all     21.61      0.00      3.52      0.00      4.02     70.85
00:38:17        all      9.41      0.00      3.47      0.00      5.94     81.19
00:38:18        all     27.14      0.00      8.04      0.50     11.56     52.76
00:38:19        all     16.26      0.00      5.91      0.00     11.82     66.01
00:38:20        all     26.24      0.00      3.47      0.00      7.92     62.38
00:38:21        all     14.85      0.00      3.96      0.00     12.87     68.32
00:38:22        all     17.73      0.00     11.33      0.00     14.29     56.65
00:38:23        all     16.42      0.00      4.98      0.50      8.96     69.15
00:38:24        all     22.28      0.00      3.47      0.00      9.41     64.85
00:38:25        all     14.93      0.00      2.99      0.00     10.95     71.14
00:38:26        all     16.75      0.00      4.93      0.00     16.26     62.07
00:38:27        all     24.75      0.00      7.92      0.00     12.38     54.95
00:38:28        all     12.25      0.00      6.86      0.00     16.18     64.71
00:38:29        all     21.72      0.00      0.00      0.51      8.08     69.70
00:38:30        all     18.41      0.00      5.47      0.00      9.45     66.67
00:38:31        all     20.90      0.00      6.97      0.00      5.47     66.67
00:38:32        all     15.84      0.00      3.96      0.00      9.90     70.30
00:38:33        all     24.50      0.00      5.50      0.00      4.50     65.50
00:38:34        all      9.05      0.00      2.51      0.00      4.02     84.42
00:38:35        all     38.61      0.00     12.38      0.00      9.90     39.11
00:38:36        all      4.48      0.00      2.49      0.00      5.97     87.06
00:38:37        all     23.12      0.00      4.52      0.00      5.53     66.83
00:38:38        all      3.50      0.00      0.00      0.00      0.50     96.00
00:38:39        all      2.50      0.00      1.00      0.50      1.00     95.00
00:38:40        all      8.46      0.00      1.99      0.00     10.45     79.10
00:38:41        all     20.20      0.00      8.87      0.00     11.82     59.11
00:38:42        all     13.50      0.00      4.50      0.00      6.00     76.00
00:38:43        all     13.43      0.00      4.98      0.00      7.46     74.13
00:38:44        all     14.63      0.00      5.37      0.49      9.76     69.76
00:38:45        all     28.50      0.00      7.50      0.00     17.50     46.50
00:38:46        all     20.69      0.00      7.88      0.00     11.33     60.10
00:38:47        all     17.17      0.00      5.56      0.00      9.60     67.68
00:38:48        all     15.27      0.00      7.88      0.00     17.24     59.61
00:38:49        all     19.80      0.00      0.99      0.50      7.92     70.79
00:38:50        all     20.59      0.00      7.84      0.00      9.80     61.76
00:38:51        all     24.50      0.00      9.00      0.00      4.50     62.00
00:38:52        all     16.00      0.00      6.00      0.00      9.00     69.00
00:38:53        all     14.93      0.00      1.99      0.00      1.49     81.59
00:38:54        all     20.10      0.00      8.82      0.00     14.22     56.86
00:38:55        all     23.50      0.00      8.00      0.00      5.50     63.00
00:38:56        all      9.41      0.00      1.98      0.00      5.45     83.17
00:38:57        all     14.93      0.00      2.49      0.00      6.97     75.62
00:38:58        all     19.12      0.00      6.37      0.00     10.29     64.22
00:38:59        all     25.49      0.00     14.22      0.00     18.63     41.67
00:39:00        all     18.72      0.00      5.42      0.00     21.18     54.68
00:39:01        all      6.34      0.00      2.93      0.00      8.29     82.44
00:39:02        all      3.00      0.00      1.00      0.00      3.00     93.00
00:39:03        all     17.41      0.00      1.99      0.00      9.95     70.65
00:39:04        all     14.85      0.00      3.96      0.00     12.38     68.81
00:39:05        all     11.76      0.00      4.41      0.00      5.88     77.94
00:39:06        all     30.69      0.00     13.37      0.00     16.83     39.11
00:39:07        all      7.43      0.00      2.97      0.00      6.93     82.67
00:39:08        all      8.91      0.00      1.98      0.00      7.43     81.68
00:39:09        all     32.84      0.00      6.47      0.50     20.40     39.80
00:39:10        all      9.90      0.00      2.48      0.00      6.44     81.19
00:39:11        all     30.10      0.00     11.17      0.00     16.02     42.72
00:39:12        all      6.03      0.00      1.51      0.00      2.01     90.45
00:39:13        all     21.67      0.00      7.39      0.00     10.34     60.59
00:39:14        all     14.78      0.00      4.43      0.00     11.82     68.97
00:39:15        all     28.57      0.00      9.85      0.00     13.30     48.28
00:39:16        all     17.56      0.00      6.83      0.00     10.24     65.37
00:39:17        all      2.97      0.00      3.96      0.00      4.95     88.12
00:39:18        all     25.49      0.00      4.90      0.00     11.27     58.33
00:39:19        all     18.00      0.00      4.50      0.00      3.00     74.50
00:39:20        all     31.34      0.00     10.45      0.50      9.45     48.26
00:39:21        all     10.89      0.00      4.46      0.00      6.93     77.72
00:39:22        all     22.39      0.00      1.49      0.00      8.96     67.16
00:39:23        all     17.24      0.00      7.88      0.00     12.32     62.56
00:39:24        all     22.77      0.00      8.91      0.00      7.92     60.40
00:39:25        all      8.91      0.00      4.46      0.00      4.95     81.68
00:39:26        all     28.71      0.00      5.45      0.00      8.91     56.93
00:39:27        all      3.98      0.00      1.49      0.00      1.49     93.03
00:39:28        all     21.67      0.00      7.39      0.00     12.81     58.13
00:39:29        all     21.11      0.00      6.53      0.00      3.52     68.84
00:39:30        all     20.60      0.00      8.04      1.01      5.53     64.82
00:39:31        all     15.42      0.00      1.99      0.00      7.46     75.12
00:39:32        all     10.78      0.00      7.35      0.00     14.71     67.16
00:39:33        all     25.63      0.00     10.55      0.00     17.09     46.73
00:39:34        all     15.66      0.00      6.06      0.00      6.06     72.22
00:39:35        all      5.94      0.00      1.98      0.00      3.96     88.12
00:39:36        all     30.69      0.00      5.94      0.00     13.86     49.50
00:39:37        all      2.49      0.00      1.49      0.00      4.48     91.54
00:39:38        all     23.19      0.00      9.66      0.00     21.26     45.89
00:39:39        all     26.24      0.00      8.91      0.00     21.29     43.56
00:39:40        all     12.20      0.00      5.85      0.00     11.22     70.73
00:39:41        all     24.26      0.00      1.98      0.00      9.90     63.86
00:39:42        all     12.87      0.00      5.45      0.00     10.40     71.29
00:39:43        all     34.31      0.00     11.27      0.00      9.31     45.10
00:39:44        all      5.94      0.00      1.98      0.00      3.47     88.61
00:39:45        all      5.50      0.00      4.00      0.00      6.00     84.50
00:39:46        all     14.43      0.00      2.99      0.00      7.46     75.12
00:39:47        all     24.14      0.00      5.91      0.00      9.85     60.10
00:39:48        all     13.43      0.00      2.99      0.00     13.43     70.15
00:39:49        all     35.78      0.00     11.76      0.00     14.71     37.75
00:39:50        all      3.50      0.00      1.00      0.50      1.50     93.50
00:39:51        all     24.14      0.00      3.94      0.00      9.85     62.07
00:39:52        all     10.45      0.00      3.48      0.00      7.96     78.11
00:39:53        all     14.36      0.00      5.45      0.00     16.34     63.86
00:39:54        all     20.69      0.00      9.85      0.00     22.66     46.80
00:39:55        all     27.67      0.00     13.11      0.00     16.99     42.23
00:39:56        all      1.49      0.00      1.00      0.50      1.49     95.52
00:39:57        all     20.40      0.00      3.48      0.00      7.46     68.66
00:39:58        all     14.36      0.00      2.97      0.00      7.92     74.75
00:39:59        all     19.12      0.00      6.86      0.00     14.71     59.31
00:40:00        all     22.33      0.00      8.74      0.00     16.99     51.94
00:40:01        all      8.37      0.00      1.97      0.49      9.85     79.31
00:40:02        all      7.28      0.00      4.85      0.00     21.36     66.50
00:40:03        all     23.50      0.00      0.50      0.00     16.50     59.50
00:40:04        all      6.93      0.00      1.98      0.00      5.45     85.64
00:40:05        all     21.29      0.00      7.43      0.00     19.80     51.49
00:40:06        all     23.22      0.00     11.85      0.00     25.12     39.81
00:40:07        all      5.47      0.00      0.50      0.00      5.97     88.06
00:40:08        all      8.57      0.00      6.67      0.00     17.14     67.62
00:40:09        all     28.71      0.00      5.94      0.00     18.81     46.53
00:40:10        all      9.80      0.00      4.41      0.00     13.73     72.06
00:40:11        all     22.50      0.00      7.50      0.00      9.50     60.50
00:40:12        all     22.39      0.00      9.95      0.00      6.47     61.19
00:40:13        all      6.00      0.00      2.00      0.00      6.50     85.50
00:40:14        all     13.30      0.00      3.45      0.00      8.87     74.38
00:40:15        all     20.00      0.00      2.50      0.00     12.00     65.50
00:40:16        all     17.73      0.00      7.39      0.49      7.88     66.50
00:40:17        all     26.83      0.00      7.80      0.00      6.83     58.54
00:40:18        all      2.49      0.00      1.49      0.00      3.48     92.54
00:40:19        all     25.00      0.00      5.88      0.00     17.65     51.47
00:40:20        all     11.00      0.00      1.00      0.00      5.00     83.00
00:40:21        all     20.69      0.00      8.87      0.00     16.75     53.69
00:40:22        all     25.49      0.00     12.75      0.00     22.06     39.71
00:40:23        all     10.40      0.00      3.47      0.00      7.92     78.22
00:40:24        all      4.98      0.00      1.99      0.00      6.47     86.57
00:40:25        all     28.57      0.00      7.39      0.00     12.81     51.23
00:40:26        all     14.93      0.00      2.99      0.00      5.97     76.12
00:40:27        all     12.38      0.00      3.96      0.00      7.92     75.74
00:40:28        all     23.88      0.00     10.95      0.00     14.93     50.25
00:40:29        all      9.90      0.00      5.45      0.00     10.40     74.26
00:40:30        all     10.95      0.00      1.00      0.00      7.46     80.60
00:40:31        all     29.56      0.00      6.90      0.99     15.27     47.29
00:40:32        all      5.47      0.00      1.49      0.00      5.97     87.06
00:40:33        all     22.66      0.00      8.87      0.00     17.24     51.23
00:40:34        all     17.50      0.00      5.50      0.00     14.50     62.50
00:40:35        all      2.99      0.00      2.49      0.00      2.99     91.54
00:40:36        all     38.50      0.00      6.50      0.50     13.00     41.50
00:40:37        all      5.45      0.00      2.48      0.00      5.94     86.14
00:40:38        all     20.20      0.00     10.84      0.00     17.73     51.23
00:40:39        all     20.79      0.00      4.95      0.00     10.89     63.37
00:40:40        all      8.82      0.00      5.88      0.00      8.33     76.96
00:40:41        all     21.67      0.00      0.99      0.00     11.33     66.01
00:40:42        all     13.86      0.00      5.94      0.00     17.82     62.38
00:40:43        all     11.27      0.00      4.41      0.00      4.90     79.41
00:40:44        all     27.36      0.00      6.47      0.00     11.44     54.73
00:40:45        all      7.92      0.00      1.49      0.00      7.92     82.67
00:40:46        all     25.37      0.00      2.99      0.00      8.96     62.69
00:40:47        all     21.36      0.00     10.19      0.00     16.50     51.94
00:40:48        all     29.06      0.00     11.82      0.00     21.67     37.44
00:40:49        all     13.66      0.00      5.37      0.00      6.83     74.15
00:40:50        all      4.98      0.00      2.49      0.00      5.97     86.57
00:40:51        all     28.22      0.00      5.45      0.00      7.43     58.91
00:40:52        all      9.50      0.00      3.00      0.50      3.50     83.50
00:40:53        all     35.32      0.00     18.41      0.00     15.42     30.85
00:40:54        all      9.95      0.00      4.48      0.00      6.97     78.61
00:40:55        all      5.42      0.00      3.45      0.00      2.46     88.67
00:40:56        all     24.00      0.00      3.00      0.00      7.00     66.00
00:40:57        all     22.11      0.00      7.04      0.00     11.56     59.30
00:40:58        all     25.25      0.00     10.40      0.00     17.33     47.03
00:40:59        all      6.37      0.00      0.98      0.00      5.88     86.76
00:41:00        all      2.00      0.00      0.50      0.00      1.00     96.50
00:41:01        all     15.69      0.00      2.94      0.00     16.67     64.71
00:41:02        all     18.36      0.00      7.73      0.00     38.16     35.75
00:41:03        all      7.92      0.00      2.97      0.00      6.93     82.18
00:41:04        all     19.12      0.00      7.84      0.00     14.71     58.33
00:41:05        all     29.41      0.00     15.20      0.00     21.57     33.82
00:41:06        all     13.59      0.00      5.83      0.00     12.14     68.45
00:41:07        all     22.66      0.00      8.87      0.00     11.33     57.14
00:41:08        all     15.27      0.00      2.46      0.00      3.45     78.82
00:41:09        all     15.27      0.00      8.37      0.00     14.29     62.07
00:41:10        all     33.17      0.00     13.66      0.00     14.15     39.02
00:41:11        all      6.40      0.00      2.96      0.00      9.36     81.28
00:41:12        all     16.59      0.00      4.39      0.49     12.20     66.34
00:41:13        all     15.76      0.00      2.96      0.00     13.79     67.49
00:41:14        all     16.26      0.00      5.42      0.00      8.37     69.95
00:41:15        all     21.50      0.00      7.00      0.00     12.00     59.50
00:41:16        all     26.47      0.00     13.24      0.00     21.57     38.73
00:41:17        all      1.99      0.00      1.49      0.50      0.50     95.52
00:41:18        all      6.93      0.00      2.48      0.00      4.46     86.14
00:41:19        all     19.70      0.00      1.01      0.00     14.14     65.15
00:41:20        all     14.36      0.00      6.93      0.00      4.46     74.26
00:41:21        all     19.40      0.00      7.96      0.00     13.43     59.20
00:41:22        all     28.86      0.00      4.98      0.00      9.45     56.72
00:41:23        all      7.04      0.00      1.51      0.00      5.03     86.43
00:41:24        all     12.00      0.00      0.50      0.00      8.50     79.00
00:41:25        all     28.78      0.00      5.85      0.00     20.98     44.39
00:41:26        all     13.50      0.00      3.50      0.00      7.50     75.50
00:41:27        all     35.92      0.00     17.96      0.00     18.45     27.67
00:41:28        all      4.00      0.00      0.50      0.50      1.00     94.00
00:41:29        all      8.87      0.00      6.40      0.00      7.88     76.85
00:41:30        all     21.11      0.00      0.50      0.00      6.03     72.36
00:41:31        all     16.83      0.00      6.93      0.00      5.94     70.30
00:41:32        all     23.38      0.00      7.96      0.00      7.46     61.19
00:41:33        all     18.41      0.00     11.94      0.00     10.95     58.71
00:41:34        all     22.50      0.00      2.50      0.00      9.50     65.50
00:41:35        all     13.86      0.00      3.47      0.00      6.44     76.24
00:41:36        all      8.50      0.00      4.00      0.00      2.50     85.00
00:41:37        all     24.38      0.00     12.94      0.00     11.94     50.75
00:41:38        all     24.00      0.00      8.50      0.50     10.00     57.00
00:41:39        all      5.50      0.00      2.00      0.00      4.00     88.50
00:41:40        all     21.29      0.00      1.98      0.00      9.41     67.33
00:41:41        all      8.37      0.00      6.40      0.00     14.78     70.44
00:41:42        all     24.51      0.00      9.80      0.00     25.00     40.69
00:41:43        all     31.53      0.00     14.78      0.00     18.23     35.47
00:41:44        all      4.50      0.00      2.00      0.00      2.00     91.50
00:41:45        all      6.03      0.00      4.52      0.00      5.53     83.92
00:41:46        all     18.23      0.00      3.45      0.00     11.33     67.00
00:41:47        all     22.28      0.00      7.92      0.00     17.82     51.98
00:41:48        all     12.87      0.00      4.46      0.50     11.88     70.30
00:41:49        all     23.27      0.00     10.40      0.00     22.28     44.06
00:41:50        all     12.32      0.00      3.94      0.00      9.85     73.89
00:41:51        all      5.53      0.00      2.01      0.00      2.01     90.45
00:41:52        all     24.88      0.00      4.48      0.00     10.95     59.70
00:41:53        all     17.33      0.00      5.45      0.00      5.94     71.29
00:41:54        all     13.43      0.00      4.98      0.00      4.98     76.62
00:41:55        all     34.85      0.00     13.64      0.00     20.20     31.31
00:41:56        all     12.87      0.00      5.45      0.00      9.41     72.28
00:41:57        all     26.00      0.00      3.00      0.00      7.50     63.50
00:41:58        all      7.84      0.00      3.43      0.00      7.84     80.88
00:41:59        all     28.08      0.00      8.37      0.00      9.85     53.69
00:42:00        all     15.42      0.00      5.97      0.00      9.45     69.15
00:42:01        all      2.97      0.00      1.49      0.00      3.96     91.58
00:42:02        all     16.67      0.00      1.47      0.00     20.10     61.76
00:42:03        all     17.41      0.00      7.96      0.00     17.91     56.72
00:42:04        all      6.86      0.00      2.94      0.49      3.92     85.78
00:42:05        all     25.63      0.00     10.55      0.00     11.56     52.26
00:42:06        all     14.85      0.00      5.94      0.00     11.88     67.33
00:42:07        all      7.39      0.00      4.43      0.00      4.43     83.74
00:42:08        all     15.76      0.00      1.48      0.00     16.75     66.01
00:42:09        all     22.39      0.00      4.48      0.50     14.43     58.21
00:42:10        all      4.00      0.00      1.00      0.00      2.50     92.50
00:42:11        all      7.43      0.00      1.98      0.00      9.90     80.69
00:42:12        all     26.73      0.00     14.85      0.00     17.82     40.59
00:42:13        all     25.37      0.00     13.66      0.00     14.63     46.34
00:42:14        all     16.92      0.00      4.98      0.00      6.97     71.14
00:42:15        all     28.43      0.00      5.39      0.00      6.86     59.31
00:42:16        all      8.87      0.00      1.97      0.00      3.94     85.22
00:42:17        all     25.25      0.00      6.44      0.00     12.87     55.45
00:42:18        all     25.00      0.00      9.80      0.00     19.61     45.59
00:42:19        all      3.00      0.00      2.50      0.50      5.50     88.50
00:42:20        all     17.39      0.00      2.42      0.00     13.53     66.67
00:42:21        all     17.96      0.00      6.31      0.00     17.96     57.77
00:42:22        all      5.39      0.00      2.45      0.00      5.88     86.27
00:42:23        all     27.00      0.00      8.00      0.00     13.00     52.00
00:42:24        all     19.60      0.00     13.07      0.00     12.06     55.28
00:42:25        all      7.50      0.00      2.00      0.00      4.50     86.00
00:42:26        all     28.00      0.00      4.00      0.00     17.50     50.50
00:42:27        all      4.95      0.00      2.97      0.00      2.97     89.11
00:42:28        all     20.90      0.00      6.97      0.00      8.46     63.68
00:42:29        all     31.86      0.00     14.71      0.49     23.04     29.90
00:42:30        all     10.40      0.00      2.97      0.00      4.46     82.18
00:42:31        all     38.42      0.00      6.40      0.00     12.32     42.86
00:42:32        all      6.00      0.00      1.00      0.00      2.50     90.50
00:42:33        all      9.41      0.00      2.48      0.00      6.93     81.19
00:42:34        all     25.25      0.00     13.37      0.00     17.33     44.06
00:42:35        all      4.46      0.00      1.98      0.00      6.93     86.63
00:42:36        all     29.61      0.00      8.25      0.00     24.27     37.86
00:42:37        all      9.45      0.00      0.50      0.00      9.45     80.60
00:42:38        all     14.85      0.00      3.47      0.00     12.38     69.31
00:42:39        all      8.29      0.00      4.88      0.49     13.66     72.68
00:42:40        all     25.00      0.00      7.50      0.00     24.00     43.50
00:42:41        all     14.78      0.00      7.88      0.00     15.27     62.07
00:42:42        all     23.27      0.00      2.48      0.00     12.87     61.39
00:42:43        all      7.39      0.00      1.48      0.00      3.94     87.19
00:42:44        all     18.41      0.00      4.48      0.50      8.96     67.66
00:42:45        all     30.30      0.00      9.60      0.00     11.11     48.99
00:42:46        all     14.50      0.00      3.00      0.00      5.50     77.00
00:42:47        all     40.59      0.00      9.41      0.00     19.80     30.20
00:42:48        all     13.24      0.00      2.45      0.00      7.84     76.47
00:42:49        all     15.12      0.00      4.88      0.00     20.00     60.00
00:42:50        all     29.21      0.00     16.34      0.00     13.37     41.09
00:42:51        all     14.85      0.00      7.92      0.00     12.38     64.85
00:42:52        all     17.33      0.00      1.49      0.00     15.84     65.35
00:42:53        all     13.37      0.00      4.46      0.00     11.39     70.79
00:42:54        all     23.76      0.00      5.45      0.00     10.40     60.40
00:42:55        all     18.91      0.00      5.97      0.00      9.45     65.67
00:42:56        all      5.47      0.00      1.99      0.00      2.49     90.05
00:42:57        all     20.90      0.00      1.49      0.00      9.95     67.66
00:42:58        all     13.50      0.00      5.50      0.00      6.00     75.00
00:42:59        all      5.47      0.00      2.49      0.00      8.46     83.58
00:43:00        all     18.81      0.00      7.92      0.50      6.93     65.84
00:43:01        all     20.10      0.00      8.82      0.00     17.16     53.92
00:43:02        all      2.99      0.00      1.00      0.00      4.98     91.04
00:43:03        all      6.40      0.00      1.97      0.00      7.88     83.74
00:43:04        all     33.00      0.00      5.91      0.00     14.78     46.31
00:43:05        all      8.46      0.00      3.98      0.50      7.96     79.10
00:43:06        all     19.40      0.00      4.98      0.00      7.96     67.66
00:43:07        all     28.08      0.00      8.37      0.00      9.85     53.69
00:43:08        all      7.84      0.00      4.90      0.00     13.24     74.02
00:43:09        all     17.82      0.00      0.99      0.00      5.94     75.25
00:43:10        all     18.81      0.00      5.45      0.00      7.92     67.82
00:43:11        all      4.98      0.00      1.00      0.00      4.48     89.55
00:43:12        all     26.47      0.00     12.25      0.00     18.14     43.14
00:43:13        all     20.71      0.00      6.57      0.00     11.11     61.62
00:43:14        all     10.68      0.00      5.83      0.00     15.53     67.96
00:43:15        all     20.40      0.00      1.49      0.50     11.44     66.17
00:43:16        all     13.93      0.00      5.97      0.00      6.47     73.63
00:43:17        all     33.33      0.00     11.94      0.00      7.46     47.26
00:43:18        all      6.50      0.00      2.00      0.00      5.00     86.50
00:43:19        all     21.39      0.00      2.99      0.00      7.96     67.66
00:43:20        all     12.00      0.00      4.50      0.50      6.50     76.50
00:43:21        all     32.67      0.00      9.41      0.00     17.33     40.59
00:43:22        all     28.57      0.00     10.34      0.00     18.72     42.36
00:43:23        all      6.47      0.00      1.99      0.00      3.98     87.56
00:43:24        all     29.41      0.00      4.90      0.00     14.71     50.98
00:43:25        all     11.94      0.00      3.48      0.00      9.45     75.12
00:43:26        all     12.00      0.00      3.50      0.00      6.00     78.50
00:43:27        all     31.31      0.00     18.18      0.00     12.63     37.88
00:43:28        all     10.45      0.00      1.49      0.00      1.49     86.57
00:43:29        all      8.46      0.00      1.99      0.00      3.98     85.57
00:43:30        all     25.62      0.00      4.43      0.00     11.33     58.62
00:43:31        all     20.90      0.00      6.47      0.50      9.95     62.19
00:43:32        all     26.83      0.00     12.68      0.00     20.00     40.49
00:43:33        all     19.42      0.00      9.22      0.00     11.65     59.71
00:43:34        all      5.47      0.00      1.49      0.00      3.48     89.55
00:43:35        all     18.91      0.00      3.48      0.00      8.46     69.15
00:43:36        all     10.45      0.00      3.98      0.00      1.99     83.58
00:43:37        all     30.20      0.00     10.40      0.00      9.41     50.00
00:43:38        all     28.86      0.00     13.43      0.00      9.95     47.76
00:43:39        all      7.39      0.00      3.45      0.00      5.42     83.74
00:43:40        all     27.86      0.00      5.47      0.00     13.93     52.74
00:43:41        all     12.14      0.00      4.37      0.49     13.59     69.42
00:43:42        all     28.22      0.00     10.40      0.00     20.79     40.59
00:43:43        all     31.86      0.00     10.78      0.00     16.18     41.18
00:43:44        all      4.48      0.00      1.49      0.00      4.48     89.55
00:43:45        all      4.43      0.00      1.48      0.00      4.93     89.16
00:43:46        all     35.78      0.00      7.84      0.00     13.24     43.14
00:43:47        all      2.50      0.00      1.00      0.00      1.50     95.00
00:43:48        all     38.07      0.00     15.23      0.00     14.72     31.98
00:43:49        all     17.00      0.00      5.50      0.00      7.00     70.50
00:43:50        all      2.50      0.00      0.50      0.00      0.50     96.50
00:43:51        all     11.33      0.00      5.42      0.00      4.93     78.33
00:43:52        all     19.70      0.00      1.52      0.00      5.56     73.23
00:43:53        all     17.82      0.00      6.44      0.00     10.89     64.85
00:43:54        all     39.11      0.00     13.86      0.00      9.90     37.13
00:43:55        all      9.45      0.00      1.99      0.00      1.99     86.57
00:43:56        all      4.98      0.00      1.49      0.50      1.49     91.54
00:43:57        all     26.24      0.00      5.45      0.00     10.89     57.43
00:43:58        all     19.21      0.00      5.42      0.00      3.45     71.92
00:43:59        all     37.00      0.00     13.00      0.00     11.00     39.00
