Linux 5.10.234-225.921.amzn2.x86_64 (ip-10-0-170-35.us-west-2.compute.internal) 	04/19/25 	_x86_64_	(2 CPU)

00:25:21    kbmemfree kbmemused  %memused kbbuffers  kbcached  kbcommit   %commit  kbactive   kbinact   kbdirty
00:25:22      2422756   1520544     38.56      2088   1265492    376400      9.55    263096   1138568    284708
00:25:23      2314596   1628704     41.30      2088   1266520    520780     13.21    263108   1247280    285732
00:25:24      2330708   1612592     40.89      2088   1278600    451020     11.44    263288   1231732    297712
00:25:25      2302360   1640940     41.61      2088   1278640    476708     12.09    263420   1259684    297876
00:25:26      2286660   1656640     42.01      2088   1278640    491764     12.47    263420   1275060    297876
00:25:27      2285476   1657824     42.04      2088   1278640    493104     12.50    263420   1276104    297876
00:25:28      2269472   1673828     42.45      2088   1279700    516332     13.09    263420   1293340    298936
