Linux 5.10.234-225.910.amzn2.x86_64 (ip-10-0-186-236.us-west-2.compute.internal) 	03/25/25 	_x86_64_	(2 CPU)

22:13:14        CPU     %user     %nice   %system   %iowait    %steal     %idle
22:13:15        all     69.85      0.00      4.52      0.50     24.12      1.01
22:13:16        all     39.51      0.00      3.90      0.00     11.71     44.88
22:13:17        all     46.50      0.00      5.50      0.00      8.50     39.50
22:13:18        all     38.31      0.00      1.99      0.00      9.95     49.75
22:13:19        all     28.22      0.00      2.97      1.98     19.80     47.03
22:13:20        all     29.61      0.00      3.40      0.00     20.87     46.12
22:13:21        all     34.95      0.00      2.91      0.00     16.99     45.15
22:13:22        all     38.24      0.00      6.86      0.00     13.73     41.18
22:13:23        all     42.29      0.00      6.97      0.00     10.95     39.80
22:13:24        all     10.95      0.00      6.47      2.49      7.46     72.64
22:13:25        all     13.00      0.00      7.50      0.00      8.50     71.00
22:13:26        all     16.67      0.00      5.88      0.00     11.27     66.18
22:13:27        all      8.87      0.00      1.97      0.00      3.94     85.22
22:13:28        all     22.77      0.00      8.91      0.00     14.85     53.47
22:13:29        all     35.64      0.00      1.49      0.00     13.37     49.50
22:13:30        all     38.81      0.00      4.98      0.00     17.41     38.81
22:13:31        all     39.11      0.00      2.48      0.00      9.41     49.01
22:13:32        all      1.50      0.00      0.50      0.00      1.00     97.00
22:13:33        all      4.43      0.00      2.96      0.00      1.48     91.13
22:13:34        all     14.43      0.00      2.49      0.00      3.48     79.60
22:13:35        all     20.59      0.00      4.90      0.00      5.88     68.63
22:13:36        all     16.92      0.00      5.47      0.00      5.47     72.14
22:13:37        all     12.87      0.00      3.96      0.00      3.96     79.21
22:13:38        all     12.20      0.00      6.34      0.00     12.68     68.78
22:13:39        all      5.47      0.00      4.48      7.46     10.45     72.14
22:13:40        all     15.76      0.00      9.36      0.00     13.30     61.58
22:13:41        all     21.29      0.00      3.47      0.00      9.90     65.35
22:13:42        all     12.68      0.00      7.32      0.00     15.61     64.39
22:13:43        all     10.89      0.00      5.45      0.00      9.41     74.26
22:13:44        all     26.70      0.00      5.83      0.00     21.36     46.12
22:13:45        all     20.59      0.00      8.82      1.96     17.16     51.47
22:13:46        all     20.20      0.00      5.42      0.00      7.39     67.00
22:13:47        all     29.70      0.00      6.44      0.00     15.84     48.02
22:13:48        all      4.04      0.00      1.01      0.00      2.53     92.42
22:13:49        all     18.91      0.00      2.99      0.00      5.47     72.64
22:13:50        all      7.00      0.00      2.00      2.00      2.50     86.50
22:13:51        all     13.43      0.00      6.97      0.00      7.96     71.64
22:13:52        all     17.82      0.00      4.46      0.00      3.47     74.26
22:13:53        all     12.63      0.00      3.54      0.00      4.04     79.80
22:13:54        all     18.23      0.00      6.40      0.00     10.34     65.02
22:13:55        all     11.94      0.00      6.47      0.00      6.47     75.12
22:13:56        all      8.46      0.00      4.98      0.00      6.97     79.60
22:13:57        all      1.49      0.00      1.49      0.00      1.49     95.54
22:13:58        all     38.81      0.00      9.95      0.00     10.45     40.80
22:13:59        all      1.49      0.00      0.50      0.00      1.49     96.52
22:14:00        all     20.00      0.00      2.50      0.00     11.00     66.50
22:14:01        all     32.34      0.00      3.48      0.00      7.46     56.72
22:14:02        all      3.40      0.00      3.40      0.00     11.17     82.04
22:14:03        all      7.32      0.00      2.44      0.00     12.68     77.56
22:14:04        all      3.98      0.00      1.49      0.00      4.48     90.05
22:14:05        all     16.83      0.00      5.45      0.50      5.94     71.29
22:14:06        all     17.65      0.00      3.43      0.00      7.35     71.57
22:14:07        all      6.06      0.00      0.51      0.00      2.02     91.41
22:14:08        all     15.20      0.00      4.41      0.00     10.78     69.61
22:14:09        all     20.20      0.00      7.39      0.00      7.88     64.53
22:14:10        all      8.25      0.00      4.37      0.49      7.77     79.13
22:14:11        all     24.27      0.00      6.31      0.00     12.62     56.80
22:14:12        all     12.44      0.00      5.47      0.00      3.98     78.11
22:14:13        all     27.18      0.00      6.80      0.00     10.19     55.83
22:14:14        all      3.48      0.00      1.99      0.00      1.99     92.54
22:14:15        all     27.59      0.00      7.39      0.00     10.84     54.19
22:14:16        all      2.99      0.00      1.99      0.00      1.00     94.03
22:14:17        all     20.40      0.00      1.49      0.00      6.97     71.14
22:14:18        all     25.00      0.00      2.00      0.00      6.50     66.50
22:14:19        all      2.99      0.00      1.00      0.00      2.49     93.53
22:14:20        all     13.37      0.00      3.47      0.00      7.43     75.74
22:14:21        all     10.29      0.00      4.90      0.00      8.33     76.47
22:14:22        all     22.55      0.00      6.37      0.00     12.25     58.82
22:14:23        all      9.45      0.00      3.98      0.00      1.99     84.58
22:14:24        all     37.62      0.00      3.47      0.00     12.38     46.53
22:14:25        all     35.50      0.00      1.50      0.00     14.00     49.00
22:14:26        all     11.50      0.00      3.50      0.50      4.00     80.50
22:14:27        all      3.98      0.00      1.49      0.00      1.00     93.53
22:14:28        all     10.95      0.00      3.48      0.00      4.98     80.60
22:14:29        all     13.00      0.00      1.50      0.00      5.00     80.50
22:14:30        all     13.17      0.00      3.90      0.00      6.34     76.59
22:14:31        all     32.20      0.00      8.78      0.00     16.10     42.93
22:14:32        all      7.04      0.00      3.02      0.00      1.51     88.44
22:14:33        all      1.01      0.00      0.00      0.00      0.00     98.99
22:14:34        all     12.81      0.00      8.37      0.00      6.90     71.92
22:14:35        all     30.54      0.00      6.90      0.00      8.87     53.69
22:14:36        all      5.42      0.00      2.96      0.49      2.96     88.18
22:14:37        all     36.32      0.00      1.99      0.00      7.96     53.73
22:14:38        all      5.53      0.00      1.01      0.00      4.02     89.45
22:14:39        all      5.94      0.00      0.99      0.00      1.98     91.09
22:14:40        all     31.47      0.00      7.11      0.00      4.06     57.36
22:14:41        all     12.32      0.00      5.42      0.00      5.42     76.85
22:14:42        all     27.09      0.00      8.87      0.00     11.82     52.22
22:14:43        all      7.43      0.00      3.96      0.00      5.45     83.17
22:14:44        all     21.50      0.00      1.50      0.00      6.50     70.50
22:14:45        all     17.33      0.00      6.93      0.00      9.90     65.84
22:14:46        all     30.10      0.00      7.77      0.00     19.90     42.23
22:14:47        all      5.47      0.00      4.48      0.00      2.99     87.06
22:14:48        all     16.58      0.00      2.01      0.00      5.53     75.88
22:14:49        all     16.83      0.00      4.46      0.00      9.41     69.31
22:14:50        all     23.15      0.00      5.91      0.00     10.34     60.59
22:14:51        all      4.90      0.00      2.94      0.00      5.39     86.76
22:14:52        all     20.40      0.00      7.96      0.00     15.42     56.22
22:14:53        all     13.93      0.00      1.99      0.00      7.96     76.12
22:14:54        all     32.51      0.00     11.33      0.00     16.26     39.90
22:14:55        all      8.87      0.00      5.91      0.00      7.39     77.83
22:14:56        all     25.49      0.00      4.90      0.49     17.16     51.96
22:14:57        all     16.26      0.00      5.91      0.00      9.36     68.47
22:14:58        all     27.72      0.00      5.45      0.00     11.88     54.95
22:14:59        all      3.96      0.00      1.49      0.00      1.98     92.57
22:15:00        all     14.78      0.00      2.96      0.00     10.34     71.92
22:15:01        all     12.87      0.00      3.96      0.00      7.43     75.74
22:15:02        all      1.51      0.00      0.00      0.50      3.02     94.97
22:15:03        all     16.92      0.00      3.48      0.00      7.46     72.14
22:15:04        all     18.81      0.00      5.94      0.00      8.91     66.34
22:15:05        all      5.97      0.00      1.49      0.00      1.00     91.54
22:15:06        all     13.43      0.00      6.47      0.00      9.95     70.15
22:15:07        all     16.42      0.00      2.99      0.00      7.96     72.64
22:15:08        all     11.50      0.00      3.50      0.00      5.00     80.00
22:15:09        all     29.21      0.00      9.90      0.00     10.40     50.50
22:15:10        all      8.91      0.00      2.48      0.00      5.94     82.67
22:15:11        all     25.37      0.00      5.47      0.00      4.98     64.18
22:15:12        all      7.92      0.00      4.95      0.00      5.45     81.68
22:15:13        all     32.02      0.00     11.33      0.00     13.30     43.35
22:15:14        all      8.37      0.00      2.96      0.00      4.93     83.74
22:15:15        all      6.50      0.00      2.00      0.00      1.50     90.00
22:15:16        all     18.50      0.00      2.50      0.00      4.50     74.50
22:15:17        all     13.86      0.00      4.46      0.50      6.44     74.75
22:15:18        all     11.88      0.00      1.98      0.00      9.41     76.73
22:15:19        all     14.93      0.00      5.97      0.00      8.46     70.65
22:15:20        all      2.48      0.00      0.99      0.00      2.48     94.06
22:15:21        all     18.32      0.00      2.97      0.00     13.86     64.85
22:15:22        all     12.81      0.00      3.45      0.00      9.36     74.38
22:15:23        all     11.76      0.00      7.35      0.00     13.73     67.16
22:15:24        all     21.95      0.00      5.37      0.00      7.32     65.37
22:15:25        all      2.50      0.00      1.00      0.00      1.00     95.50
22:15:26        all      1.50      0.00      0.50      0.00      0.50     97.50
22:15:27        all     13.86      0.00      4.95      0.50      4.95     75.74
22:15:28        all     11.82      0.00      1.48      0.00      4.93     81.77
22:15:29        all     14.93      0.00      6.47      0.00      6.97     71.64
22:15:30        all     22.66      0.00      4.43      0.00      6.90     66.01
22:15:31        all      3.43      0.00      0.98      0.00      3.43     92.16
22:15:32        all     23.76      0.00      4.46      0.00     13.86     57.92
22:15:33        all      8.54      0.00      2.51      0.00      5.53     83.42
22:15:34        all     21.50      0.00      6.50      0.00     10.00     62.00
22:15:35        all     13.43      0.00      5.47      0.00      6.47     74.63
22:15:36        all      4.02      0.00      0.50      0.00      1.01     94.47
22:15:37        all      2.49      0.00      0.50      0.50      1.99     94.53
22:15:38        all      5.00      0.00      4.00      0.00      4.00     87.00
22:15:39        all     22.39      0.00      2.99      0.00      6.97     67.66
22:15:40        all      9.45      0.00      3.98      0.00      5.97     80.60
22:15:41        all      6.97      0.00      2.99      0.00      4.48     85.57
22:15:42        all     21.11      0.00      6.03      0.00     11.06     61.81
22:15:43        all      0.99      0.00      0.50      0.50      0.99     97.03
22:15:44        all     10.50      0.00      4.00      0.00      9.50     76.00
22:15:45        all     17.33      0.00      1.49      0.00      6.44     74.75
22:15:46        all     13.50      0.00      6.50      0.00      6.50     73.50
22:15:47        all     15.42      0.00      3.98      0.00      3.48     77.11
22:15:48        all      7.96      0.00      2.99      0.00      5.47     83.58
22:15:49        all      7.04      0.00      5.03      0.00      2.01     85.93
22:15:50        all     21.08      0.00      2.45      0.00     10.29     66.18
22:15:51        all     10.45      0.00      3.48      0.00      6.47     79.60
22:15:52        all     23.38      0.00      6.47      0.00      3.98     66.17
22:15:53        all      4.48      0.00      1.49      0.50      1.00     92.54
22:15:54        all      0.50      0.00      0.50      0.00      0.00     99.00
22:15:55        all      2.00      0.00      1.00      0.00      0.50     96.50
22:15:56        all      3.50      0.00      2.00      0.00      0.50     94.00
22:15:57        all     18.50      0.00      2.00      0.00      1.50     78.00
22:15:58        all     11.94      0.00      4.48      0.00      7.46     76.12
22:15:59        all      3.52      0.00      1.51      0.00      5.03     89.95
22:16:00        all     22.06      0.00      5.39      0.00     10.29     62.25
22:16:01        all      1.50      0.00      0.00      0.00      0.50     98.00
22:16:02        all      1.00      0.00      1.49      0.00      5.47     92.04
22:16:03        all      7.88      0.00      3.45      0.49      9.36     78.82
22:16:04        all     19.90      0.00      2.49      0.00      7.96     69.65
22:16:05        all      9.50      0.00      3.50      0.00      6.50     80.50
22:16:06        all     23.15      0.00      6.90      0.00     10.84     59.11
22:16:07        all      6.50      0.00      2.00      0.00      3.00     88.50
22:16:08        all      1.00      0.00      0.50      0.00      1.50     97.00
22:16:09        all      4.00      0.00      3.00      0.00      2.00     91.00
22:16:10        all      2.93      0.00      1.95      0.00      5.37     89.76
22:16:11        all     20.00      0.00      1.00      0.00      6.50     72.50
22:16:12        all     13.24      0.00      4.90      0.00      8.33     73.53
22:16:13        all      3.48      0.00      1.49      0.50      1.99     92.54
22:16:14        all     23.30      0.00      6.80      0.00     16.02     53.88
22:16:15        all      1.00      0.00      0.50      0.00      1.50     97.00
22:16:16        all      4.95      0.00      1.98      0.00      2.48     90.59
22:16:17        all     27.14      0.00      3.52      0.00     10.05     59.30
22:16:18        all      5.42      0.00      2.46      0.49      4.93     86.70
22:16:19        all     28.86      0.00      7.46      0.00     12.44     51.24
22:16:20        all      8.00      0.00      3.00      0.00      2.00     87.00
22:16:21        all      2.00      0.00      0.50      0.00      0.00     97.50
22:16:22        all      1.51      0.00      0.50      0.00      1.51     96.48
22:16:23        all     22.06      0.00      5.88      0.00     12.25     59.80
22:16:24        all      5.45      0.00      2.48      0.00      2.48     89.60
22:16:25        all     18.00      0.00      3.50      0.00      4.00     74.50
22:16:26        all     18.41      0.00      7.46      0.00     15.42     58.71
22:16:27        all      2.49      0.00      0.50      0.00      1.00     96.02
22:16:28        all      1.00      0.00      0.50      0.00      0.00     98.50
22:16:29        all     15.76      0.00      5.42      0.00      9.36     69.46
22:16:30        all     14.36      0.00      1.98      0.00      5.45     78.22
22:16:31        all     21.89      0.00      8.46      0.00     13.93     55.72
22:16:32        all     15.76      0.00      4.93      0.00      7.88     71.43
22:16:33        all      2.00      0.00      0.50      0.00      1.00     96.50
22:16:34        all      2.02      0.00      0.51      0.00      0.51     96.97
22:16:35        all     13.53      0.00      4.83      0.00      8.21     73.43
22:16:36        all     17.82      0.00      2.97      0.00      4.95     74.26
22:16:37        all     14.36      0.00      5.94      0.00      9.41     70.30
22:16:38        all     32.18      0.00      8.42      0.00      9.41     50.00
22:16:39        all      3.98      0.00      1.00      0.50      1.00     93.53
22:16:40        all      1.01      0.00      0.00      0.00      1.51     97.49
22:16:41        all      7.80      0.00      5.37      0.00      6.83     80.00
22:16:42        all     21.57      0.00      3.43      0.00      4.90     70.10
22:16:43        all     10.84      0.00      4.43      0.00      8.87     75.86
22:16:44        all     30.65      0.00      9.55      0.00      9.05     50.75
22:16:45        all      3.52      0.00      1.51      7.54      1.51     85.93
22:16:46        all      3.94      0.00      1.97      0.00      1.48     92.61
22:16:47        all     19.70      0.00      5.56      0.00      5.05     69.70
22:16:48        all     10.89      0.00      3.47      0.00      5.94     79.70
22:16:49        all     24.14      0.00      6.40      0.00     12.81     56.65
22:16:50        all     15.84      0.00      7.43      0.00      5.45     71.29
22:16:51        all      1.00      0.00      0.50      0.00      1.00     97.50
22:16:52        all      2.00      0.00      1.00      0.00      3.00     94.00
22:16:53        all     22.89      0.00      4.98      0.00      7.46     64.68
22:16:54        all      7.43      0.00      4.46      0.50      4.95     82.67
22:16:55        all     29.27      0.00      9.76      0.00      9.76     51.22
22:16:56        all      8.17      0.00      5.29      0.00      6.25     80.29
22:16:57        all      5.34      0.00      3.88      0.00      4.85     85.92
22:16:58        all      7.88      0.00      4.93      0.00     11.33     75.86
22:16:59        all     22.77      0.00      3.47      0.50     15.84     57.43
22:17:00        all      9.62      0.00      4.81      0.00     12.98     72.60
22:17:01        all     29.21      0.00      7.43      0.00     13.86     49.50
22:17:02        all      5.88      0.00      2.45      0.00      5.39     86.27
22:17:03        all      1.00      0.00      0.50      0.00      0.50     98.01
22:17:04        all      0.50      0.00      0.00      0.00      0.50     99.00
22:17:05        all      6.44      0.00      3.47      0.00     11.88     78.22
22:17:06        all     26.21      0.00      4.37      0.00     19.90     49.51
22:17:07        all      7.88      0.00      3.94      0.00      7.39     80.79
22:17:08        all      6.44      0.00      4.46      0.00      1.98     87.13
22:17:09        all     20.30      0.00      6.93      0.00      5.45     67.33
22:17:10        all      1.47      0.00      0.98      0.49      1.96     95.10
22:17:11        all      6.97      0.00      3.98      0.00      2.99     86.07
22:17:12        all     23.41      0.00      1.95      0.00     15.61     59.02
22:17:13        all     12.25      0.00      6.86      0.00      8.82     72.06
22:17:14        all     24.75      0.00      7.43      0.00      9.41     58.42
22:17:15        all      4.98      0.00      1.49      0.50      2.99     90.05
22:17:16        all      1.99      0.00      0.50      0.00      0.50     97.01
22:17:17        all     12.00      0.00      4.50      0.00      3.50     80.00
22:17:18        all     16.75      0.00      3.45      0.00      7.88     71.92
22:17:19        all     13.17      0.00      4.88      0.00      8.78     73.17
22:17:20        all     31.71      0.00     14.15      0.00     19.02     35.12
22:17:21        all      1.49      0.00      1.49      0.00      1.98     95.05
22:17:22        all      1.49      0.00      0.50      0.00      1.99     96.02
22:17:23        all      5.97      0.00      2.99      0.50      2.99     87.56
22:17:24        all     15.76      0.00      2.96      0.00      7.88     73.40
22:17:25        all     14.36      0.00      2.97      0.00      4.46     78.22
22:17:26        all     19.32      0.00      4.83      0.00     11.59     64.25
22:17:27        all     15.61      0.00      5.85      0.00     11.71     66.83
22:17:28        all      2.96      0.00      0.49      0.00      2.46     94.09
22:17:29        all      0.50      0.00      0.00      0.00      0.50     98.99
22:17:30        all     21.89      0.00      3.48      0.00      8.46     66.17
22:17:31        all      8.91      0.00      3.96      0.00      8.42     78.71
22:17:32        all     26.96      0.00     10.29      0.00      8.33     54.41
22:17:33        all      9.90      0.00      3.47      0.00      2.97     83.66
22:17:34        all      1.50      0.00      0.00      0.00      2.00     96.50
22:17:35        all      1.48      0.00      1.48      0.49      0.49     96.06
22:17:36        all      7.46      0.00      4.98      0.00      4.48     83.08
22:17:37        all     24.40      0.00      2.87      0.00     19.62     53.11
22:17:38        all     12.87      0.00      5.45      0.00      7.43     74.26
22:17:39        all     12.14      0.00      3.88      0.00     14.56     69.42
22:17:40        all     17.79      0.00      9.62      0.00     10.58     62.02
22:17:41        all      1.00      0.00      0.50      0.00      1.00     97.51
22:17:42        all     15.92      0.00      4.98      0.00      9.45     69.65
22:17:43        all     16.50      0.00      2.43      0.00      8.25     72.82
22:17:44        all     27.36      0.00      8.96      0.00      5.47     58.21
22:17:45        all     11.82      0.00      3.94      0.49      3.45     80.30
22:17:46        all      3.00      0.00      1.00      0.00      0.50     95.50
22:17:47        all      1.50      0.00      0.50      0.00      0.50     97.50
22:17:48        all     14.43      0.00      3.98      0.00      3.98     77.61
22:17:49        all     14.85      0.00      2.97      0.00      3.47     78.71
22:17:50        all     18.54      0.00      5.37      0.00     14.15     61.95
22:17:51        all     23.53      0.00     11.27      0.00     15.69     49.51
22:17:52        all      3.96      0.00      0.50      0.00      2.48     93.07
22:17:53        all      4.48      0.00      1.49      0.00      3.98     90.05
22:17:54        all     24.52      0.00      4.81      0.00     13.94     56.73
22:17:55        all      4.50      0.00      2.00      0.00      3.50     90.00
22:17:56        all     14.85      0.00      6.93      0.00      6.93     71.29
22:17:57        all     31.25      0.00     12.02      0.00     18.75     37.98
22:17:58        all      1.46      0.00      1.46      0.00      2.44     94.63
22:17:59        all      3.00      0.00      0.00      0.00      0.50     96.50
22:18:00        all      1.47      0.00      0.49      0.00      1.96     96.08
22:18:01        all     27.09      0.00      7.39      0.00      8.37     57.14
22:18:02        all      2.96      0.00      0.99      0.00      9.85     86.21
22:18:03        all      5.37      0.00      1.95      0.00     11.22     81.46
22:18:04        all     34.65      0.00      9.90      0.00     18.81     36.63
22:18:05        all      7.80      0.00      3.41      0.00      5.85     82.93
22:18:06        all      0.50      0.00      0.00      0.50      0.99     98.02
22:18:07        all      2.51      0.00      0.50      0.00      0.50     96.48
22:18:08        all      5.42      0.00      1.97      0.00      3.94     88.67
22:18:09        all     22.12      0.00      5.29      0.00     12.02     60.58
22:18:10        all      5.45      0.00      2.48      0.00      3.96     88.12
22:18:11        all     23.41      0.00     10.24      0.00     15.61     50.73
22:18:12        all     12.38      0.00      5.94      0.00      3.47     78.22
22:18:13        all      2.96      0.00      0.49      0.00      4.43     92.12
22:18:14        all      6.86      0.00      3.92      0.00      1.96     87.25
22:18:15        all     23.27      0.00      3.47      0.00      8.42     64.85
22:18:16        all      6.47      0.00      1.49      0.50      3.98     87.56
22:18:17        all     29.85      0.00     11.44      0.00      8.96     49.75
22:18:18        all      8.33      0.00      2.94      0.00      9.31     79.41
22:18:19        all      1.99      0.00      1.00      0.00      1.49     95.52
22:18:20        all      4.00      0.00      1.50      0.00      2.00     92.50
22:18:21        all     31.25      0.00      9.62      0.00     13.94     45.19
22:18:22        all      4.48      0.00      1.00      0.00      2.49     92.04
22:18:23        all     28.64      0.00      8.74      0.00     11.65     50.97
22:18:24        all     20.98      0.00     10.73      0.00     11.22     57.07
22:18:25        all      3.96      0.00      1.98      0.00      5.94     88.12
22:18:26        all      2.48      0.00      0.50      0.00      1.98     95.05
22:18:27        all     34.48      0.00      7.39      0.00     14.29     43.84
22:18:28        all      2.97      0.00      1.98      0.00      4.46     90.59
22:18:29        all     21.46      0.00      5.37      0.00     11.71     61.46
22:18:30        all     20.00      0.00      8.50      0.00      6.50     65.00
22:18:31        all      0.50      0.00      1.00      0.50      0.50     97.51
22:18:32        all      1.98      0.00      0.99      0.00      0.50     96.53
22:18:33        all     25.25      0.00      4.95      0.00      8.42     61.39
22:18:34        all      9.31      0.00      2.45      0.00      8.33     79.90
22:18:35        all     13.86      0.00      6.44      0.00      6.44     73.27
22:18:36        all     25.62      0.00      8.37      0.00     10.34     55.67
22:18:37        all      2.94      0.00      1.96      0.00      7.35     87.75
22:18:38        all     17.82      0.00      7.43      0.00      9.41     65.35
22:18:39        all     16.02      0.00      1.46      0.00      9.22     73.30
22:18:40        all      6.47      0.00      1.49      0.00      4.98     87.06
22:18:41        all     36.27      0.00      9.80      0.00     11.27     42.65
22:18:42        all     10.50      0.00      3.50      0.50      3.00     82.50
22:18:43        all      2.01      0.00      0.50      0.00      1.51     95.98
22:18:44        all     33.17      0.00      6.53      0.00      2.51     57.79
22:18:45        all      5.03      0.00      2.01      0.00      0.50     92.46
22:18:46        all     39.80      0.00     11.94      0.00      4.98     43.28
22:18:47        all      7.50      0.00      2.50      0.00      0.50     89.50
22:18:48        all      2.97      0.00      0.99      0.00      1.98     94.06
22:18:49        all      3.50      0.00      2.00      0.00      1.50     93.00
22:18:50        all      2.48      0.00      1.49      0.00      1.49     94.55
22:18:51        all     24.51      0.00      3.43      0.00      9.80     62.25
22:18:52        all     10.24      0.00      3.41      0.49      9.27     76.59
22:18:53        all     13.00      0.00      1.00      0.00      7.00     79.00
22:18:54        all     23.30      0.00     12.14      0.00     10.19     54.37
22:18:55        all      1.00      0.00      0.00      0.00      1.00     98.00
22:18:56        all      4.93      0.00      2.96      0.00      6.40     85.71
22:18:57        all     27.54      0.00      5.80      0.00     14.49     52.17
22:18:58        all      7.39      0.00      2.46      0.00      7.39     82.76
22:18:59        all     29.41      0.00     10.29      0.00     12.25     48.04
22:19:00        all     10.73      0.00      6.34      0.00      5.37     77.56
22:19:01        all      5.91      0.00      2.46      0.00      4.43     87.19
22:19:02        all     29.67      0.00      6.22      0.48     21.53     42.11
22:19:03        all      2.96      0.00      1.97      0.00      3.45     91.63
22:19:04        all      8.96      0.00      2.49      0.00      5.97     82.59
22:19:05        all     29.76      0.00     11.22      0.00     15.61     43.41
22:19:06        all      5.03      0.00      3.02      0.00      3.52     88.44
22:19:07        all      0.50      0.00      0.50      0.00      0.50     98.49
22:19:08        all      1.99      0.00      0.50      0.00      1.99     95.52
22:19:09        all      4.00      0.00      3.50      0.00      2.00     90.50
22:19:10        all     26.57      0.00      5.80      0.00     17.87     49.76
22:19:11        all      9.90      0.00      5.45      0.00      8.42     76.24
22:19:12        all      1.99      0.00      1.00      0.50      1.49     95.02
22:19:13        all     10.45      0.00      1.99      0.00      5.47     82.09
22:19:14        all     21.63      0.00     10.58      0.00     12.98     54.81
22:19:15        all      2.02      0.00      0.51      0.00      0.51     96.97
22:19:16        all      7.39      0.00      2.96      0.00      5.91     83.74
22:19:17        all     20.39      0.00      2.43      0.00      9.71     67.48
22:19:18        all     12.50      0.00      5.50      0.00      8.00     74.00
22:19:19        all     34.33      0.00     10.95      0.00      6.97     47.76
22:19:20        all      4.43      0.00      0.99      0.00      1.48     93.10
22:19:21        all      2.97      0.00      1.49      0.00      1.98     93.56
22:19:22        all     12.81      0.00      5.42      0.00      4.93     76.85
22:19:23        all     17.39      0.00      3.38      0.00     13.53     65.70
22:19:24        all     17.73      0.00      6.90      0.00      8.37     67.00
22:19:25        all     25.36      0.00      7.18      0.00     21.05     46.41
22:19:26        all      7.46      0.00      3.48      0.00      6.47     82.59
22:19:27        all      5.94      0.00      3.96      0.00      2.97     87.13
22:19:28        all     26.92      0.00      4.81      0.48     15.87     51.92
22:19:29        all     10.29      0.00      3.92      0.00      7.35     78.43
22:19:30        all     20.79      0.00      3.96      0.00      7.43     67.82
22:19:31        all     22.82      0.00     11.17      0.00     11.65     54.37
22:19:32        all      1.51      0.00      0.00      0.00      1.01     97.49
22:19:33        all      1.00      0.00      0.00      0.00      0.50     98.50
22:19:34        all      8.96      0.00      2.99      0.00      5.97     82.09
22:19:35        all     23.27      0.00      5.45      0.00      6.44     64.85
22:19:36        all     11.00      0.00      4.50      0.00      8.50     76.00
22:19:37        all     23.67      0.00      5.80      0.00     16.91     53.62
22:19:38        all     21.29      0.00      7.92      0.00      4.95     65.84
22:19:39        all      1.50      0.00      0.50      0.00      2.50     95.50
22:19:40        all      1.00      0.00      0.50      0.00      0.50     98.01
22:19:41        all     16.26      0.00      4.93      0.00      8.37     70.44
22:19:42        all     15.27      0.00      0.99      0.00      6.40     77.34
22:19:43        all     18.63      0.00      7.35      0.00      8.33     65.69
22:19:44        all     30.54      0.00      9.36      0.00     12.32     47.78
22:19:45        all      2.46      0.00      0.99      0.00      1.48     95.07
22:19:46        all      0.50      0.00      0.00      0.00      0.50     98.99
22:19:47        all      7.35      0.00      4.90      0.00      6.37     81.37
22:19:48        all     20.50      0.00      1.00      0.50      5.50     72.50
22:19:49        all     14.43      0.00      5.97      0.00      3.48     76.12
22:19:50        all      1.51      0.00      0.50      0.00      0.50     97.49
22:19:51        all     28.57      0.00      6.90      0.00     10.34     54.19
22:19:52        all      5.50      0.00      1.50      0.00      1.50     91.50
22:19:53        all      4.52      0.00      1.01      0.50      1.01     92.96
22:19:54        all     25.12      0.00      4.43      0.00      3.45     67.00
22:19:55        all      3.45      0.00      1.97      0.00      1.97     92.61
22:19:56        all     30.77      0.00      8.65      0.00     12.98     47.60
22:19:57        all     13.07      0.00      6.03      0.00      1.01     79.90
22:19:58        all      2.97      0.00      1.98      0.00      3.96     91.09
22:19:59        all      1.51      0.00      0.00      0.00      0.50     97.99
22:20:00        all      2.96      0.00      1.97      0.00      3.94     91.13
22:20:01        all     25.60      0.00      5.31      0.00     12.08     57.00
22:20:02        all      5.47      0.00      1.49      0.50      7.96     84.58
22:20:03        all      4.43      0.00      2.46      0.00      5.42     87.68
22:20:04        all     16.02      0.00      1.46      0.00     13.11     69.42
22:20:05        all     33.16      0.00     17.86      0.00     10.20     38.78
22:20:06        all      2.46      0.00      0.49      0.00      1.48     95.57
22:20:07        all      2.00      0.00      0.50      0.00      0.50     97.00
22:20:08        all     13.86      0.00      5.94      0.00      6.44     73.76
22:20:09        all     14.08      0.00      2.43      0.00     11.17     72.33
22:20:10        all     16.83      0.00      7.43      0.00     12.38     63.37
22:20:11        all     25.36      0.00      9.57      0.00     20.10     44.98
22:20:12        all     12.44      0.00      4.48      0.00      8.96     74.13
22:20:13        all      0.50      0.00      0.00      0.00      0.00     99.50
22:20:14        all      0.50      0.00      0.00      0.00      0.50     98.99
22:20:15        all      4.88      0.00      3.41      0.00      7.80     83.90
22:20:16        all     22.93      0.00      3.90      0.00     11.22     61.95
22:20:17        all     14.78      0.00      5.42      0.00     11.33     68.47
22:20:18        all      6.37      0.00      2.94      0.00      8.82     81.86
22:20:19        all     25.62      0.00     10.84      0.49     15.27     47.78
22:20:20        all      2.99      0.00      0.50      0.00      2.49     94.03
22:20:21        all     14.71      0.00      5.39      0.00     11.76     68.14
22:20:22        all     16.75      0.00      1.48      0.00      7.88     73.89
22:20:23        all     15.35      0.00      6.44      0.00      6.44     71.78
22:20:24        all     37.62      0.00     10.89      0.00     11.88     39.60
22:20:25        all      4.93      0.00      2.46      0.00      3.45     89.16
22:20:26        all      1.01      0.00      0.00      0.00      1.01     97.99
22:20:27        all      3.45      0.00      2.46      0.00      2.46     91.63
22:20:28        all     23.15      0.00      2.96      0.00     10.84     63.05
22:20:29        all      4.46      0.00      2.48      0.50      3.96     88.61
22:20:30        all     16.92      0.00      5.97      0.00      7.46     69.65
22:20:31        all     25.49      0.00      7.84      0.00     13.73     52.94
22:20:32        all      2.94      0.00      2.45      0.00      4.41     90.20
22:20:33        all      6.97      0.00      3.48      0.00      3.98     85.57
22:20:34        all     21.67      0.00      3.94      0.00      5.42     68.97
22:20:35        all     19.61      0.00      6.37      0.00      5.39     68.63
22:20:36        all     33.00      0.00      9.00      0.00      9.50     48.50
22:20:37        all      4.95      0.00      1.98      0.00      2.48     90.59
22:20:38        all      0.50      0.00      0.99      0.00      0.00     98.51
22:20:39        all      0.99      0.00      0.50      0.50      0.99     97.03
22:20:40        all      5.42      0.00      3.94      0.00      3.94     86.70
22:20:41        all     23.76      0.00      2.97      0.00      5.45     67.82
22:20:42        all     19.50      0.00      7.00      0.00      6.50     67.00
22:20:43        all     31.34      0.00      8.96      0.00      5.97     53.73
22:20:44        all      2.97      0.00      1.49      0.00      0.99     94.55
22:20:45        all      0.99      0.00      0.99      0.00      1.49     96.53
22:20:46        all      4.98      0.00      0.50      0.00      3.98     90.55
22:20:47        all     28.57      0.00      7.88      0.00     10.84     52.71
22:20:48        all      3.50      0.00      1.50      0.00      2.50     92.50
22:20:49        all     38.24      0.00     14.22      0.00     14.71     32.84
22:20:50        all     19.61      0.00      7.84      0.49     11.27     60.78
22:20:51        all      2.50      0.00      0.50      0.00      3.00     94.00
22:20:52        all      0.50      0.00      0.50      0.00      0.50     98.51
22:20:53        all      8.96      0.00      2.49      0.00      2.99     85.57
22:20:54        all     23.41      0.00      7.80      0.00     11.71     57.07
22:20:55        all     10.61      0.00      4.04      0.00      5.56     79.80
22:20:56        all     31.25      0.00      6.73      0.00     17.31     44.71
22:20:57        all     22.06      0.00     10.78      0.00     12.75     54.41
22:20:58        all      1.00      0.00      0.00      0.00      0.50     98.50
22:20:59        all      1.51      0.00      0.00      0.00      0.50     97.99
22:21:00        all      2.39      0.00      1.91      0.00      5.26     90.43
22:21:01        all     20.79      0.00      5.94      0.00      8.42     64.85
22:21:02        all      6.97      0.00      1.49      0.00      6.47     85.07
22:21:03        all     14.29      0.00      6.40      0.00     10.84     68.47
22:21:04        all     30.00      0.00      9.00      0.00      4.00     57.00
22:21:05        all      5.91      0.00      0.99      0.00      3.45     89.66
22:21:06        all      0.51      0.00      0.00      0.00      0.51     98.99
22:21:07        all      1.49      0.00      0.50      0.00      1.00     97.01
22:21:08        all     23.90      0.00      7.80      0.00     12.20     56.10
22:21:09        all     11.82      0.00      1.97      0.00      3.45     82.76
22:21:10        all     21.95      0.00      6.83      0.49     19.51     51.22
22:21:11        all     29.06      0.00      9.85      0.00     12.32     48.77
22:21:12        all      5.42      0.00      2.46      0.00      2.46     89.66
22:21:13        all      1.00      0.00      0.00      0.00      1.00     98.00
22:21:14        all      1.49      0.00      0.50      0.00      0.50     97.51
22:21:15        all     19.21      0.00      1.97      0.49      7.39     70.94
22:21:16        all     10.84      0.00      3.45      0.00      6.40     79.31
22:21:17        all     17.07      0.00      8.78      0.00     13.66     60.49
22:21:18        all     23.88      0.00      9.95      0.00      4.98     61.19
22:21:19        all      4.93      0.00      2.46      0.00      4.43     88.18
22:21:20        all      1.99      0.00      1.00      0.00      1.49     95.52
22:21:21        all      1.99      0.00      0.00      0.00      1.49     96.52
22:21:22        all     29.27      0.00      8.29      0.00     19.02     43.41
22:21:23        all      7.92      0.00      2.48      0.00      4.46     85.15
22:21:24        all     23.65      0.00      6.40      0.00     15.27     54.68
22:21:25        all     28.77      0.00     16.98      0.00     20.28     33.96
22:21:26        all      3.52      0.00      1.01      0.00      3.52     91.96
22:21:27        all      1.49      0.00      0.50      0.00      1.00     97.01
22:21:28        all      6.00      0.00      3.50      0.00      2.00     88.50
22:21:29        all     21.78      0.00      3.96      0.00      5.94     68.32
22:21:30        all     14.57      0.00      5.03      0.00      7.54     72.86
22:21:31        all     29.47      0.00      8.70      0.48     15.94     45.41
22:21:32        all     11.88      0.00      3.96      0.00      4.95     79.21
22:21:33        all      0.00      0.00      0.00      0.00      0.00    100.00
22:21:34        all      2.48      0.00      1.49      0.00      1.98     94.06
22:21:35        all     25.12      0.00      7.39      0.00      6.90     60.59
22:21:36        all      5.47      0.00      1.49      0.00      2.99     90.05
22:21:37        all     32.20      0.00     10.24      0.00      9.76     47.80
22:21:38        all     20.69      0.00      7.39      0.00      8.37     63.55
22:21:39        all      2.99      0.00      1.00      0.00      1.00     95.02
22:21:40        all      1.00      0.00      0.00      0.00      1.50     97.50
22:21:41        all      4.43      0.00      4.43      0.00      5.42     85.71
22:21:42        all     17.50      0.00      3.00      0.00      4.50     75.00
22:21:43        all     18.32      0.00      5.94      0.00      5.45     70.30
22:21:44        all      3.98      0.00      1.49      0.00      2.49     92.04
22:21:45        all     17.56      0.00      3.41      0.00     12.68     66.34
22:21:46        all     19.60      0.00      9.05      0.50      3.52     67.34
22:21:47        all      1.48      0.00      0.49      0.00      0.49     97.54
22:21:48        all     10.45      0.00      3.48      0.00      6.97     79.10
22:21:49        all     19.80      0.00      1.49      0.00      7.43     71.29
22:21:50        all     19.40      0.00      9.45      0.00     10.95     60.20
22:21:51        all     33.17      0.00      9.55      0.00     10.55     46.73
22:21:52        all      6.93      0.00      1.49      0.00      3.47     88.12
22:21:53        all      0.50      0.00      0.50      0.00      0.50     98.51
22:21:54        all      4.46      0.00      3.47      0.00      3.96     88.12
22:21:55        all     25.12      0.00      4.83      0.00     13.53     56.52
22:21:56        all     13.93      0.00      5.97      0.00      3.48     76.62
22:21:57        all     32.84      0.00      9.31      0.00     10.29     47.55
22:21:58        all     15.05      0.00      5.83      0.00      9.22     69.90
22:21:59        all      1.49      0.00      1.00      0.00      2.99     94.53
22:22:00        all      2.45      0.00      0.98      0.00      8.82     87.75
22:22:01        all      9.85      0.00      4.43      0.49      8.87     76.35
22:22:02        all     19.00      0.00      1.36      0.00     37.56     42.08
22:22:03        all     10.40      0.00      4.46      0.00      6.44     78.71
22:22:04        all      5.00      0.00      0.50      0.00      2.50     92.00
22:22:05        all      3.98      0.00      1.99      0.00      1.49     92.54
22:22:06        all     29.13      0.00     10.19      0.00     13.59     47.09
22:22:07        all      6.97      0.00      1.99      0.00      5.97     85.07
22:22:08        all     15.84      0.00      5.45      0.00      6.44     72.28
22:22:09        all     15.42      0.00      1.00      0.00      3.98     79.60
22:22:10        all     20.90      0.00      5.97      0.00      5.47     67.66
22:22:11        all     23.27      0.00      9.41      0.00      6.93     60.40
22:22:12        all      2.51      0.00      0.50      0.50      0.50     95.98
22:22:13        all      1.48      0.00      0.99      0.00      1.97     95.57
22:22:14        all      5.85      0.00      3.90      0.00      6.83     83.41
22:22:15        all     23.27      0.00      2.48      0.00      8.42     65.84
22:22:16        all     16.83      0.00      3.96      0.00      3.96     75.25
22:22:17        all     41.92      0.00     14.14      0.00      7.58     36.36
22:22:18        all      4.48      0.00      3.98      0.00      3.48     88.06
22:22:19        all      1.49      0.00      0.50      0.00      1.00     97.01
22:22:20        all      0.00      0.00      0.50      0.00      1.00     98.50
22:22:21        all      6.93      0.00      2.48      0.00      4.46     86.14
22:22:22        all     21.89      0.00      2.49      0.50      5.97     69.15
22:22:23        all      4.50      0.00      2.00      0.00      2.50     91.00
22:22:24        all     37.07      0.00     13.17      0.00     15.61     34.15
22:22:25        all     12.94      0.00      6.97      0.00      4.48     75.62
22:22:26        all      1.50      0.00      1.50      0.00      1.00     96.00
22:22:27        all      4.98      0.00      3.48      0.00      4.48     87.06
22:22:28        all     16.10      0.00      1.95      0.00      6.83     75.12
22:22:29        all     16.67      0.00      3.43      0.00     11.76     68.14
22:22:30        all      5.97      0.00      1.99      0.00      3.48     88.56
22:22:31        all     18.27      0.00      4.33      0.00     13.46     63.94
22:22:32        all     24.38      0.00      8.46      0.00      7.96     59.20
22:22:33        all      0.50      0.00      0.00      0.00      0.00     99.50
22:22:34        all      3.48      0.00      1.49      0.00      2.99     92.04
22:22:35        all     23.50      0.00      4.00      0.00      2.50     70.00
22:22:36        all      3.98      0.00      1.49      0.00      1.99     92.54
22:22:37        all     25.85      0.00      7.80      0.49     11.71     54.15
22:22:38        all     20.60      0.00      7.04      0.00      3.52     68.84
22:22:39        all      6.44      0.00      2.48      0.00      0.99     90.10
22:22:40        all      1.00      0.00      1.00      0.00      0.00     98.00
22:22:41        all      1.01      0.00      0.00      0.00      0.50     98.49
22:22:42        all      9.41      0.00      4.46      0.00      2.97     83.17
22:22:43        all     20.79      0.00      2.48      0.00      6.93     69.80
22:22:44        all     11.82      0.00      6.90      0.00     11.82     69.46
22:22:45        all     17.31      0.00      5.29      0.00     15.38     62.02
22:22:46        all     24.40      0.00     11.00      0.00     17.70     46.89
22:22:47        all      1.00      0.00      0.50      0.50      0.50     97.51
22:22:48        all      1.49      0.00      0.99      0.00      1.49     96.04
22:22:49        all     27.80      0.00      5.37      0.00      4.88     61.95
22:22:50        all      4.98      0.00      0.50      0.00      2.49     92.04
22:22:51        all     35.58      0.00     10.58      0.00     20.19     33.65
22:22:52        all     25.37      0.00     11.44      0.00     10.95     52.24
22:22:53        all      1.98      0.00      0.99      0.00      2.48     94.55
22:22:54        all      0.50      0.00      0.00      0.00      0.50     99.00
22:22:55        all      0.99      0.00      0.99      0.00      1.49     96.53
22:22:56        all     24.27      0.00      7.77      0.00     15.53     52.43
22:22:57        all      7.50      0.00      2.00      0.00      3.00     87.50
22:22:58        all     24.38      0.00      6.97      0.00      3.48     65.17
22:22:59        all     24.88      0.00      9.45      0.00     10.45     55.22
22:23:00        all      8.46      0.00      2.99      0.00      1.99     86.57
22:23:01        all      1.98      0.00      1.49      0.00      1.98     94.55
22:23:02        all      1.98      0.00      0.50      0.00      2.97     94.55
22:23:03        all      3.92      0.00      1.96      0.49      5.88     87.75
22:23:04        all     29.33      0.00      8.65      0.00     17.31     44.71
22:23:05        all      7.92      0.00      1.98      0.00      5.45     84.65
22:23:06        all     25.00      0.00      6.50      0.00      9.00     59.50
22:23:07        all     26.70      0.00      9.71      0.00      9.71     53.88
22:23:08        all      2.48      0.00      0.99      0.50      1.98     94.06
22:23:09        all      1.99      0.00      1.00      0.00      2.99     94.03
22:23:10        all      2.99      0.00      2.99      0.00      1.49     92.54
22:23:11        all     25.12      0.00      3.94      0.00     10.84     60.10
22:23:12        all     12.87      0.00      4.46      0.00      5.45     77.23
22:23:13        all     20.49      0.00      6.34      0.00     13.66     59.51
22:23:14        all     29.06      0.00     10.34      0.00     17.24     43.35
22:23:15        all      0.50      0.00      0.50      0.00      0.00     99.00
22:23:16        all      1.00      0.00      0.50      0.00      0.00     98.50
22:23:17        all      4.00      0.00      2.50      0.00      1.50     92.00
22:23:18        all     27.50      0.00      7.00      0.00      8.00     57.50
22:23:19        all      9.00      0.00      2.50      0.00      5.50     83.00
22:23:20        all     33.17      0.00     11.22      0.00      9.76     45.85
22:23:21        all     16.50      0.00      6.00      0.00      8.00     69.50
22:23:22        all      1.99      0.00      0.00      0.00      1.99     96.02
22:23:23        all      0.50      0.00      0.00      0.50      0.50     98.50
22:23:24        all      3.92      0.00      2.45      0.00      1.47     92.16
22:23:25        all     15.42      0.00      2.49      0.00      6.97     75.12
22:23:26        all     18.50      0.00      6.50      0.00      4.50     70.50
22:23:27        all      9.00      0.00      3.50      0.00      2.00     85.50
22:23:28        all     14.93      0.00      2.99      0.00      3.98     78.11
22:23:29        all     14.43      0.00      3.98      0.00      4.98     76.62
22:23:30        all      3.00      0.00      2.00      0.00      2.50     92.50
22:23:31        all     18.32      0.00      6.93      0.00      9.41     65.35
22:23:32        all     29.21      0.00      4.95      0.00      9.90     55.94
22:23:33        all      1.49      0.00      0.50      0.00      1.00     97.01
22:23:34        all     12.75      0.00      2.45      0.00     13.24     71.57
22:23:35        all     31.40      0.00     12.08      0.00     10.63     45.89
22:23:36        all      3.50      0.00      1.00      0.00      1.00     94.50
22:23:37        all      5.45      0.00      4.46      0.00      6.93     83.17
22:23:38        all     19.32      0.00      2.42      0.00     16.43     61.84
22:23:39        all     16.35      0.00      4.81      0.48     10.10     68.27
22:23:40        all      6.86      0.00      2.45      0.00     10.78     79.90
22:23:41        all     17.91      0.00      6.47      0.00     10.95     64.68
22:23:42        all     20.79      0.00      7.43      0.00      5.94     65.84
22:23:43        all      0.00      0.00      0.00      0.00      0.00    100.00
22:23:44        all      2.99      0.00      1.49      0.00      1.49     94.03
22:23:45        all      6.47      0.00      4.48      0.00      4.48     84.58
22:23:46        all     26.09      0.00      3.86      0.00     15.46     54.59
22:23:47        all     10.34      0.00      2.96      0.00      4.43     82.27
22:23:48        all     15.84      0.00      2.97      0.00      4.46     76.73
22:23:49        all     30.54      0.00     12.81      0.00      7.39     49.26
22:23:50        all      1.00      0.00      0.00      0.00      0.50     98.50
22:23:51        all      0.50      0.00      0.50      0.00      0.50     98.50
22:23:52        all      8.42      0.00      3.96      0.00      6.44     81.19
22:23:53        all     20.10      0.00      1.47      0.00     12.25     66.18
22:23:54        all     12.50      0.00      5.00      0.00      8.00     74.50
22:23:55        all     20.10      0.00      4.90      0.00     10.78     64.22
22:23:56        all     23.76      0.00      8.91      0.00     10.40     56.93
22:23:57        all      1.00      0.00      0.50      0.00      0.50     98.00
22:23:58        all      1.00      0.00      0.50      0.00      0.00     98.51
22:23:59        all      6.00      0.00      4.50      0.50      3.50     85.50
22:24:00        all     15.79      0.00      1.91      0.00     11.48     70.81
22:24:01        all     11.88      0.00      1.98      0.00      6.44     79.70
22:24:02        all     10.87      0.00     10.00      0.00     47.39     31.74
22:24:03        all     17.31      0.00      1.44      0.00     17.31     63.94
22:24:04        all     30.00      0.00     11.00      0.00     12.50     46.50
22:24:05        all      1.49      0.00      0.50      0.00      1.49     96.52
22:24:06        all      0.50      0.00      0.50      0.00      0.50     98.51
22:24:07        all     23.27      0.00      5.94      0.00      8.42     62.38
22:24:08        all     10.61      0.00      3.54      0.00      9.09     76.77
22:24:09        all     12.14      0.00      5.83      0.00     15.05     66.99
22:24:10        all     31.03      0.00      5.42      0.00     16.26     47.29
22:24:11        all     18.72      0.00      7.88      0.00     10.84     62.56
22:24:12        all      2.46      0.00      0.49      0.00      2.46     94.58
22:24:13        all      1.01      0.00      0.50      0.00      0.50     97.99
22:24:14        all      4.43      0.00      1.97      0.49      2.96     90.15
22:24:15        all     10.95      0.00      1.00      0.00      3.48     84.58
22:24:16        all     18.81      0.00      3.96      0.00      5.45     71.78
22:24:17        all      7.07      0.00      3.54      0.00      3.54     85.86
22:24:18        all      2.51      0.00      0.50      0.00      1.01     95.98
22:24:19        all     28.92      0.00     10.78      0.00     13.24     47.06
22:24:20        all     14.08      0.00      5.34      0.00      9.71     70.87
22:24:21        all      0.50      0.00      0.00      0.00      1.01     98.49
22:24:22        all      4.98      0.00      1.99      0.00      1.99     91.04
22:24:23        all     27.05      0.00      3.86      0.00     15.46     53.62
22:24:24        all     13.66      0.00      7.32      0.00     10.73     68.29
22:24:25        all     28.57      0.00      8.87      0.00     13.79     48.77
22:24:26        all     16.26      0.00      6.40      0.00      2.96     74.38
22:24:27        all      4.00      0.00      1.00      0.00      2.50     92.50
22:24:28        all      0.50      0.00      0.50      0.00      1.00     98.01
22:24:29        all      1.01      0.00      0.50      0.00      0.50     97.99
22:24:30        all     22.38      0.00      8.10      0.00     20.95     48.57
22:24:31        all     11.76      0.00      1.96      0.00      8.33     77.94
22:24:32        all     15.69      0.00      4.90      0.00      6.37     73.04
22:24:33        all     31.73      0.00      9.62      0.00     15.38     43.27
22:24:34        all      9.41      0.00      3.96      0.00      3.47     83.17
22:24:35        all      1.49      0.00      0.50      0.50      0.50     97.01
22:24:36        all      0.50      0.00      1.00      0.00      1.00     97.51
22:24:37        all     11.44      0.00      3.98      0.00      4.48     80.10
22:24:38        all     22.61      0.00      2.51      0.00      4.02     70.85
22:24:39        all     12.32      0.00      4.43      0.00      7.39     75.86
22:24:40        all     15.84      0.00      3.47      0.00      6.93     73.76
22:24:41        all     28.22      0.00      9.90      0.00     13.86     48.02
22:24:42        all      7.43      0.00      1.49      0.00      4.46     86.63
22:24:43        all      8.87      0.00      4.43      0.00      9.85     76.85
22:24:44        all     26.09      0.00      6.28      0.00     12.56     55.07
22:24:45        all     15.61      0.00      5.85      0.49     13.17     64.88
22:24:46        all     29.61      0.00      9.71      0.00     16.99     43.69
22:24:47        all     22.77      0.00      8.42      0.00      8.91     59.90
22:24:48        all      1.51      0.00      0.00      0.00      1.01     97.49
22:24:49        all      1.49      0.00      0.99      0.00      0.99     96.53
22:24:50        all      4.00      0.00      1.50      0.00      3.00     91.50
22:24:51        all     25.85      0.00      3.90      0.00      9.76     60.49
22:24:52        all     12.98      0.00      4.81      0.00     11.06     71.15
22:24:53        all     27.72      0.00      8.42      0.00     12.87     50.99
22:24:54        all     16.34      0.00      6.93      0.00      8.42     68.32
22:24:55        all      1.00      0.00      0.50      0.50      1.49     96.52
22:24:56        all      1.50      0.00      0.00      0.00      1.00     97.50
22:24:57        all      2.51      0.00      1.51      0.00      2.01     93.97
22:24:58        all     28.08      0.00      6.40      0.00      9.85     55.67
22:24:59        all      9.90      0.00      6.44      0.00      3.47     80.20
22:25:00        all     19.71      0.00      4.81      0.00     18.27     57.21
22:25:01        all     27.32      0.00     12.20      0.00     18.05     42.44
22:25:02        all      7.96      0.00      2.49      0.00      6.47     83.08
22:25:03        all      2.96      0.00      1.97      0.00      1.97     93.10
22:25:04        all      3.52      0.00      1.51      0.00      1.01     93.97
22:25:05        all     24.26      0.00      3.47      0.00      6.44     65.84
22:25:06        all      9.85      0.00      4.43      0.00     12.32     73.40
22:25:07        all      8.00      0.00      2.50      0.00      2.00     87.50
22:25:08        all     22.93      0.00      7.32      0.00     11.22     58.54
22:25:09        all     20.00      0.00     11.50      0.00      8.00     60.50
22:25:10        all      1.98      0.00      0.50      0.00      0.99     96.53
22:25:11        all      0.50      0.00      0.00      0.00      0.50     98.99
22:25:12        all     19.12      0.00      5.39      0.00     10.78     64.71
22:25:13        all     14.56      0.00      1.94      0.00     11.65     71.84
22:25:14        all     16.50      0.00      7.28      0.00     15.05     61.17
22:25:15        all     34.98      0.00     11.33      0.00     14.78     38.92
22:25:16        all      9.90      0.00      3.47      0.99      2.97     82.67
22:25:17        all      1.50      0.00      0.50      0.00      1.00     97.00
22:25:18        all      4.95      0.00      2.48      0.00      3.47     89.11
22:25:19        all     22.66      0.00      3.94      0.00     11.82     61.58
22:25:20        all      9.27      0.00      4.88      0.00     12.20     73.66
22:25:21        all     26.83      0.00     10.73      0.00     16.10     46.34
22:25:22        all     25.00      0.00      8.00      0.00     17.00     50.00
22:25:23        all      2.97      0.00      1.98      0.00      3.47     91.58
22:25:24        all      0.50      0.00      0.00      0.00      1.00     98.50
22:25:25        all      0.50      0.00      0.50      0.00      1.00     98.01
22:25:26        all     10.55      0.00      4.52      0.00      6.03     78.89
22:25:27        all     20.59      0.00      1.96      0.00     11.76     65.69
22:25:28        all     15.35      0.00      6.93      0.00     14.36     63.37
22:25:29        all     27.80      0.00      7.80      0.00     11.22     53.17
22:25:30        all     20.29      0.00      8.70      0.00      9.18     61.84
22:25:31        all      0.50      0.00      0.50      0.50      0.00     98.51
22:25:32        all      0.50      0.00      0.00      0.00      0.50     99.00
22:25:33        all      6.00      0.00      3.00      0.00      2.50     88.50
22:25:34        all     22.17      0.00      3.45      0.00      8.37     66.01
22:25:35        all     11.94      0.00      2.49      0.00      2.49     83.08
22:25:36        all      8.54      0.00      3.02      0.00      1.51     86.93
22:25:37        all     21.50      0.00      5.50      0.00      4.50     68.50
22:25:38        all     30.54      0.00     12.32      0.00     15.76     41.38
22:25:39        all      1.50      0.00      0.00      0.00      1.50     97.00
22:25:40        all      1.01      0.00      0.00      0.00      0.50     98.49
22:25:41        all      4.52      0.00      3.02      0.00      2.01     90.45
22:25:42        all     22.44      0.00      4.39      0.00     10.73     62.44
22:25:43        all     11.44      0.00      4.48      0.00      5.47     78.61
22:25:44        all      2.01      0.00      1.01      0.00      1.01     95.98
22:25:45        all     20.10      0.00      3.43      0.00     10.29     66.18
22:25:46        all     29.76      0.00     13.66      0.00     12.68     43.90
22:25:47        all      1.49      0.00      0.99      0.00      0.50     97.03
22:25:48        all      0.50      0.00      0.00      0.00      1.01     98.49
22:25:49        all      9.95      0.00      5.47      0.00     10.45     74.13
22:25:50        all     20.87      0.00      2.43      0.00     11.65     65.05
22:25:51        all     14.57      0.00      5.53      0.00      5.03     74.87
22:25:52        all      2.48      0.00      1.49      0.50      2.48     93.07
22:25:53        all     18.23      0.00      3.94      0.00      6.90     70.94
22:25:54        all     28.50      0.00     10.50      0.00     12.50     48.50
22:25:55        all      1.98      0.00      0.99      0.00      0.99     96.04
22:25:56        all     16.02      0.00      5.83      0.00     10.19     67.96
22:25:57        all     21.18      0.00      3.45      0.00      9.85     65.52
22:25:58        all     15.20      0.00      5.88      0.00      8.82     70.10
22:25:59        all      1.99      0.00      0.50      0.00      1.99     95.52
22:26:00        all      6.44      0.00      2.48      0.00      5.45     85.64
22:26:01        all     25.62      0.00      6.90      0.00     18.23     49.26
22:26:02        all     18.66      0.00      6.22      0.48     22.49     52.15
22:26:03        all      0.99      0.00      0.99      0.00      1.98     96.04
22:26:04        all      1.00      0.00      1.00      0.00      0.50     97.51
22:26:05        all     16.99      0.00      4.37      0.00     13.11     65.53
22:26:06        all      9.80      0.00      1.96      0.00      5.39     82.84
22:26:07        all     24.04      0.00      6.25      0.00     14.90     54.81
22:26:08        all     27.45      0.00     11.76      0.00     23.04     37.75
22:26:09        all     14.85      0.00      5.45      0.00      3.96     75.74
22:26:10        all      0.99      0.00      0.99      0.00      0.99     97.03
22:26:11        all      4.98      0.00      3.98      0.00      4.98     86.07
22:26:12        all     20.95      0.00      1.90      0.00     15.24     61.90
22:26:13        all     13.43      0.00      2.49      0.00      8.46     75.62
22:26:14        all      2.00      0.00      0.00      0.00      1.00     97.00
22:26:15        all     16.67      0.00      4.90      0.00      9.80     68.63
22:26:16        all     29.13      0.00     12.14      0.00     13.11     45.63
22:26:17        all      0.50      0.00      0.00      0.50      0.00     99.00
22:26:18        all      0.50      0.00      0.00      0.00      1.00     98.51
22:26:19        all     23.76      0.00      8.42      0.00     15.35     52.48
22:26:20        all     10.34      0.00      1.97      0.00      7.88     79.80
22:26:21        all      8.87      0.00      5.42      0.00      8.87     76.85
22:26:22        all     28.43      0.00     10.29      0.00     11.27     50.00
22:26:23        all     23.04      0.00      9.80      0.00      5.39     61.76
22:26:24        all      1.99      0.00      0.50      0.00      1.00     96.52
22:26:25        all      0.50      0.00      0.00      0.00      0.50     99.00
22:26:26        all      0.50      0.00      0.00      0.00      1.01     98.49
22:26:27        all      9.80      0.00      3.43      0.00      8.33     78.43
22:26:28        all     18.05      0.00      2.93      0.00     11.22     67.80
22:26:29        all     12.94      0.00      3.48      0.00      3.48     80.10
22:26:30        all     29.21      0.00      7.92      0.00      7.92     54.95
22:26:31        all     21.78      0.00     14.85      0.00      8.42     54.95
22:26:32        all      1.50      0.00      0.00      0.00      1.00     97.50
22:26:33        all      1.00      0.00      0.50      0.50      0.50     97.51
22:26:34        all      2.46      0.00      2.96      0.00      5.42     89.16
22:26:35        all     27.80      0.00      5.37      0.00     13.66     53.17
22:26:36        all      5.00      0.00      2.00      0.00      0.50     92.50
22:26:37        all      8.59      0.00      4.04      0.00      5.05     82.32
22:26:38        all      1.49      0.00      1.49      0.00      2.49     94.53
22:26:39        all     33.66      0.00     11.71      0.00      9.27     45.37
22:26:40        all     11.88      0.00      4.95      0.00      4.46     78.71
22:26:41        all      1.52      0.00      0.00      0.00      0.51     97.98
22:26:42        all     29.76      0.00      7.80      0.00     11.22     51.22
22:26:43        all      6.97      0.00      2.49      0.00      5.47     85.07
22:26:44        all     32.00      0.00      7.50      0.00      9.00     51.50
22:26:45        all     28.64      0.00     11.65      0.00     10.68     49.03
22:26:46        all      3.50      0.00      1.00      0.00      1.00     94.50
22:26:47        all      1.50      0.00      0.00      0.00      0.50     98.00
22:26:48        all      0.50      0.00      0.00      0.50      0.50     98.50
22:26:49        all      5.47      0.00      2.49      0.00      3.48     88.56
22:26:50        all     21.89      0.00      2.99      0.00      4.48     70.65
22:26:51        all     13.13      0.00      4.04      0.00      4.55     78.28
22:26:52        all     30.58      0.00      9.22      0.00      8.25     51.94
22:26:53        all     20.69      0.00      6.90      0.00      4.93     67.49
22:26:54        all      2.49      0.00      0.50      0.00      1.49     95.52
22:26:55        all      1.49      0.00      0.00      0.00      0.99     97.52
22:26:56        all     10.89      0.00      4.95      0.00      7.92     76.24
22:26:57        all     20.87      0.00      3.40      0.00      5.83     69.90
22:26:58        all     12.81      0.00      6.40      0.00     11.82     68.97
22:26:59        all      1.00      0.00      1.00      0.00      1.00     97.01
22:27:00        all      2.94      0.00      0.98      0.00      5.39     90.69
22:27:01        all     16.59      0.00      1.95      0.00      8.29     73.17
22:27:02        all     20.19      0.00      6.73      0.00     25.96     47.12
22:27:03        all     15.61      0.00      7.80      0.49     21.46     54.63
22:27:04        all      0.50      0.00      0.50      0.00      1.50     97.50
22:27:05        all     10.84      0.00      4.93      0.00      7.39     76.85
22:27:06        all     19.51      0.00      1.46      0.00      6.83     72.20
22:27:07        all     14.36      0.00      4.95      0.00      3.47     77.23
22:27:08        all      1.00      0.00      0.50      0.00      0.50     98.00
22:27:09        all     17.16      0.00      5.39      0.00      5.88     71.57
22:27:10        all     27.36      0.00      9.95      0.00      6.97     55.72
22:27:11        all      0.00      0.00      0.00      0.00      0.00    100.00
22:27:12        all      0.50      0.00      0.00      0.00      0.50     99.00
22:27:13        all     34.01      0.00     10.66      0.00      3.55     51.78
22:27:14        all      5.50      0.00      2.50      0.00      0.50     91.50
22:27:15        all     10.05      0.00      3.52      0.00      0.50     85.93
22:27:16        all     31.84      0.00      9.95      0.00      4.98     53.23
22:27:17        all     14.29      0.00      6.40      0.00      5.91     73.40
22:27:18        all      1.00      0.00      0.50      0.00      0.00     98.50
22:27:19        all      6.00      0.00      2.50      0.50      2.00     89.00
22:27:20        all     20.59      0.00      4.41      0.00      9.31     65.69
22:27:21        all     10.40      0.00      3.96      0.00      5.45     80.20
22:27:22        all     11.48      0.00      4.31      0.00     13.40     70.81
22:27:23        all     29.35      0.00     11.94      0.00     13.43     45.27
22:27:24        all     13.37      0.00      5.45      0.50      4.95     75.74
22:27:25        all      1.00      0.00      0.50      0.00      1.00     97.51
22:27:26        all      0.50      0.00      0.50      0.00      0.50     98.50
22:27:27        all      5.50      0.00      2.50      0.00      6.00     86.00
22:27:28        all     14.01      0.00      1.93      0.00     14.49     69.57
22:27:29        all     23.65      0.00      5.42      0.00     12.32     58.62
22:27:30        all      5.97      0.00      1.49      0.00      2.49     90.05
22:27:31        all     32.20      0.00      8.29      0.00      5.37     54.15
