Linux 5.10.234-225.910.amzn2.x86_64 (ip-10-0-186-236.us-west-2.compute.internal) 	03/25/25 	_x86_64_	(2 CPU)

22:13:14    kbmemfree kbmemused  %memused kbbuffers  kbcached  kbcommit   %commit  kbactive   kbinact   kbdirty
22:13:15      2811256   1132044     28.71      2088    900948    374784      9.50    179772    855140    172620
22:13:16      2710124   1233176     31.27      2088    904008    507576     12.87    179800    955272    175668
22:13:17      2727656   1215644     30.83      2088    913928    434064     11.01    179820    938104    185508
22:13:18      2658356   1284944     32.59      2088    913928    503204     12.76    179820   1007448    185508
22:13:19      2653064   1290236     32.72      2088    913928    508376     12.89    179820   1012532    173924
22:13:20      2653064   1290236     32.72      2088    913928    509656     12.92    179820   1013540    173948
22:13:21      2652056   1291244     32.75      2088    913928    510680     12.95    179820   1014504    173948
22:13:22      2648084   1295216     32.85      2088    914084    520212     13.19    179968   1018908    173952
22:13:23      2877432   1065868     27.03      2088    914072    284792      7.22    180296    788228    174144
22:13:24      2853936   1089364     27.63      2088    914076    314052      7.96    180296    813192    172628
22:13:25      2843264   1100036     27.90      2088    914088    324852      8.24    180296    824208    172640
22:13:26      2823328   1119972     28.40      2088    914096    345076      8.75    180296    844616    172648
22:13:27      2817752   1125548     28.54      2088    914104    343592      8.71    180296    844164    172656
22:13:28      2797484   1145816     29.06      2088    914108    371868      9.43    180296    869664    172660
22:13:29      2804488   1138812     28.88      2088    914132    343460      8.71    180296    843284    172784
22:13:30      2837564   1105736     28.04      2088    914156    325152      8.25    180296    828428    172808
22:13:31      2867144   1076156     27.29      2088    917688    294004      7.46    180296    798856    176340
22:13:32      2867500   1075800     27.28      2088    917752    293128      7.43    180296    797880    176404
22:13:33      2857968   1085332     27.52      2088    917760    304096      7.71    180296    807776    176412
22:13:34      2859968   1083332     27.47      2088    917772    303168      7.69    180296    806520    176416
22:13:35      2850644   1092656     27.71      2088    917780    312744      7.93    180296    815476    176424
22:13:36      2837532   1105768     28.04      2088    917788    327588      8.31    180296    828988    176432
22:13:37      2839496   1103804     27.99      2088    920464    322316      8.17    180296    826480    179108
22:13:38      2860164   1083136     27.47      2088    920492    300032      7.61    180296    805332    179148
22:13:39      2851852   1091448     27.68      2088    920496    302700      7.68    180296    808164     89660
22:13:40      2836052   1107248     28.08      2088    920504    319240      8.10    180296    824736     89668
22:13:41      2836096   1107204     28.08      2088    920516    319420      8.10    180296    825116     89680
22:13:42      2816828   1126472     28.57      2088    920520    340132      8.63    180296    843292     89684
22:13:43      2803952   1139348     28.89      2088    920524    353300      8.96    180296    857800     89688
22:13:44      2804664   1138636     28.88      2088    920540    350624      8.89    180296    855720     89704
22:13:45      2805968   1137332     28.84      2088    920548    352076      8.93    180296    856292     20664
22:13:46      2795628   1147672     29.10      2088    920560    360528      9.14    180296    865092     20680
22:13:47      2840988   1102312     27.95      2088    923256    312656      7.93    180388    818760     23376
22:13:48      2839728   1103572     27.99      2088    923268    314308      7.97    180388    820472     23388
22:13:49      2835144   1108156     28.10      2088    923276    317668      8.06    180388    823784     23396
22:13:50      2834552   1108748     28.12      2088    923288    319660      8.11    180388    824232      9132
22:13:51      2824200   1119100     28.38      2088    923288    330180      8.37    180388    835152      9132
22:13:52      2820816   1122484     28.47      2088    923300    332156      8.42    180388    837992      9144
22:13:53      2808896   1134404     28.77      2088    923312    345760      8.77    180388    850904      9156
22:13:54      2821844   1121456     28.44      2088    925992    330772      8.39    180388    838868     11836
22:13:55      2827444   1115856     28.30      2088    926020    325048      8.24    180388    834140     11824
22:13:56      2819648   1123652     28.50      2088    926028    333452      8.46    180388    841132     11832
22:13:57      2820412   1122888     28.48      2088    926028    334812      8.49    180388    842312     11832
22:13:58      2806040   1137260     28.84      2088    926040    348688      8.84    180388    854624     11844
22:13:59      2807428   1135872     28.81      2088    926040    348836      8.85    180388    854944     11844
22:14:00      2803780   1139520     28.90      2088    926052    342744      8.69    180388    851092     11752
22:14:01      2819960   1123340     28.49      2088    926076    332304      8.43    180388    841332     11776
22:14:02      2810828   1132472     28.72      2088    926080    343388      8.71    180388    851228     11780
22:14:03      2808856   1134444     28.77      2088    926084    345972      8.77    180388    853688     11784
22:14:04      2800036   1143264     28.99      2088    926088    352604      8.94    180388    862656     11788
22:14:05      2823772   1119528     28.39      2088    928788    325772      8.26    180388    837296     10936
22:14:06      2829000   1114300     28.26      2088    928800    321076      8.14    180388    832528     10948
22:14:07      2830000   1113300     28.23      2088    928808    321328      8.15    180388    832248     10956
22:14:08      2814368   1128932     28.63      2088    928812    337196      8.55    180388    847188     10960
22:14:09      2802524   1140776     28.93      2088    928824    350828      8.90    180388    859004     10972
22:14:10      2800312   1142988     28.99      2088    928824    352976      8.95    180388    862752      8292
22:14:11      2820148   1123152     28.48      2088    931512    327180      8.30    180388    840860     10980
22:14:12      2814896   1128404     28.62      2088    931536    333428      8.46    180388    845856     11008
22:14:13      2800244   1143056     28.99      2088    931552    349440      8.86    180388    861552     11024
22:14:14      2801824   1141476     28.95      2088    931552    349044      8.85    180388    860980     11024
22:14:15      2784864   1158436     29.38      2088    931564    363236      9.21    180388    875620     11036
22:14:16      2790600   1152700     29.23      2088    931568    360092      9.13    180388    872480     10668
22:14:17      2782348   1160952     29.44      2088    931580    354936      9.00    180388    868204     10688
22:14:18      2816556   1126744     28.57      2088    934268    325976      8.27    180388    844488     13376
22:14:19      2811528   1131772     28.70      2088    934284    332316      8.43    180388    850588     13392
22:14:20      2806776   1136524     28.82      2088    934292    337852      8.57    180388    854184     13400
22:14:21      2790892   1152408     29.22      2088    934300    354936      9.00    180388    870360     10744
22:14:22      2778528   1164772     29.54      2088    934312    369264      9.36    180388    883544     10756
22:14:23      2767764   1175536     29.81      2088    934316    379824      9.63    180388    895248     10760
22:14:24      2780324   1162976     29.49      2088    934340    355596      9.02    180388    872968     10784
22:14:25      2804744   1138556     28.87      2088    934364    337608      8.56    180388    856196     10808
22:14:26      2811156   1132144     28.71      2088    937040    329400      8.35    180388    850064     10832
22:14:27      2811156   1132144     28.71      2088    937056    329284      8.35    180388    849908     10848
22:14:28      2810400   1132900     28.73      2088    937064    331040      8.39    180388    851116     10856
22:14:29      2805360   1137940     28.86      2088    937076    338652      8.59    180388    856716     10968
22:14:30      2804776   1138524     28.87      2088    937080    337904      8.57    180388    857112     10972
22:14:31      2807420   1135880     28.81      2088    939760    332496      8.43    180388    855104     13652
22:14:32      2807360   1135940     28.81      2088    939780    331692      8.41    180388    854584     13672
22:14:33      2806644   1136656     28.82      2088    939780    332720      8.44    180388    855828     13672
22:14:34      2795800   1147500     29.10      2088    939792    345968      8.77    180388    867212     13684
22:14:35      2784712   1158588     29.38      2088    939804    357904      9.08    180388    878960     13696
22:14:36      2784240   1159060     29.39      2088    939804    358184      9.08    180388    878880     11032
22:14:37      2782272   1161028     29.44      2088    939828    339104      8.60    180388    861448     11056
22:14:38      2802460   1140840     28.93      2088    939832    334312      8.48    180388    858352     11060
22:14:39      2802492   1140808     28.93      2088    939848    334400      8.48    180388    858684     11076
22:14:40      2796380   1146920     29.09      2088    939860    345704      8.77    180388    866536     11088
22:14:41      2794836   1148464     29.12      2088    939864    341588      8.66    180388    865404     11092
22:14:42      2792444   1150856     29.19      2088    942548    343148      8.70    180388    868336     13776
22:14:43      2786112   1157188     29.35      2088    942556    352588      8.94    180388    877500     13784
22:14:44      2778880   1164420     29.53      2088    942568    362432      9.19    180388    885368     13796
22:14:45      2775624   1167676     29.61      2088    942572    362964      9.20    180388    885784     13800
22:14:46      2783124   1160176     29.42      2088    945256    350904      8.90    180388    878816     13460
22:14:47      2776624   1166676     29.59      2088    945268    359728      9.12    180388    884776     13472
22:14:48      2776876   1166424     29.58      2088    945280    356840      9.05    180388    882220     13484
22:14:49      2770972   1172328     29.73      2088    945284    369148      9.36    180388    892908     13488
22:14:50      2780284   1163016     29.49      2088    947972    353104      8.95    180388    881664     16176
22:14:51      2778112   1165188     29.55      2088    947980    354244      8.98    180388    882972     13508
22:14:52      2772568   1170732     29.69      2088    947988    361160      9.16    180388    889520     13524
22:14:53      2768372   1174928     29.80      2088    948000    365380      9.27    180388    892204     13536
22:14:54      2773020   1170280     29.68      2088    950608    358168      9.08    180388    889068     16144
22:14:55      2766536   1176764     29.84      2088    950696    364432      9.24    180388    895396     16232
22:14:56      2769496   1173804     29.77      2088    950716    363884      9.23    180388    893244     13588
22:14:57      2761168   1182132     29.98      2088    950716    367216      9.31    180388    898792     13588
22:14:58      2770040   1173260     29.75      2088    953408    358084      9.08    180388    891808     16280
22:14:59      2767788   1175512     29.81      2088    953412    358936      9.10    180388    892824     16284
22:15:00      2767016   1176284     29.83      2088    953424    359932      9.13    180388    893860     16296
22:15:01      2767520   1175780     29.82      2088    953428    361560      9.17    180388    895164     16300
22:15:02      2764436   1178864     29.90      2088    953432    363608      9.22    180388    896032     13528
22:15:03      2760952   1182348     29.98      2088    953444    368628      9.35    180388    902592     13540
22:15:04      2764724   1178576     29.89      2088    956116    359508      9.12    180388    896824     16212
22:15:05      2763936   1179364     29.91      2088    956128    360776      9.15    180388    898428     16224
22:15:06      2756408   1186892     30.10      2088    956136    367796      9.33    180388    904944     16232
22:15:07      2759100   1184200     30.03      2088    956148    368004      9.33    180388    903300     16244
22:15:08      2756564   1186736     30.09      2088    956148    366672      9.30    180388    904040     16244
22:15:09      2760440   1182860     30.00      2088    958824    361604      9.17    180388    900940     18928
22:15:10      2749292   1194008     30.28      2088    958844    375352      9.52    180388    913968     18948
22:15:11      2756880   1186420     30.09      2088    958860    369188      9.36    180388    905168     18964
22:15:12      2754104   1189196     30.16      2088    958860    371140      9.41    180388    909432     18964
22:15:13      2738512   1204788     30.55      2088    961536    383240      9.72    180388    924040     21640
22:15:14      2753204   1190096     30.18      2088    961552    366776      9.30    180388    908116     21656
22:15:15      2748116   1195184     30.31      2088    961556    374008      9.48    180388    915028     21664
22:15:16      2748620   1194680     30.30      2088    961572    374916      9.51    180388    914080     21680
22:15:17      2739360   1203940     30.53      2088    961572    382304      9.70    180388    921640     16016
22:15:18      2727200   1216100     30.84      2088    961580    388508      9.85    180388    929472     16024
22:15:19      2745588   1197712     30.37      2088    964264    370828      9.40    180388    915492     18708
22:15:20      2744768   1198532     30.39      2088    964268    372032      9.43    180388    916556     18712
22:15:21      2742252   1201048     30.46      2088    964280    374996      9.51    180388    918892     18724
22:15:22      2744240   1199060     30.41      2088    964284    376624      9.55    180388    919456     16048
22:15:23      2735936   1207364     30.62      2088    964284    383052      9.71    180388    926120     16056
22:15:24      2742276   1201024     30.46      2088    966968    372272      9.44    180388    919180     18740
22:15:25      2743540   1199760     30.43      2088    966976    372008      9.43    180388    918984     18748
22:15:26      2740912   1202388     30.49      2088    966980    373300      9.47    180388    920196     18752
22:15:27      2730936   1212364     30.74      2088    966984    383192      9.72    180388    929628     16092
22:15:28      2735956   1207344     30.62      2088    966996    380460      9.65    180388    926480     16104
22:15:29      2720560   1222740     31.01      2088    966996    400732     10.16    180388    942504     16104
22:15:30      2736460   1206840     30.60      2088    969684    374764      9.50    180388    924276     18792
22:15:31      2736460   1206840     30.60      2088    969692    376668      9.55    180388    926748     18800
22:15:32      2733436   1209864     30.68      2088    969708    378796      9.61    180388    928272     16152
22:15:33      2731344   1211956     30.73      2088    969708    383392      9.72    180388    930792     16152
22:15:34      2724684   1218616     30.90      2088    969720    388812      9.86    180388    937760     16164
22:15:35      2732412   1210888     30.71      2088    972392    377592      9.58    180388    928888     18836
22:15:36      2732160   1211140     30.71      2088    972404    377376      9.57    180388    929572     18848
22:15:37      2729640   1213660     30.78      2088    972404    380156      9.64    180388    932356     16248
22:15:38      2715784   1227516     31.13      2088    972408    393516      9.98    180388    945052     16188
22:15:39      2723920   1219380     30.92      2088    972416    384776      9.76    180388    936788     16196
22:15:40      2719048   1224252     31.05      2088    972428    394092      9.99    180388    944388     16208
22:15:41      2714496   1228804     31.16      2088    972428    399124     10.12    180388    949584     16208
22:15:42      2721752   1221548     30.98      2088    975120    384312      9.75    180388    939544     18900
22:15:43      2722308   1220992     30.96      2088    975124    385300      9.77    180388    940632     16232
22:15:44      2711788   1231512     31.23      2088    975128    395436     10.03    180388    950072     16236
22:15:45      2712040   1231260     31.22      2088    975140    397564     10.08    180388    950380     16248
22:15:46      2707748   1235552     31.33      2088    975140    400520     10.16    180388    954500     16248
22:15:47      2671144   1272156     32.26      2088    977156    436352     11.07    180388    992548     18272
22:15:48      2714048   1229252     31.17      2088    977840    390256      9.90    180388    947600     16024
22:15:49      2709048   1234252     31.30      2088    977844    395776     10.04    180388    953004     16028
22:15:50      2708748   1234552     31.31      2088    977856    396116     10.05    180388    951612     16040
22:15:51      2701684   1241616     31.49      2088    977860    405220     10.28    180388    960712     16044
22:15:52      2710764   1232536     31.26      2088    980540    390588      9.91    180388    950604     18724
22:15:53      2710008   1233292     31.28      2088    980548    390004      9.89    180388    950792     16052
22:15:54      2710204   1233096     31.27      2088    980552    391400      9.93    180388    951984     16064
22:15:55      2709208   1234092     31.30      2088    980552    391560      9.93    180388    952096     16064
22:15:56      2703992   1239308     31.43      2088    980556    398400     10.10    180388    958732     16068
22:15:57      2704160   1239140     31.42      2088    980564    397808     10.09    180388    958008     16076
22:15:58      2698164   1245136     31.58      2088    980572    407296     10.33    180388    965216     13420
22:15:59      2694636   1248664     31.67      2088    980572    409944     10.40    180388    968368     13420
22:16:00      2703936   1239364     31.43      2088    983264    394800     10.01    180388    957404     16112
22:16:01      2702928   1240372     31.46      2088    983268    395476     10.03    180388    958344     16116
22:16:02      2699096   1244204     31.55      2088    983268    399020     10.12    180388    961832     16116
22:16:03      2695556   1247744     31.64      2088    983272    403336     10.23    180388    966492     13460
22:16:04      2692100   1251200     31.73      2088    983284    409112     10.37    180388    970024     13472
22:16:05      2694320   1248980     31.67      2088    983284    407524     10.33    180388    968424     13472
22:16:06      2674136   1269164     32.19      2088    985960    422552     10.72    180388    987380     16148
22:16:07      2700344   1242956     31.52      2088    985976    395868     10.04    180388    961712     16164
22:16:08      2700344   1242956     31.52      2088    985980    396044     10.04    180388    961772     13504
22:16:09      2691736   1251564     31.74      2088    985980    403984     10.24    180388    969056     13504
22:16:10      2690012   1253288     31.78      2088    985984    406888     10.32    180388    971968     13508
22:16:11      2691272   1252028     31.75      2088    985996    406092     10.30    180388    969616     13520
22:16:12      2684776   1258524     31.92      2088    985996    412756     10.47    180388    977084     13520
22:16:13      2682256   1261044     31.98      2088    986000    415128     10.53    180388    979860     10860
22:16:14      2691288   1252012     31.75      2088    988692    400712     10.16    180388    969552     13552
22:16:15      2690960   1252340     31.76      2088    988696    401536     10.18    180388    970444     13556
22:16:16      2687960   1255340     31.83      2088    988704    403184     10.22    180388    972348     13564
22:16:17      2687508   1255792     31.85      2088    988720    407876     10.34    180388    974108     13580
22:16:18      2681660   1261640     31.99      2088    988720    415176     10.53    180388    981724     10676
22:16:19      2678648   1264652     32.07      2088    991392    413984     10.50    180388    984628     13348
22:16:20      2686964   1256336     31.86      2088    991408    402264     10.20    180388    973708     13372
22:16:21      2687468   1255832     31.85      2088    991412    402116     10.20    180388    973892     13376
22:16:22      2686700   1256600     31.87      2088    991416    404024     10.25    180388    975476     13380
22:16:23      2676596   1266704     32.12      2088    991432    416064     10.55    180388    985180     10796
22:16:24      2682196   1261104     31.98      2088    991432    411144     10.43    180388    979640     10732
22:16:25      2676332   1266968     32.13      2088    991432    413508     10.49    180388    984392     10832
22:16:26      2682680   1260620     31.97      2088    994112    404144     10.25    180388    978412     13512
22:16:27      2682680   1260620     31.97      2088    994124    403852     10.24    180388    978064     13524
22:16:28      2681940   1261360     31.99      2088    994128    404856     10.27    180388    979320     13528
22:16:29      2674808   1268492     32.17      2088    994136    413252     10.48    180388    986812     13528
22:16:30      2677136   1266164     32.11      2088    994144    414992     10.52    180388    986392     13540
22:16:31      2670264   1273036     32.28      2088    994148    418320     10.61    180388    990868     13544
22:16:32      2675252   1268048     32.16      2088    996836    410076     10.40    180388    985908     16232
22:16:33      2678640   1264660     32.07      2088    996840    407424     10.33    180388    983380     16236
22:16:34      2676876   1266424     32.12      2088    996840    409196     10.38    180388    985576     13568
22:16:35      2664712   1278588     32.42      2088    996844    421464     10.69    180388    997408     13572
22:16:36      2669308   1273992     32.31      2088    996856    419180     10.63    180388    993548     13584
22:16:37      2664968   1278332     32.42      2088    996860    420492     10.66    180388    996128     13588
22:16:38      2672820   1270480     32.22      2088    999540    409584     10.39    180388    988260     16268
22:16:39      2673072   1270228     32.21      2088    999556    409268     10.38    180388    988436     13620
22:16:40      2671332   1271968     32.26      2088    999560    412136     10.45    180388    991360     13624
22:16:41      2658400   1284900     32.58      2088    999560    425324     10.79    180388   1004088     13624
22:16:42      2656220   1287080     32.64      2088    999576    429852     10.90    180388   1006852     13640
22:16:43      2658640   1284660     32.58      2088    999576    423712     10.75    180388   1002900     13640
22:16:44      2664984   1278316     32.42      2088   1002256    413328     10.48    180388    995920     13656
22:16:45      2636360   1306940     33.14      2088   1019792    465960     11.82    180496   1024900     13756
22:16:46      2631632   1311668     33.26      2088   1019800    470756     11.94    180496   1029328     13764
22:16:47      2626888   1316412     33.38      2088   1019808    475540     12.06    180496   1033212     13772
22:16:48      2625176   1318124     33.43      2088   1019816    477336     12.10    180496   1035288     13780
22:16:49      2580292   1363008     34.57      2088   1022428    519244     13.17    180496   1079552     16144
22:16:50      2630216   1313084     33.30      2088   1022504    469196     11.90    180496   1029884     16220
22:16:51      2629964   1313336     33.31      2088   1022508    469516     11.91    180496   1030380     16224
22:16:52      2625680   1317620     33.41      2088   1022512    474412     12.03    180496   1035068     16232
22:16:53      2620892   1322408     33.54      2088   1022532    480008     12.17    180496   1038520     16252
22:16:54      2611956   1331344     33.76      2088   1022532    489212     12.41    180496   1048024     13580
22:16:55      2622584   1320716     33.49      2088   1025212    477572     12.11    180500   1037160     16260
22:16:56      2621640   1321660     33.52      2088   1025220    476708     12.09    180500   1039308     16268
22:16:57      2616096   1327204     33.66      2088   1025228    479840     12.17    180500   1044696     16276
22:16:58      2607020   1336280     33.89      2088   1025232    494968     12.55    180496   1054644     16280
22:16:59      2608512   1334788     33.85      2088   1025244    493032     12.50    180496   1051276     13472
22:17:00      2594368   1348932     34.21      2088   1025248    505168     12.81    180496   1062256     13476
22:17:01      2613644   1329656     33.72      2088   1027924    482920     12.25    180496   1046208     16152
22:17:02      2612844   1330456     33.74      2088   1027940    484184     12.28    180496   1047444     16168
22:17:03      2612088   1331212     33.76      2088   1027940    484000     12.27    180496   1047612     16168
22:17:04      2610820   1332480     33.79      2088   1027940    486008     12.32    180496   1049548     13496
22:17:05      2603212   1340088     33.98      2088   1027944    494472     12.54    180496   1056768     13504
22:17:06      2605064   1338236     33.94      2088   1027960    495036     12.55    180496   1055408     13520
22:17:07      2600244   1343056     34.06      2088   1027960    499260     12.66    180496   1059848     13520
22:17:08      2595456   1347844     34.18      2088   1027960    504392     12.79    180496   1066216     13528
22:17:09      2604960   1338340     33.94      2088   1030644    488316     12.38    180496   1054784     16212
22:17:10      2604268   1339032     33.96      2088   1030652    490004     12.43    180496   1056588     13556
22:17:11      2594880   1348420     34.20      2088   1030720    499400     12.66    180500   1065148     13560
22:17:12      2596700   1346600     34.15      2088   1030736    499332     12.66    180500   1063452     13576
22:17:13      2584348   1358952     34.46      2088   1030736    511220     12.96    180500   1075480     13576
22:17:14      2599212   1344088     34.09      2088   1033416    491380     12.46    180500   1060280     16256
22:17:15      2599716   1343584     34.07      2088   1033428    491768     12.47    180500   1060576     13604
22:17:16      2596188   1347112     34.16      2088   1033432    494652     12.54    180500   1063552     13608
22:17:17      2588324   1354976     34.36      2088   1033436    502696     12.75    180500   1071044     13612
22:17:18      2596376   1346924     34.16      2088   1033448    500704     12.70    180500   1065092     13624
22:17:19      2590284   1353016     34.31      2088   1033448    505208     12.81    180500   1070160     13624
22:17:20      2592264   1351036     34.26      2088   1036124    500284     12.69    180500   1067656     13344
22:17:21      2596896   1346404     34.14      2088   1036140    495952     12.58    180500   1063404     13360
22:17:22      2594880   1348420     34.20      2088   1036144    498452     12.64    180500   1066048     13364
22:17:23      2587068   1356232     34.39      2088   1036144    505704     12.82    180500   1072440     13364
22:17:24      2587308   1355992     34.39      2088   1036156    504868     12.80    180500   1071916     13376
22:17:25      2585556   1357744     34.43      2088   1036164    510588     12.95    180500   1075976     13380
22:17:26      2586560   1356740     34.41      2088   1036172    505740     12.83    180500   1073076     13388
22:17:27      2591344   1351956     34.28      2088   1038852    497508     12.62    180500   1067688     16068
22:17:28      2592100   1351200     34.27      2088   1038864    497900     12.63    180500   1068492     16080
22:17:29      2589988   1353312     34.32      2088   1038864    500720     12.70    180500   1071400     16080
22:17:30      2583528   1359772     34.48      2088   1038880    504792     12.80    180500   1074640     13424
22:17:31      2579940   1363360     34.57      2088   1038888    510724     12.95    180500   1080352     13436
22:17:32      2554476   1388824     35.22      2088   1041496    531848     13.49    180500   1105080     16044
22:17:33      2586036   1357264     34.42      2088   1041572    500088     12.68    180500   1073356     16120
22:17:34      2586036   1357264     34.42      2088   1041580    500488     12.69    180500   1073968     16128
22:17:35      2583264   1360036     34.49      2088   1041584    503500     12.77    180500   1077040     13460
22:17:36      2574172   1369128     34.72      2088   1041584    513604     13.02    180500   1086340     13460
22:17:37      2569960   1373340     34.83      2088   1041596    520628     13.20    180500   1089692     13476
22:17:38      2567396   1375904     34.89      2088   1041600    521360     13.22    180500   1092680     13480
22:17:39      2569236   1374064     34.85      2088   1041604    516996     13.11    180500   1090056     13484
22:17:40      2577060   1366240     34.65      2088   1044292    506536     12.85    180500   1082364     13500
22:17:41      2576304   1366996     34.67      2088   1044296    508380     12.89    180500   1084216     13504
22:17:42      2568484   1374816     34.86      2088   1044304    515552     13.07    180500   1090956     13512
22:17:43      2567704   1375596     34.88      2088   1044312    518204     13.14    180500   1092356     13520
22:17:44      2567444   1375856     34.89      2088   1046924    512516     13.00    180500   1091792     16132
22:17:45      2568424   1374876     34.87      2088   1047004    511856     12.98    180500   1091200     13612
22:17:46      2572004   1371296     34.78      2088   1047008    507968     12.88    180500   1087136     13552
22:17:47      2569596   1373704     34.84      2088   1047012    510380     12.94    180500   1089688     13556
22:17:48      2560088   1383212     35.08      2088   1047016    520544     13.20    180500   1099036     13560
22:17:49      2564436   1378864     34.97      2088   1047028    519812     13.18    180500   1096428     13572
22:17:50      2565428   1377872     34.94      2088   1047032    515744     13.08    180500   1093592     13576
22:17:51      2567452   1375848     34.89      2088   1049708    511404     12.97    180504   1091688     13344
22:17:52      2563420   1379880     34.99      2088   1049724    514200     13.04    180504   1095648     13360
22:17:53      2558116   1385184     35.13      2088   1049724    520480     13.20    180504   1101572     13360
22:17:54      2558632   1384668     35.11      2088   1049740    521300     13.22    180504   1100812     13376
22:17:55      2558380   1384920     35.12      2088   1049740    522128     13.24    180504   1101868     13376
22:17:56      2551724   1391576     35.29      2088   1049740    525536     13.33    180504   1107440     13384
22:17:57      2553228   1390072     35.25      2088   1052420    521620     13.23    180504   1106228     16064
22:17:58      2558868   1384432     35.11      2088   1052432    515424     13.07    180504   1100044     16076
22:17:59      2558296   1385004     35.12      2088   1052436    517380     13.12    180504   1101928     16080
22:18:00      2554584   1388716     35.22      2088   1052436    521696     13.23    180504   1105108     16080
22:18:01      2551752   1391548     35.29      2088   1052452    524540     13.30    180504   1107148     13428
22:18:02      2551732   1391568     35.29      2088   1052452    524536     13.30    180504   1107044     13432
22:18:03      2555580   1387720     35.19      2088   1052456    520476     13.20    180504   1104480     13436
22:18:04      2513940   1429360     36.25      2088   1055128    558608     14.17    180504   1144848     16108
22:18:05      2554072   1389228     35.23      2088   1055140    518460     13.15    180504   1105212     16120
22:18:06      2554072   1389228     35.23      2088   1055148    518460     13.15    180504   1105064     13456
22:18:07      2551720   1391580     35.29      2088   1055152    521240     13.22    180504   1107828     13464
22:18:08      2549284   1394016     35.35      2088   1055156    523508     13.28    180504   1110204     13468
22:18:09      2550544   1392756     35.32      2088   1055168    524348     13.30    180504   1109504     13480
22:18:10      2546952   1396348     35.41      2088   1055172    526144     13.34    180504   1111140     13484
22:18:11      2465368   1477932     37.48      2088   1055880    609756     15.46    180504   1195372     11524
22:18:12      2549536   1393764     35.35      2088   1057848    520396     13.20    180504   1109560     13492
22:18:13      2546764   1396536     35.42      2088   1057860    523560     13.28    180504   1113184     13508
22:18:14      2540652   1402648     35.57      2088   1057868    530144     13.44    180504   1119708     13516
22:18:15      2540464   1402836     35.58      2088   1057880    531140     13.47    180504   1118576     13528
22:18:16      2539456   1403844     35.60      2088   1057884    533724     13.53    180504   1121596     10868
22:18:17      2490308   1452992     36.85      2088   1060556    577764     14.65    180504   1169608     13540
22:18:18      2544488   1398812     35.47      2088   1060572    522556     13.25    180504   1115256     13556
22:18:19      2543732   1399568     35.49      2088   1060576    522944     13.26    180504   1115556     13560
22:18:20      2539196   1404104     35.61      2088   1060584    528116     13.39    180504   1120608     13568
22:18:21      2536424   1406876     35.68      2088   1060596    535280     13.57    180504   1124716     10684
22:18:22      2533276   1410024     35.76      2088   1060600    535276     13.57    180504   1124744     10688
22:18:23      2520548   1422752     36.08      2088   1060608    548244     13.90    180504   1139744     10696
22:18:24      2538684   1404616     35.62      2088   1063276    525392     13.32    180504   1120332     13364
22:18:25      2538448   1404852     35.63      2088   1063292    526388     13.35    180504   1121512     13380
22:18:26      2535928   1407372     35.69      2088   1063296    528988     13.41    180504   1124228     13376
22:18:27      2527824   1415476     35.90      2088   1063308    538968     13.67    180504   1131712     13388
22:18:28      2523076   1420224     36.02      2088   1063312    541820     13.74    180504   1134004     13392
22:18:29      2500144   1443156     36.60      2088   1063316    565068     14.33    180504   1159764     13404
22:18:30      2532392   1410908     35.78      2088   1065996    528448     13.40    180504   1126652     16084
22:18:31      2532392   1410908     35.78      2088   1066000    528416     13.40    180504   1126724     13488
22:18:32      2529484   1413816     35.85      2088   1066008    531684     13.48    180504   1129952     13536
22:18:33      2524064   1419236     35.99      2088   1066016    538256     13.65    180504   1136128     13544
22:18:34      2523368   1419932     36.01      2088   1066024    541568     13.73    180504   1137792     13552
22:18:35      2506468   1436832     36.44      2088   1066024    556920     14.12    180504   1152164     13552
22:18:36      2524588   1418712     35.98      2088   1068704    535408     13.58    180504   1135272     16232
22:18:37      2523360   1419940     36.01      2088   1068720    536856     13.61    180504   1136864     13572
22:18:38      2513224   1430076     36.27      2088   1068728    545668     13.84    180504   1146056     13588
22:18:39      2514384   1428916     36.24      2088   1068736    545816     13.84    180504   1144472     13596
22:18:40      2508236   1435064     36.39      2088   1068740    551828     13.99    180504   1150972     13600
22:18:41      2511456   1431844     36.31      2088   1071348    544080     13.80    180504   1147564     16208
22:18:42      2517044   1426256     36.17      2088   1071428    538688     13.66    180504   1142460     13624
22:18:43      2517208   1426092     36.16      2088   1071440    538816     13.66    180504   1142604     13636
22:18:44      2511068   1432232     36.32      2088   1071456    549620     13.94    180504   1150256     13652
22:18:45      2510232   1433068     36.34      2088   1071456    549768     13.94    180504   1150264     13652
22:18:46      2495804   1447496     36.71      2088   1074128    559272     14.18    180504   1164724     16324
22:18:47      2515012   1428288     36.22      2088   1074140    538816     13.66    180504   1144292     16332
22:18:48      2514004   1429296     36.25      2088   1074148    539336     13.68    180504   1145356     16340
22:18:49      2502916   1440384     36.53      2088   1074152    551212     13.98    180504   1157044     16344
22:18:50      2501656   1441644     36.56      2088   1074152    552612     14.01    180504   1158432     16344
22:18:51      2502864   1440436     36.53      2088   1074164    552120     14.00    180504   1155924     16356
22:18:52      2495608   1447692     36.71      2088   1074168    561192     14.23    180524   1164644     13448
22:18:53      2500340   1442960     36.59      2088   1074172    551824     13.99    180524   1157348     13452
22:18:54      2507200   1436100     36.42      2088   1076860    543084     13.77    180524   1151732     16140
22:18:55      2505940   1437360     36.45      2088   1076864    545872     13.84    180524   1154492     16144
22:18:56      2491324   1451976     36.82      2088   1076868    555616     14.09    180524   1163896     16148
22:18:57      2498128   1445172     36.65      2088   1076880    555756     14.09    180524   1161920     13496
22:18:58      2486964   1456336     36.93      2088   1076884    566492     14.37    180524   1172372     13500
22:18:59      2488980   1454320     36.88      2088   1079492    559036     14.18    180524   1169984     16108
22:19:00      2501640   1441660     36.56      2088   1079564    546964     13.87    180524   1157696     16180
22:19:01      2493796   1449504     36.76      2088   1079580    555232     14.08    180524   1166388     16200
22:19:02      2494292   1449008     36.75      2088   1079592    555728     14.09    180524   1165172     13540
22:19:03      2494552   1448748     36.74      2088   1079596    557580     14.14    180524   1166596     13544
22:19:04      2488032   1455268     36.90      2088   1079596    563040     14.28    180524   1172548     13544
22:19:05      2491012   1452288     36.83      2088   1082272    554200     14.05    180524   1167840     16220
22:19:06      2495364   1447936     36.72      2088   1082284    550040     13.95    180524   1163876     16232
22:19:07      2495112   1448188     36.73      2088   1082288    550040     13.95    180524   1164012     13468
22:19:08      2493756   1449544     36.76      2088   1082288    553020     14.02    180524   1167028     13468
22:19:09      2485284   1458016     36.97      2088   1082292    561836     14.25    180524   1175220     13472
22:19:10      2479436   1463864     37.12      2088   1082308    568412     14.41    180524   1180040     13488
22:19:11      2476464   1466836     37.20      2088   1082308    570220     14.46    180524   1182328     13488
22:19:12      2478220   1465080     37.15      2088   1082312    570204     14.46    180524   1182400     10896
22:19:13      2477908   1465392     37.16      2088   1082312    567632     14.39    180524   1182060     10824
22:19:14      2482748   1460552     37.04      2088   1085004    560284     14.21    180524   1176868     13516
22:19:15      2487284   1456016     36.92      2088   1085008    556640     14.12    180524   1173424     13520
22:19:16      2474936   1468364     37.24      2088   1085012    568104     14.41    180524   1184084     13524
22:19:17      2480976   1462324     37.08      2088   1085024    565084     14.33    180524   1179440     13544
22:19:18      2465344   1477956     37.48      2088   1085024    580748     14.73    180524   1194412     10880
22:19:19      2481716   1461584     37.06      2088   1087704    558844     14.17    180524   1177336     13560
22:19:20      2481968   1461332     37.06      2088   1087716    557832     14.15    180524   1177064     13572
22:19:21      2479780   1463520     37.11      2088   1087724    560788     14.22    180524   1179940     13580
22:19:22      2469312   1473988     37.38      2088   1087728    572416     14.52    180524   1191432     13584
22:19:23      2471888   1471412     37.31      2088   1087740    570952     14.48    180524   1188352     13360
22:19:24      2460432   1482868     37.60      2088   1087740    581852     14.76    180524   1199132     13360
22:19:25      2400564   1542736     39.12      2088   1090420    639192     16.21    180524   1260648     16040
22:19:26      2475376   1467924     37.23      2088   1090436    563312     14.29    180524   1185664     16056
22:19:27      2466280   1477020     37.46      2088   1090440    571344     14.49    180524   1193052     16060
22:19:28      2467344   1475956     37.43      2088   1090452    573356     14.54    180524   1192968     13408
22:19:29      2461044   1482256     37.59      2088   1090456    578452     14.67    180524   1197932     13412
22:19:30      2450704   1492596     37.85      2088   1090460    587784     14.91    180524   1209244     13416
22:19:31      2471092   1472208     37.33      2088   1093144    563360     14.29    180524   1187912     16100
22:19:32      2471596   1471704     37.32      2088   1093152    563584     14.29    180524   1188408     16108
22:19:33      2469328   1473972     37.38      2088   1093152    566596     14.37    180524   1191516     13444
22:19:34      2464972   1478328     37.49      2088   1093156    570216     14.46    180524   1194628     13448
22:19:35      2463028   1480272     37.54      2088   1093168    575368     14.59    180524   1197532     13460
22:19:36      2455192   1488108     37.74      2088   1093172    582400     14.77    180524   1204828     13464
22:19:37      2357608   1585692     40.21      2088   1093184    673644     17.08    180524   1297436     13476
22:19:38      2465264   1478036     37.48      2088   1095852    566952     14.38    180524   1194164     13480
22:19:39      2464760   1478540     37.49      2088   1095864    566988     14.38    180524   1194484     13492
22:19:40      2463500   1479800     37.53      2088   1095868    569892     14.45    180524   1197404     13496
22:19:41      2452600   1490700     37.80      2088   1095872    578992     14.68    180524   1206196     13500
22:19:42      2456948   1486352     37.69      2088   1095884    578932     14.68    180524   1204080     13512
22:19:43      2446356   1496944     37.96      2088   1095888    585216     14.84    180524   1212976     13500
22:19:44      2458704   1484596     37.65      2088   1098568    569420     14.44    180524   1200056     16188
22:19:45      2458956   1484344     37.64      2088   1098576    569668     14.45    180524   1200556     16196
22:19:46      2456200   1487100     37.71      2088   1098580    572648     14.52    180524   1203632     16200
22:19:47      2443836   1499464     38.03      2088   1098584    585808     14.86    180524   1215396     16204
22:19:48      2449884   1493416     37.87      2088   1098596    582164     14.76    180524   1210120     13544
22:19:49      2438788   1504512     38.15      2088   1098596    593628     15.05    180524   1221668     13544
22:19:50      2440240   1503060     38.12      2088   1098600    589524     14.95    180524   1219364     13556
22:19:51      2374520   1568780     39.78      2088   1101292    653592     16.57    180524   1286496     16248
22:19:52      2449804   1493496     37.87      2088   1101296    577628     14.65    180524   1210940     16252
22:19:53      2446200   1497100     37.97      2088   1101300    580532     14.72    180524   1213624     13348
22:19:54      2442812   1500488     38.05      2088   1101316    585856     14.86    180524   1216176     13364
22:19:55      2442220   1501080     38.07      2088   1101316    586364     14.87    180524   1216468     13364
22:19:56      2345696   1597604     40.51      2088   1103932    678320     17.20    180524   1313044     15980
22:19:57      2446740   1496560     37.95      2088   1104000    577300     14.64    180524   1212552     16048
22:19:58      2447340   1495960     37.94      2088   1104012    576988     14.63    180524   1212712     13460
22:19:59      2445260   1498040     37.99      2088   1104016    579552     14.70    180524   1215312     13400
22:20:00      2438948   1504352     38.15      2088   1104020    584728     14.83    180524   1220112     13404
22:20:01      2438552   1504748     38.16      2088   1104032    588620     14.93    180524   1222296     13416
22:20:02      2436064   1507236     38.22      2088   1104080    590380     14.97    180668   1223752     13652
22:20:03      2433544   1509756     38.29      2088   1104084    592872     15.03    180668   1226292     13656
22:20:04      2437576   1505724     38.18      2088   1104092    587328     14.89    180668   1222596     10992
22:20:05      2441600   1501700     38.08      2088   1106760    579724     14.70    180668   1217416     13660
22:20:06      2441096   1502204     38.10      2088   1106764    579776     14.70    180668   1217832     13668
22:20:07      2438072   1505228     38.17      2088   1106780    582916     14.78    180668   1221328     13684
22:20:08      2427928   1515372     38.43      2088   1106784    592336     15.02    180668   1229788     13688
22:20:09      2431928   1511372     38.33      2088   1106796    591240     14.99    180668   1227360     11036
22:20:10      2421788   1521512     38.58      2088   1106796    601656     15.26    180668   1238000     11036
22:20:11      2392956   1550344     39.32      2088   1109472    627268     15.91    180668   1266900     13712
22:20:12      2434032   1509268     38.27      2088   1109488    584384     14.82    180668   1225084     13728
22:20:13      2434032   1509268     38.27      2088   1109488    584384     14.82    180668   1225104     13728
22:20:14      2430812   1512488     38.36      2088   1109492    587204     14.89    180668   1228012     13716
22:20:15      2424700   1518600     38.51      2088   1109496    594824     15.08    180668   1235112     13728
22:20:16      2425700   1517600     38.49      2088   1109508    595348     15.10    180668   1234164     13740
22:20:17      2417760   1525540     38.69      2088   1109508    600344     15.22    180668   1240916     13740
22:20:18      2412840   1530460     38.81      2088   1109512    608840     15.44    180668   1247892     13744
22:20:19      2423360   1519940     38.54      2088   1112188    592196     15.02    180668   1235576     13756
22:20:20      2424024   1519276     38.53      2088   1112204    590696     14.98    180668   1234508     13772
22:20:21      2413780   1529520     38.79      2088   1112208    602324     15.27    180668   1245328     13776
22:20:22      2417116   1526184     38.70      2088   1112224    601112     15.24    180668   1242344     13792
22:20:23      2403508   1539792     39.05      2088   1112224    614728     15.59    180668   1256168     13792
22:20:24      2360388   1582912     40.14      2088   1114900    652304     16.54    180668   1298072     13568
22:20:25      2421628   1521672     38.59      2088   1114916    591144     14.99    180668   1237272     13584
22:20:26      2419360   1523940     38.65      2088   1114920    593884     15.06    180668   1240116     13588
22:20:27      2414972   1528328     38.76      2088   1114924    598116     15.17    180668   1244244     13592
22:20:28      2412800   1530500     38.81      2088   1114936    602368     15.28    180668   1246440     13604
22:20:29      2409996   1533304     38.88      2088   1114936    605980     15.37    180668   1249684     10940
22:20:30      2404692   1538608     39.02      2088   1114940    607964     15.42    180668   1254296     10944
22:20:31      2416288   1527012     38.72      2088   1117616    593492     15.05    180668   1242400     13620
22:20:32      2413516   1529784     38.79      2088   1117636    596532     15.13    180668   1246156     13648
22:20:33      2404436   1538864     39.02      2088   1117644    605312     15.35    180668   1254668     13656
22:20:34      2407448   1535852     38.95      2088   1117660    604996     15.34    180668   1252232     13440
22:20:35      2398596   1544704     39.17      2088   1117660    610304     15.48    180668   1259192     13440
22:20:36      2411460   1531840     38.85      2088   1120340    595616     15.10    180668   1247160     16228
22:20:37      2410936   1532364     38.86      2088   1120352    595168     15.09    180668   1247696     16240
22:20:38      2410988   1532312     38.86      2088   1120352    595200     15.09    180668   1247660     16240
22:20:39      2408720   1534580     38.92      2088   1120356    598340     15.17    180668   1250724     13644
22:20:40      2399616   1543684     39.15      2088   1120360    608648     15.43    180668   1260232     13580
22:20:41      2402240   1541060     39.08      2088   1120372    607500     15.41    180668   1257492     13592
22:20:42      2391736   1551564     39.35      2088   1120376    618440     15.68    180668   1268024     13596
22:20:43      2406248   1537052     38.98      2088   1123052    598264     15.17    180668   1252616     16272
22:20:44      2405492   1537808     39.00      2088   1123064    598704     15.18    180668   1253224     16284
22:20:45      2403980   1539320     39.04      2088   1123068    600816     15.24    180668   1255472     13616
22:20:46      2394380   1548920     39.28      2088   1123072    612116     15.52    180668   1266172     13624
22:20:47      2395388   1547912     39.25      2088   1123088    611400     15.50    180668   1263740     13640
22:20:48      2390080   1553220     39.39      2088   1123088    616380     15.63    180668   1269132     13640
22:20:49      2341636   1601664     40.62      2088   1123100    664436     16.85    180668   1318012     13652
22:20:50      2400144   1543156     39.13      2088   1125768    601280     15.25    180668   1258608     13656
22:20:51      2399388   1543912     39.15      2088   1125784    601756     15.26    180668   1259316     13672
22:20:52      2397120   1546180     39.21      2088   1125784    604704     15.33    180668   1262152     13672
22:20:53      2391812   1551488     39.34      2088   1125788    609828     15.46    180668   1266756     13676
22:20:54      2390624   1552676     39.38      2088   1125804    614996     15.60    180668   1269580     13692
22:20:55      2384324   1558976     39.53      2088   1125808    620720     15.74    180668   1275112     10796
22:20:56      2393064   1550236     39.31      2088   1128416    607784     15.41    180668   1266568     13404
22:20:57      2391372   1551928     39.36      2088   1128488    608012     15.42    180668   1267476     13476
22:20:58      2391876   1551424     39.34      2088   1128496    607440     15.40    180668   1266996     13484
22:20:59      2390616   1552684     39.38      2088   1128500    609796     15.46    180668   1269076     13488
22:21:00      2388452   1554848     39.43      2088   1128504    610772     15.49    180668   1270200     13492
22:21:01      2382432   1560868     39.58      2088   1128512    616392     15.63    180668   1276024     13500
22:21:02      2384772   1558528     39.52      2088   1128520    617740     15.67    180668   1275624     13508
22:21:03      2375244   1568056     39.77      2088   1128520    626176     15.88    180668   1284384     13508
22:21:04      2367852   1575448     39.95      2088   1131196    627640     15.92    180668   1290516     16184
22:21:05      2387032   1556268     39.47      2088   1131212    609268     15.45    180668   1272240     13524
22:21:06      2386780   1556520     39.47      2088   1131212    609092     15.45    180668   1272036     13524
22:21:07      2382984   1560316     39.57      2088   1131216    612892     15.54    180668   1275696     13528
22:21:08      2380476   1562824     39.63      2088   1131228    618464     15.68    180668   1278972     13540
22:21:09      2378732   1564568     39.68      2088   1131236    621464     15.76    180668   1282020     13548
22:21:10      2369944   1573356     39.90      2088   1131248    628080     15.93    180668   1289792     10800
22:21:11      2381624   1561676     39.60      2088   1133916    612084     15.52    180668   1277008     13468
22:21:12      2381276   1562024     39.61      2088   1133924    612220     15.53    180668   1277460     13476
22:21:13      2381024   1562276     39.62      2088   1133928    612316     15.53    180668   1278048     13480
22:21:14      2379416   1563884     39.66      2088   1133936    615160     15.60    180668   1280848     13488
22:21:15      2376208   1567092     39.74      2088   1133944    616884     15.64    180668   1282440     10832
22:21:16      2375116   1568184     39.77      2088   1133952    622152     15.78    180668   1285804     10840
22:21:17      2367640   1575660     39.96      2088   1133952    625620     15.87    180668   1290864     10840
22:21:18      2371328   1571972     39.86      2088   1136632    619996     15.72    180668   1287712     13520
22:21:19      2376160   1567140     39.74      2088   1136636    615372     15.61    180668   1283796     13524
22:21:20      2375204   1568096     39.77      2088   1136644    615372     15.61    180668   1283916     10856
22:21:21      2372816   1570484     39.83      2088   1136648    618192     15.68    180668   1286784     10864
22:21:22      2369628   1573672     39.91      2088   1136660    620844     15.74    180668   1288940     10876
22:21:23      2360288   1583012     40.14      2088   1136664    632500     16.04    180668   1298616     10880
22:21:24      2324828   1618472     41.04      2088   1136672    668516     16.95    180668   1335380     10888
22:21:25      2319152   1624148     41.19      2088   1139340    668968     16.96    180668   1339068     13556
22:21:26      2367912   1575388     39.95      2088   1139360    619220     15.70    180668   1290416     13364
22:21:27      2366148   1577152     40.00      2088   1139364    621680     15.77    180668   1292680     13368
22:21:28      2352288   1591012     40.35      2088   1139368    636492     16.14    180668   1306644     13372
22:21:29      2359596   1583704     40.16      2088   1139380    631220     16.01    180668   1299508     13384
22:21:30      2344800   1598500     40.54      2088   1139380    645968     16.38    180668   1314148     13384
22:21:31      2319260   1624040     41.18      2088   1142060    668024     16.94    180668   1340612     13400
22:21:32      2362856   1580444     40.08      2088   1142076    622572     15.79    180668   1295868     13416
22:21:33      2362856   1580444     40.08      2088   1142076    622572     15.79    180668   1295868     13416
22:21:34      2357060   1586240     40.23      2088   1142080    628748     15.94    180668   1301896     13420
22:21:35      2352524   1590776     40.34      2088   1142096    634148     16.08    180668   1305676     13436
22:21:36      2353028   1590272     40.33      2088   1142096    635456     16.11    180668   1307120     10772
22:21:37      2261020   1682280     42.66      2088   1144708    721624     18.30    180668   1397260     13384
22:21:38      2358008   1585292     40.20      2088   1144780    625024     15.85    180668   1300820     13456
22:21:39      2357808   1585492     40.21      2088   1144788    625380     15.86    180668   1301456     13464
22:21:40      2356044   1587256     40.25      2088   1144792    627840     15.92    180668   1304140     13468
22:21:41      2341620   1601680     40.62      2088   1144796    641288     16.26    180668   1316748     13456
22:21:42      2348680   1594620     40.44      2088   1144804    634692     16.10    180668   1310152     13464
22:21:43      2336136   1607164     40.76      2088   1144808    648948     16.46    180668   1324020     13480
22:21:44      2338404   1604896     40.70      2088   1144812    647624     16.42    180668   1321776     13484
22:21:45      2238612   1704688     43.23      2088   1144824    738968     18.74    180668   1414720     13496
22:21:46      2349484   1593816     40.42      2088   1147512    629684     15.97    180668   1309064     13520
22:21:47      2348224   1595076     40.45      2088   1147512    631948     16.03    180668   1311172     13520
22:21:48      2339308   1603992     40.68      2088   1147516    641952     16.28    180668   1320184     13524
22:21:49      2341220   1602080     40.63      2088   1147532    641780     16.28    180668   1317940     13540
22:21:50      2332308   1610992     40.85      2088   1147532    647268     16.41    180668   1326512     13540
22:21:51      2329732   1613568     40.92      2088   1150208    646928     16.41    180668   1328624     13536
22:21:52      2345908   1597392     40.51      2088   1150228    631464     16.01    180668   1313568     13564
22:21:53      2343136   1600164     40.58      2088   1150228    634220     16.08    180668   1316280     13564
22:21:54      2334112   1609188     40.81      2088   1150232    642748     16.30    180668   1325052     13568
22:21:55      2334060   1609240     40.81      2088   1150244    644280     16.34    180668   1324176     13580
22:21:56      2326724   1616576     41.00      2088   1150248    652484     16.55    180668   1332636     10680
22:21:57      2285972   1657328     42.03      2088   1152924    689648     17.49    180668   1373540     13356
22:21:58      2339396   1603904     40.67      2088   1152936    634864     16.10    180668   1319136     13368
22:21:59      2336808   1606492     40.74      2088   1152944    637892     16.18    180668   1322456     13376
22:22:00      2334008   1609292     40.81      2088   1152944    640764     16.25    180668   1324800     13376
22:22:01      2323944   1619356     41.07      2088   1152948    650256     16.49    180668   1334248     10780
22:22:02      2325324   1617976     41.03      2088   1152956    652544     16.55    180668   1332868     10724
22:22:03      2321732   1621568     41.12      2088   1152960    654080     16.59    180668   1336884     10728
22:22:04      2319456   1623844     41.18      2088   1152960    657040     16.66    180668   1339844     10728
22:22:05      2313892   1629408     41.32      2088   1152960    661776     16.78    180668   1344592     10728
22:22:06      2226704   1716596     43.53      2088   1155648    744812     18.89    180668   1432748     13416
22:22:07      2331284   1612016     40.88      2088   1155656    638976     16.20    180668   1327116     13424
22:22:08      2326444   1616856     41.00      2088   1155660    645984     16.38    180668   1332712     13428
22:22:09      2326152   1617148     41.01      2088   1155672    647892     16.43    180668   1332920     13440
22:22:10      2238540   1704760     43.23      2088   1155676    734060     18.62    180668   1421124     13444
22:22:11      2328192   1615108     40.96      2088   1158348    640824     16.25    180668   1331308     16116
22:22:12      2327740   1615560     40.97      2088   1158356    640528     16.24    180668   1331284     13460
22:22:13      2324716   1618584     41.05      2088   1158360    643668     16.32    180668   1334472     13464
22:22:14      2312724   1630576     41.35      2088   1158364    656244     16.64    180668   1346396     13468
22:22:15      2315692   1627608     41.28      2088   1158376    654260     16.59    180668   1342524     13480
22:22:16      2310860   1632440     41.40      2088   1158380    652924     16.56    180668   1342596     13484
22:22:17      2248824   1694476     42.97      2088   1161056    718456     18.22    180668   1410844     13484
22:22:18      2321708   1621592     41.12      2088   1161068    643364     16.32    180668   1336420     13496
22:22:19      2321708   1621592     41.12      2088   1161072    643860     16.33    180668   1336776     13500
22:22:20      2319188   1624112     41.19      2088   1161076    646872     16.40    180668   1339860     13504
22:22:21      2306336   1636964     41.51      2088   1161076    659280     16.72    180668   1351724     13504
22:22:22      2310760   1632540     41.40      2088   1161096    656956     16.66    180668   1347572     10848
22:22:23      2303232   1640068     41.59      2088   1161096    662516     16.80    180668   1354692     10856
22:22:24      2272020   1671280     42.38      2088   1163708    691776     17.54    180668   1386112     13468
22:22:25      2315904   1627396     41.27      2088   1163780    647664     16.42    180668   1342304     13540
22:22:26      2313132   1630168     41.34      2088   1163792    651396     16.52    180668   1346388     13552
22:22:27      2301280   1642020     41.64      2088   1163792    662256     16.79    180668   1357272     13332
22:22:28      2305032   1638268     41.55      2088   1163800    656736     16.65    180668   1352232     13340
22:22:29      2296036   1647264     41.77      2088   1163808    669428     16.98    180668   1362588     13348
22:22:30      2291032   1652268     41.90      2088   1163808    674108     17.10    180668   1366952     13348
22:22:31      2205064   1738236     44.08      2088   1163820    758064     19.22    180668   1452052     13464
22:22:32      2308572   1634728     41.46      2088   1166496    652348     16.54    180668   1350044     13480
22:22:33      2306292   1637008     41.51      2088   1166504    654976     16.61    180668   1352516     13488
22:22:34      2302392   1640908     41.61      2088   1166508    659240     16.72    180668   1356552     13492
22:22:35      2301068   1642232     41.65      2088   1166528    662788     16.81    180668   1358360     13512
22:22:36      2299808   1643492     41.68      2088   1166528    664128     16.84    180668   1359744     13512
22:22:37      2228996   1714304     43.47      2088   1166540    733276     18.60    180668   1430456     10860
22:22:38      2303580   1639720     41.58      2088   1169208    655100     16.61    180668   1355084     13528
22:22:39      2303328   1639972     41.59      2088   1169212    654088     16.59    180668   1354728     13532
22:22:40      2303328   1639972     41.59      2088   1169220    654392     16.60    180668   1355312     13540
22:22:41      2300996   1642304     41.65      2088   1169224    657284     16.67    180668   1358176     13548
22:22:42      2288436   1654864     41.97      2088   1169228    670376     17.00    180668   1370868     10888
22:22:43      2293728   1649572     41.83      2088   1169240    666932     16.91    180668   1365596     10900
22:22:44      2284624   1658676     42.06      2088   1169240    675852     17.14    180668   1374408     10900
22:22:45      2220616   1722684     43.69      2088   1169252    740020     18.77    180668   1439832     10912
22:22:46      2296712   1646588     41.76      2088   1171928    658428     16.70    180668   1361496     13588
22:22:47      2294948   1648352     41.80      2088   1171936    661408     16.77    180668   1364416     10940
22:22:48      2293752   1649548     41.83      2088   1171936    662896     16.81    180668   1364972     10940
22:22:49      2286632   1656668     42.01      2088   1171952    671044     17.02    180668   1371948     10956
22:22:50      2288208   1655092     41.97      2088   1171956    668988     16.97    180668   1370728     10960
22:22:51      2179848   1763452     44.72      2088   1171968    776892     19.70    180668   1479648     10972
22:22:52      2291980   1651320     41.88      2088   1174636    660976     16.76    180668   1366764     13640
22:22:53      2291224   1652076     41.90      2088   1174648    660764     16.76    180668   1367120     13644
22:22:54      2291224   1652076     41.90      2088   1174648    660828     16.76    180668   1367192     13648
22:22:55      2287684   1655616     41.99      2088   1174652    664032     16.84    180668   1370252     13652
22:22:56      2285116   1658184     42.05      2088   1174664    668844     16.96    180668   1374116     13664
22:22:57      2282228   1661072     42.12      2088   1174668    672360     17.05    180668   1376716     13668
22:22:58      2283664   1659636     42.09      2088   1174680    668584     16.95    180668   1375340     10800
22:22:59      2217604   1725696     43.76      2088   1177348    731588     18.55    180668   1440968     13468
22:23:00      2285656   1657644     42.04      2088   1177352    662836     16.81    180668   1372644     13472
22:23:01      2285908   1657392     42.03      2088   1177364    662888     16.81    180668   1372800     13484
22:23:02      2284004   1659296     42.08      2088   1177368    665972     16.89    180668   1375764     13488
22:23:03      2279064   1664236     42.20      2088   1177372    671252     17.02    180668   1380276     10724
22:23:04      2276080   1667220     42.28      2088   1177384    676624     17.16    180668   1383056     10736
22:23:05      2275056   1668244     42.31      2088   1177384    678056     17.20    180668   1384824     10736
22:23:06      2210292   1733008     43.95      2088   1177396    740944     18.79    180668   1449084     10748
22:23:07      2276056   1667244     42.28      2088   1180068    671640     17.03    180668   1383148     13420
22:23:08      2281348   1661952     42.15      2088   1180076    665984     16.89    180668   1377888     10764
22:23:09      2278636   1664664     42.21      2088   1180080    669716     16.98    180668   1381736     10768
22:23:10      2267740   1675560     42.49      2088   1180084    679724     17.24    180668   1391452     10772
22:23:11      2270260   1673040     42.43      2088   1180096    677976     17.19    180668   1388048     10784
22:23:12      2262896   1680404     42.61      2088   1180100    685472     17.38    180668   1394984     10788
22:23:13      2125360   1817940     46.10      2088   1180108    824356     20.91    180668   1535144     10792
22:23:14      2271512   1671788     42.40      2088   1182788    672976     17.07    180668   1386992     13472
22:23:15      2271512   1671788     42.40      2088   1182788    672928     17.07    180668   1387056     13472
22:23:16      2268992   1674308     42.46      2088   1182792    675876     17.14    180668   1390216     13476
22:23:17      2256392   1686908     42.78      2088   1182796    687216     17.43    180668   1401848     13480
22:23:18      2261424   1681876     42.65      2088   1182808    686496     17.41    180668   1398880     10820
22:23:19      2250076   1693224     42.94      2088   1182812    697188     17.68    180668   1409236     10824
22:23:20      2215272   1728028     43.82      2088   1185424    726804     18.43    180668   1443052     13444
22:23:21      2266936   1676364     42.51      2088   1185496    675036     17.12    180668   1392052     13516
22:23:22      2265928   1677372     42.54      2088   1185508    675420     17.13    180668   1392388     13528
22:23:23      2263564   1679736     42.60      2088   1185508    678432     17.20    180668   1395400     10864
22:23:24      2254588   1688712     42.82      2088   1185512    686928     17.42    180668   1403936     10868
22:23:25      2257304   1685996     42.76      2088   1185516    684876     17.37    180668   1401720     10872
22:23:26      2248268   1695032     42.99      2088   1185524    695012     17.63    180668   1410748     10880
22:23:27      2245500   1697800     43.06      2088   1185532    698728     17.72    180668   1414912     10888
22:23:28      2163044   1780256     45.15      2088   1185536    777748     19.72    180668   1495516     10692
22:23:29      2256076   1687224     42.79      2088   1188220    683448     17.33    180668   1403776     13360
22:23:30      2250020   1693280     42.94      2088   1188224    689376     17.48    180668   1409300     13364
22:23:31      2245376   1697924     43.06      2088   1188232    694500     17.61    180668   1413560     13372
22:23:32      2238520   1704780     43.23      2088   1188244    701784     17.80    180668   1419000     13384
22:23:33      2240744   1702556     43.18      2088   1188244    701804     17.80    180668   1419052     10716
22:23:34      2238212   1705088     43.24      2088   1188244    700312     17.76    180668   1419988     10716
22:23:35      2230096   1713204     43.45      2088   1190936    706712     17.92    180668   1429036     13408
22:23:36      2249712   1693588     42.95      2088   1190944    686900     17.42    180668   1409492     13420
22:23:37      2243744   1699556     43.10      2088   1190948    692940     17.57    180668   1415260     13424
22:23:38      2245444   1697856     43.06      2088   1190960    689792     17.49    180668   1411800     13436
22:23:39      2239208   1704092     43.21      2088   1190964    698568     17.72    180668   1419648     10776
22:23:40      2233672   1709628     43.36      2088   1190964    702696     17.82    180668   1424072     10776
22:23:41      2098312   1844988     46.79      2088   1193572    834272     21.16    180668   1559908     13384
22:23:42      2242728   1700572     43.13      2088   1193656    689164     17.48    180668   1414960     13468
22:23:43      2242728   1700572     43.13      2088   1193656    689164     17.48    180668   1414960     13468
22:23:44      2239828   1703472     43.20      2088   1193660    693592     17.59    180668   1418832     10808
22:23:45      2232608   1710692     43.38      2088   1193660    702572     17.82    180668   1426804     10808
22:23:46      2222568   1720732     43.64      2088   1193676    713584     18.10    180668   1436024     10824
22:23:47      2226032   1717268     43.55      2088   1193676    710112     18.01    180668   1433192     10824
22:23:48      2223812   1719488     43.61      2088   1193680    711692     18.05    180668   1436160     10828
22:23:49      2236412   1706888     43.29      2088   1196364    694060     17.60    180668   1421896     13512
22:23:50      2237672   1705628     43.25      2088   1196368    692656     17.57    180668   1420508     13516
22:23:51      2237224   1706076     43.27      2088   1196372    693684     17.59    180668   1421540     13520
22:23:52      2229908   1713392     43.45      2088   1196376    702260     17.81    180668   1430192     13524
22:23:53      2232104   1711196     43.40      2088   1196388    700944     17.78    180668   1426976     13536
22:23:54      2221688   1721612     43.66      2088   1196392    709172     17.98    180668   1434868     10868
22:23:55      2089520   1853780     47.01      2088   1196400    842056     21.35    180668   1569024     10876
22:23:56      2232648   1710652     43.38      2088   1199072    695184     17.63    180668   1425576     13548
22:23:57      2232900   1710400     43.37      2088   1199084    695028     17.63    180668   1425560     13560
22:23:58      2232144   1711156     43.39      2088   1199088    696600     17.67    180668   1427128     13564
22:23:59      2218896   1724404     43.73      2088   1199088    709240     17.99    180668   1439220     10668
22:24:00      2226076   1717224     43.55      2088   1199100    702660     17.82    180668   1432804     10684
22:24:01      2212312   1730988     43.90      2088   1199104    719940     18.26    180668   1443716     10688
22:24:02      2212700   1730600     43.89      2088   1199104    717548     18.20    180668   1445168     10688
22:24:03      2190020   1753280     44.46      2088   1199116    739016     18.74    180668   1468072     10700
22:24:04      2222772   1720528     43.63      2088   1201788    702860     17.82    180668   1435252     13372
22:24:05      2227056   1716244     43.52      2088   1201800    698704     17.72    180668   1431212     13384
22:24:06      2225816   1717484     43.55      2088   1201804    700148     17.76    180668   1432644     13388
22:24:07      2222972   1720328     43.63      2088   1201816    702732     17.82    180668   1435440     13400
22:24:08      2219696   1723604     43.71      2088   1201820    707652     17.95    180668   1438440     13412
22:24:09      2216004   1727296     43.80      2088   1201820    710992     18.03    180668   1443012     10744
22:24:10      2205180   1738120     44.08      2088   1204496    719088     18.24    180668   1453508     13420
22:24:11      2223324   1719976     43.62      2088   1204504    699748     17.75    180668   1434892     13428
22:24:12      2222736   1720564     43.63      2088   1204512    699716     17.74    180668   1435160     13440
22:24:13      2221308   1721992     43.67      2088   1204516    702088     17.80    180668   1437600     13444
22:24:14      2213464   1729836     43.87      2088   1204520    709616     18.00    180668   1444976     10784
22:24:15      2216916   1726384     43.78      2088   1204524    704380     17.86    180668   1439836     10788
22:24:16      2212588   1730712     43.89      2088   1204536    712720     18.07    180668   1446476     10800
22:24:17      2204312   1738988     44.10      2088   1204540    718636     18.22    180668   1452280     10804
22:24:18      2206124   1737176     44.05      2088   1204544    718636     18.22    180668   1452284     10808
22:24:19      2199564   1743736     44.22      2088   1207216    720556     18.27    180668   1459484     13480
22:24:20      2215944   1727356     43.80      2088   1207232    703116     17.83    180668   1442172     10832
22:24:21      2214936   1728364     43.83      2088   1207236    705248     17.88    180668   1444072     10836
22:24:22      2208888   1734412     43.98      2088   1207240    710840     18.03    180668   1449708     10840
22:24:23      2210904   1732396     43.93      2088   1207252    712028     18.06    180668   1448516     10852
22:24:24      2202028   1741272     44.16      2088   1207256    720632     18.27    180668   1456888     10860
22:24:25      2173600   1769700     44.88      2088   1209928    744928     18.89    180668   1485356     13532
22:24:26      2210392   1732908     43.95      2088   1209932    706896     17.93    180668   1447772     13536
22:24:27      2210140   1733160     43.95      2088   1209944    706548     17.92    180668   1447920     13548
22:24:28      2210392   1732908     43.95      2088   1209948    706220     17.91    180668   1447684     13552
22:24:29      2209480   1733820     43.97      2088   1209948    708784     17.97    180668   1450220     13552
22:24:30      2201000   1742300     44.18      2088   1209956    717036     18.18    180668   1457416     10684
22:24:31      2200548   1742752     44.20      2088   1209964    720660     18.28    180668   1459424     10696
22:24:32      2194500   1748800     44.35      2088   1209968    720316     18.27    180668   1460976     10700
22:24:33      2071524   1871776     47.47      2088   1212644    843264     21.38    180668   1587084     13376
22:24:34      2205336   1737964     44.07      2088   1212656    707832     17.95    180668   1452712     13388
22:24:35      2204832   1738468     44.09      2088   1212660    708284     17.96    180668   1453240     10728
22:24:36      2202816   1740484     44.14      2088   1212664    711296     18.04    180668   1456236     10732
22:24:37      2189964   1753336     44.46      2088   1212668    725648     18.40    180668   1468900     10736
22:24:38      2192892   1750408     44.39      2088   1212680    724456     18.37    180668   1465988     10748
22:24:39      2186436   1756864     44.55      2088   1212680    730036     18.51    180668   1472468     10748
22:24:40      2187384   1755916     44.53      2088   1212684    726244     18.42    180668   1470436     10752
22:24:41      2087080   1856220     47.07      2088   1215360    823920     20.89    180668   1570768     13428
22:24:42      2196256   1747044     44.30      2088   1215380    715412     18.14    180668   1462900     13552
22:24:43      2187176   1756124     44.53      2088   1215380    725620     18.40    180668   1471804     13552
22:24:44      2189436   1753864     44.48      2088   1215396    725524     18.40    180668   1469888     13568
22:24:45      2181924   1761376     44.67      2088   1215396    732196     18.57    180668   1476752     10900
22:24:46      2097900   1845400     46.80      2088   1218072    809740     20.53    180668   1558948     13576
22:24:47      2192752   1750548     44.39      2088   1218076    716468     18.17    180668   1465416     13580
22:24:48      2193256   1750044     44.38      2088   1218092    715772     18.15    180668   1464800     13596
22:24:49      2190336   1752964     44.45      2088   1218096    718560     18.22    180668   1467632     13600
22:24:50      2186924   1756376     44.54      2088   1218100    723064     18.34    180668   1471756     10940
22:24:51      2186200   1757100     44.56      2088   1218116    724988     18.39    180668   1471816     10956
22:24:52      2179884   1763416     44.72      2088   1218116    729720     18.51    180668   1478604     10956
22:24:53      2138548   1804752     45.77      2088   1220792    769296     19.51    180668   1520636     13632
22:24:54      2184160   1759140     44.61      2088   1220796    722148     18.31    180668   1474640     13636
22:24:55      2186680   1756620     44.55      2088   1220808    718276     18.22    180668   1470968     10976
22:24:56      2184728   1758572     44.60      2088   1220812    721160     18.29    180668   1473768     10984
22:24:57      2182900   1760400     44.64      2088   1220816    724500     18.37    180668   1476628     10988
22:24:58      2177104   1766196     44.79      2088   1220828    731744     18.56    180668   1481676     11000
22:24:59      2171052   1772248     44.94      2088   1220832    735448     18.65    180668   1485352     11004
22:25:00      2171796   1771504     44.92      2088   1220836    732036     18.56    180668   1483164     11008
22:25:01      2047560   1895740     48.07      2088   1223508    857972     21.76    180668   1611864     13448
22:25:02      2181876   1761424     44.67      2088   1223512    721700     18.30    180668   1475844     13456
22:25:03      2179356   1763944     44.73      2088   1223528    725132     18.39    180668   1479584     13472
22:25:04      2170460   1772840     44.96      2088   1223528    733320     18.60    180668   1487632     13472
22:25:05      2173024   1770276     44.89      2088   1223544    732960     18.59    180668   1485436     13488
22:25:06      2168552   1774748     45.01      2088   1223544    737592     18.70    180668   1490020     10824
22:25:07      2162756   1780544     45.15      2088   1223544    743800     18.86    180668   1495932     10824
22:25:08      2115244   1828056     46.36      2088   1226156    785472     19.92    180668   1541952     13436
22:25:09      2166528   1776772     45.06      2088   1226228    734328     18.62    180668   1491700     13508
22:25:10      2171820   1771480     44.92      2088   1226244    728548     18.48    180668   1486108     13524
22:25:11      2170756   1772544     44.95      2088   1226244    730280     18.52    180668   1487912     13516
22:25:12      2163696   1779604     45.13      2088   1226248    736780     18.68    180668   1494576     13528
22:25:13      2164884   1778416     45.10      2088   1226260    737928     18.71    180668   1494016     13540
22:25:14      2161168   1782132     45.19      2088   1226264    738948     18.74    180668   1496708     13544
22:25:15      2045048   1898252     48.14      2088   1228940    853656     21.65    180668   1613668     16220
22:25:16      2167772   1775528     45.03      2088   1228952    729560     18.50    180668   1490196     13464
22:25:17      2165692   1777608     45.08      2088   1228956    731876     18.56    180668   1492708     13468
22:25:18      2160212   1783088     45.22      2088   1228960    738156     18.72    180668   1499048     13472
22:25:19      2161976   1781324     45.17      2088   1228976    737264     18.70    180668   1496264     13488
22:25:20      2151136   1792164     45.45      2088   1228976    742700     18.83    180668   1502892     13488
22:25:21      2083840   1859460     47.15      2088   1231584    811328     20.57    180668   1573632     13432
22:25:22      2163796   1779504     45.13      2088   1231652    732180     18.57    180668   1494300     13500
22:25:23      2162668   1780632     45.16      2088   1231664    731840     18.56    180668   1494948     13512
22:25:24      2163732   1779568     45.13      2088   1231668    731904     18.56    180668   1495076     13516
22:25:25      2159560   1783740     45.23      2088   1231672    734964     18.64    180668   1497972     13520
22:25:26      2149060   1794240     45.50      2088   1231676    745864     18.91    180668   1508684     10860
22:25:27      2154156   1789144     45.37      2088   1231688    743408     18.85    180668   1504436     10872
22:25:28      2135760   1807540     45.84      2088   1231692    762152     19.33    180668   1522760     10876
22:25:29      2089808   1853492     47.00      2088   1234300    802844     20.36    180668   1567736     13484
22:25:30      2156668   1786632     45.31      2088   1234384    735964     18.66    180668   1501652     13568
22:25:31      2156668   1786632     45.31      2088   1234384    735964     18.66    180668   1501676     10680
22:25:32      2154400   1788900     45.37      2088   1234388    738464     18.73    180668   1504252     10688
22:25:33      2145832   1797468     45.58      2088   1234388    747200     18.95    180668   1512908     10688
22:25:34      2148788   1794512     45.51      2088   1234396    743908     18.87    180668   1509660     10696
22:25:35      2139776   1803524     45.74      2088   1234404    755156     19.15    180668   1519320     10704
22:25:36      2137500   1805800     45.79      2088   1234404    756548     19.19    180668   1520792     10708
22:25:37      1959284   1984016     50.31      2088   1234416    929152     23.56    180668   1693896     10708
22:25:38      2144800   1798500     45.61      2088   1237084    744004     18.87    180668   1513000     13376
22:25:39      2149588   1793712     45.49      2088   1237096    738896     18.74    180668   1507936     13388
22:25:40      2148580   1794720     45.51      2088   1237100    740868     18.79    180668   1509928     13392
22:25:41      2140736   1802564     45.71      2088   1237104    750468     19.03    180668   1518680     10732
22:25:42      2141020   1802280     45.70      2088   1237116    752072     19.07    180668   1518264     10744
22:25:43      2131436   1811864     45.95      2088   1237120    759112     19.25    180668   1526484     10748
22:25:44      2131840   1811460     45.94      2088   1237120    759064     19.25    180668   1526436     10748
22:25:45      2082036   1861264     47.20      2088   1237136    807480     20.48    180668   1576424     10768
22:25:46      2141884   1801416     45.68      2088   1239812    743704     18.86    180668   1516036     13444
22:25:47      2142004   1801296     45.68      2088   1239820    743084     18.84    180668   1515472     10776
22:25:48      2141752   1801548     45.69      2088   1239820    744624     18.88    180668   1516968     10776
22:25:49      2129404   1813896     46.00      2088   1239824    757320     19.21    180668   1527960     10780
22:25:50      2132176   1811124     45.93      2088   1239836    757484     19.21    180668   1526388     10792
22:25:51      2123856   1819444     46.14      2088   1239840    765064     19.40    180668   1534256     10796
22:25:52      2123860   1819440     46.14      2088   1239840    766208     19.43    180668   1535608      8132
22:25:53      2077492   1865808     47.32      2088   1239852    810428     20.55    180668   1581400      8144
22:25:54      2136640   1806660     45.82      2088   1242528    746332     18.93    180668   1521100     10820
22:25:55      2136452   1806848     45.82      2088   1242536    746092     18.92    180668   1520992     10832
22:25:56      2130908   1812392     45.96      2088   1242540    753432     19.11    180668   1526528     10836
22:25:57      2128608   1814692     46.02      2088   1242548    757820     19.22    180668   1528988     10844
22:25:58      2119760   1823540     46.24      2088   1242548    765396     19.41    180668   1536704     10844
22:25:59      2123096   1820204     46.16      2088   1242548    765396     19.41    180668   1536704     10844
22:26:00      2115536   1827764     46.35      2088   1242548    770388     19.54    180668   1542336     10844
22:26:01      2117228   1826072     46.31      2088   1245228    763760     19.37    180668   1540196     13528
22:26:02      2127884   1815416     46.04      2088   1245248    753456     19.11    180668   1529772     10884
22:26:03      2127884   1815416     46.04      2088   1245252    753284     19.10    180668   1529712     10888
22:26:04      2127632   1815668     46.04      2088   1245252    754296     19.13    180668   1530720     10888
22:26:05      2121268   1822032     46.21      2088   1245260    760732     19.29    180668   1536780     10896
22:26:06      2123048   1820252     46.16      2088   1245272    762208     19.33    180668   1536568     10908
22:26:07      2115520   1827780     46.35      2088   1245276    768400     19.49    180668   1544084     10676
22:26:08      2072176   1871124     47.45      2088   1247944    808396     20.50    180668   1586680     13352
22:26:09      2123356   1819944     46.15      2088   1247948    755344     19.16    180668   1534380     13356
22:26:10      2123332   1819968     46.15      2088   1247964    756532     19.19    180668   1535372     13372
22:26:11      2115772   1827528     46.35      2088   1247968    763220     19.35    180668   1542572     13376
22:26:12      2117788   1825512     46.29      2088   1247980    761724     19.32    180668   1539880     10724
22:26:13      2109472   1833828     46.50      2088   1247980    770400     19.54    180668   1548528     10724
22:26:14      2109724   1833576     46.50      2088   1247984    770352     19.54    180668   1548476     10728
22:26:15      1946428   1996872     50.64      2088   1247992    931412     23.62    180668   1710900     10736
22:26:16      2118324   1824976     46.28      2088   1250664    756332     19.18    180668   1539520     13408
22:26:17      2118276   1825024     46.28      2088   1250668    756160     19.18    180668   1539416     10744
22:26:18      2118024   1825276     46.29      2088   1250668    756160     19.18    180668   1539552     10744
22:26:19      2115448   1827852     46.35      2088   1250676    761532     19.31    180668   1542968     10752
22:26:20      2114368   1828932     46.38      2088   1250684    765440     19.41    180668   1545236     10760
22:26:21      2100552   1842748     46.73      2088   1250684    778028     19.73    180668   1557356     10760
22:26:22      1989632   1953668     49.54      2088   1253296    884068     22.42    180668   1667976     13372
22:26:23      2112680   1830620     46.42      2088   1253364    760240     19.28    180668   1544920     13440
22:26:24      2112684   1830616     46.42      2088   1253376    759892     19.27    180668   1545160     13452
22:26:25      2112684   1830616     46.42      2088   1253376    760068     19.27    180668   1545308     13452
22:26:26      2112180   1831120     46.44      2088   1253380    761096     19.30    180668   1546420     13456
22:26:27      2104860   1838440     46.62      2088   1253384    768412     19.49    180668   1553520     13460
22:26:28      2107424   1835876     46.56      2088   1253396    768128     19.48    180668   1551236     10804
22:26:29      2099392   1843908     46.76      2088   1253396    774884     19.65    180668   1558388     10804
22:26:30      2103348   1839952     46.66      2088   1256072    766036     19.43    180668   1554084     13480
22:26:31      2107700   1835600     46.55      2088   1256076    761048     19.30    180668   1549724     13484
22:26:32      2107700   1835600     46.55      2088   1256088    760876     19.30    180668   1549848     13496
22:26:33      2107196   1836104     46.56      2088   1256092    762596     19.34    180668   1551452     10844
22:26:34      2098252   1845048     46.79      2088   1256092    770296     19.53    180668   1558148     10844
22:26:35      2100620   1842680     46.73      2088   1256108    773408     19.61    180668   1558716     10860
22:26:36      2098840   1844460     46.77      2088   1256108    774476     19.64    180668   1559220     10860
22:26:37      2093276   1850024     46.92      2088   1256108    780312     19.79    180668   1565404     10860
22:26:38      2083964   1859336     47.15      2088   1256116    789208     20.01    180668   1574512     10676
22:26:39      2017880   1925420     48.83      2088   1258788    850700     21.57    180668   1640544     13356
22:26:40      2100084   1843216     46.74      2088   1258804    767052     19.45    180668   1557300     13372
22:26:41      2100036   1843264     46.74      2088   1258812    768080     19.48    180668   1558412     13380
22:26:42      2090868   1852432     46.98      2088   1258820    779272     19.76    180668   1567508     13388
22:26:43      2090932   1852368     46.98      2088   1258828    779752     19.77    180668   1567704     10732
22:26:44      2021192   1922108     48.74      2088   1258836    846952     21.48    180668   1636880     10740
22:26:45      2096124   1847176     46.84      2088   1261508    768168     19.48    180668   1561208     13412
22:26:46      2096228   1847072     46.84      2088   1261516    768116     19.48    180668   1561160     13420
22:26:47      2096280   1847020     46.84      2088   1261524    768116     19.48    180668   1561416     13428
22:26:48      2095272   1848028     46.87      2088   1261524    769912     19.52    180668   1563172     10764
22:26:49      2086956   1856344     47.08      2088   1261528    778012     19.73    180668   1571380     10768
22:26:50      2089760   1853540     47.00      2088   1261540    776648     19.70    180668   1568672     10780
22:26:51      2078680   1864620     47.29      2088   1261548    785408     19.92    180668   1577760     10788
22:26:52      1995388   1947912     49.40      2088   1264160    865824     21.96    180668   1661776     13504
22:26:53      2091232   1852068     46.97      2088   1264228    770252     19.53    180668   1566328     10908
22:26:54      2090980   1852320     46.97      2088   1264240    770048     19.53    180668   1566568     10920
22:26:55      2089216   1854084     47.02      2088   1264244    772644     19.59    180668   1569124     10924
22:26:56      2077120   1866180     47.33      2088   1264244    785532     19.92    180668   1581108     10924
22:26:57      2081908   1861392     47.20      2088   1264260    782776     19.85    180668   1576460     10940
22:26:58      2068600   1874700     47.54      2088   1264260    795252     20.17    180668   1588664     10940
22:26:59      2070820   1872480     47.49      2088   1264260    795252     20.17    180668   1588664     10940
22:27:00      2070872   1872428     47.48      2088   1264260    792072     20.09    180668   1587844     10940
22:27:01      2057212   1886088     47.83      2088   1264268    805956     20.44    180668   1601396     10948
22:27:02      2073584   1869716     47.42      2088   1266948    786356     19.94    180668   1584692     13628
22:27:03      2082940   1860360     47.18      2088   1266952    775976     19.68    180668   1574616     11032
22:27:04      2082404   1860896     47.19      2088   1266960    778188     19.73    180668   1576744     10976
22:27:05      2071700   1871600     47.46      2088   1266964    787232     19.96    180668   1585504     10980
22:27:06      2073236   1870064     47.42      2088   1266976    786804     19.95    180668   1583376     10992
22:27:07      2064512   1878788     47.65      2088   1266976    795780     20.18    180668   1593300     10992
22:27:08      2064764   1878536     47.64      2088   1266976    795780     20.18    180668   1593300     10992
22:27:09      1933724   2009576     50.96      2088   1266988    922304     23.39    180668   1721276     10780
22:27:10      2078616   1864684     47.29      2088   1269668    776160     19.68    180668   1578992     13464
22:27:11      2078616   1864684     47.29      2088   1269668    776160     19.68    180668   1578992     13464
22:27:12      2078112   1865188     47.30      2088   1269668    776304     19.69    180668   1579000     13464
22:27:13      2070300   1873000     47.50      2088   1269680    790184     20.04    180668   1588904     13476
22:27:14      2067724   1875576     47.56      2088   1269680    791080     20.06    180668   1590136     10812
22:27:15      2059740   1883560     47.77      2088   1269688    798744     20.26    180668   1598680     10820
22:27:16      2011128   1932172     49.00      2088   1272360    843164     21.38    180668   1647168     13492
22:27:17      2073372   1869928     47.42      2088   1272380    779232     19.76    180668   1584424     13512
22:27:18      2071104   1872196     47.48      2088   1272380    782216     19.84    180668   1587304     13512
22:27:19      2061528   1881772     47.72      2088   1272384    791360     20.07    180668   1595576     10852
22:27:20      2067512   1875788     47.57      2088   1272400    790236     20.04    180668   1589872     10868
22:27:21      2059988   1883312     47.76      2088   1272400    795540     20.17    180668   1598448     10868
22:27:22      2060392   1882908     47.75      2088   1272404    793856     20.13    180672   1597876     10968
22:27:23      1955924   1987376     50.40      2088   1275080    897560     22.76    180672   1703980     13644
22:27:24      2069324   1873976     47.52      2088   1275092    781896     19.83    180672   1588784     10812
22:27:25      2069072   1874228     47.53      2088   1275096    781960     19.83    180672   1589100     10816
22:27:26      2066300   1877000     47.60      2088   1275100    785100     19.91    180672   1592284     10820
22:27:27      2058220   1885080     47.80      2088   1275100    795892     20.18    180672   1602036     10820
22:27:28      2060940   1882360     47.74      2088   1275104    792204     20.09    180672   1598204     10824
22:27:29      2048532   1894768     48.05      2088   1275116    803640     20.38    180672   1608900     10836
22:27:30      2048872   1894428     48.04      2088   1275116    804888     20.41    180672   1610352     10836
22:27:31      2039776   1903524     48.27      2088   1277792    810120     20.54    180680   1618996     13512
