Linux 5.10.234-225.910.amzn2.x86_64 (ip-10-0-146-67.us-west-2.compute.internal) 	03/25/25 	_x86_64_	(2 CPU)

22:13:05        CPU     %user     %nice   %system   %iowait    %steal     %idle
22:13:06        all     76.12      0.00      6.47      0.50      4.48     12.44
22:13:07        all     44.55      0.00      3.47      0.00      8.91     43.07
22:13:08        all     42.50      0.00      3.50      1.50     14.00     38.50
22:13:09        all     37.81      0.00      1.49      0.00     11.44     49.25
22:13:10        all     32.34      0.00      2.49      0.00     15.42     49.75
22:13:11        all     37.13      0.00      4.46      0.00     12.38     46.04
22:13:12        all     35.15      0.00      2.97      0.00     16.34     45.54
22:13:13        all     37.13      0.00      4.95      0.00     12.87     45.05
22:13:14        all     16.34      0.00      2.48      2.48      4.95     73.76
22:13:15        all      0.00      0.00      0.00      0.00      0.00    100.00
22:13:16        all      0.00      0.00      0.00      0.00      0.00    100.00
22:13:17        all      0.00      0.00      0.00      0.00      0.00    100.00
22:13:18        all      0.50      0.00      0.00      0.00      0.00     99.50
22:13:19        all      0.00      0.00      0.00      0.50      0.50     99.00
22:13:20        all      0.00      0.00      0.50      0.00      0.00     99.50
22:13:21        all      0.00      0.00      0.00      0.00      0.00    100.00
22:13:22        all      0.00      0.00      0.00      0.00      0.00    100.00
22:13:23        all      5.50      0.00      2.00      0.50      4.50     87.50
22:13:24        all     24.02      0.00     10.78      0.00     12.25     52.94
22:13:25        all     16.75      0.00      5.91      0.00      5.91     71.43
22:13:26        all     19.90      0.00      3.48      0.00     11.94     64.68
22:13:27        all     15.27      0.00      6.90      0.00      9.85     67.98
22:13:28        all     12.56      0.00      6.53      0.00      2.01     78.89
22:13:29        all      7.96      0.00      4.48      7.46      4.98     75.12
22:13:30        all     36.32      0.00      0.50      0.00     11.94     51.24
22:13:31        all     40.20      0.00      0.50      0.00      9.55     49.75
22:13:32        all     28.36      0.00      1.99      0.00      6.47     63.18
22:13:33        all     16.75      0.00      3.45      0.00      4.93     74.88
22:13:34        all     19.61      0.00     10.78      6.37     14.22     49.02
22:13:35        all     16.92      0.00      2.99      0.00      4.98     75.12
22:13:36        all     13.79      0.00      4.93      0.00      6.90     74.38
22:13:37        all     13.79      0.00      5.91      0.00     11.82     68.47
22:13:38        all      8.82      0.00      3.92      0.00      5.39     81.86
22:13:39        all      5.94      0.00      2.97      0.00      3.96     87.13
22:13:40        all     18.05      0.00      7.32      1.95      7.32     65.37
22:13:41        all     26.83      0.00      7.32      0.00     13.17     52.68
22:13:42        all     14.85      0.00      2.48      0.00      5.94     76.73
22:13:43        all     23.27      0.00      5.94      0.00      5.94     64.85
22:13:44        all     18.32      0.00      2.48      0.00      5.45     73.76
22:13:45        all     35.64      0.00      5.94      1.49      6.93     50.00
22:13:46        all      9.31      0.00      4.41      0.00      2.45     83.82
22:13:47        all      4.93      0.00      1.48      0.00      4.93     88.67
22:13:48        all      6.93      0.00      2.97      0.00      5.94     84.16
22:13:49        all     17.41      0.00      1.99      0.00      6.47     74.13
22:13:50        all     16.26      0.00      8.37      0.00      7.88     67.49
22:13:51        all      6.00      0.00      1.00      0.00      7.00     86.00
22:13:52        all     16.18      0.00      6.86      0.00     10.29     66.67
22:13:53        all     20.90      0.00      4.98      0.00      8.96     65.17
22:13:54        all      6.90      0.00      2.96      0.00      4.43     85.71
22:13:55        all     17.24      0.00      6.40      0.00      5.91     70.44
22:13:56        all     22.55      0.00      9.31      0.00     17.65     50.49
22:13:57        all     12.06      0.00      4.02      0.00      4.02     79.90
22:13:58        all     19.31      0.00      1.98      0.00      6.93     71.78
22:13:59        all     35.15      0.00      6.44      0.00     13.37     45.05
22:14:00        all      4.98      0.00      2.99      0.00      2.99     89.05
22:14:01        all      5.94      0.00      1.98      0.00      7.43     84.65
22:14:02        all      4.43      0.00      1.97      0.00      4.43     89.16
22:14:03        all      7.88      0.00      4.43      0.00     15.76     71.92
22:14:04        all      7.96      0.00      3.98      0.00     15.92     72.14
22:14:05        all      3.96      0.00      1.49      0.50      3.47     90.59
22:14:06        all     13.59      0.00      4.37      0.00     19.42     62.62
22:14:07        all     17.24      0.00      3.45      0.00     12.81     66.50
22:14:08        all     17.24      0.00      6.90      0.00      5.42     70.44
22:14:09        all     13.86      0.00      3.96      0.00      4.95     77.23
22:14:10        all     20.50      0.00      6.50      0.50      4.00     68.50
22:14:11        all     11.82      0.00      4.43      0.00      2.46     81.28
22:14:12        all     16.18      0.00      7.84      0.00      6.37     69.61
22:14:13        all     29.70      0.00      7.92      0.00     12.87     49.50
22:14:14        all     19.70      0.00      8.08      0.00     10.61     61.62
22:14:15        all     18.91      0.00      1.00      0.00      4.48     75.62
22:14:16        all      6.97      0.00      3.48      0.00      3.98     85.57
22:14:17        all     29.35      0.00      2.49      0.00     12.94     55.22
22:14:18        all     10.50      0.00      1.50      0.00      5.00     83.00
22:14:19        all     10.40      0.00      4.95      0.00     11.39     73.27
22:14:20        all      7.46      0.00      1.99      0.00      3.98     86.57
22:14:21        all     14.63      0.00      9.76      0.00     28.78     46.83
22:14:22        all     12.50      0.00      3.50      0.00      9.00     75.00
22:14:23        all     30.50      0.00     10.00      0.00     13.50     46.00
22:14:24        all      4.48      0.00      2.49      0.00      2.49     90.55
22:14:25        all     39.00      0.00      1.00      0.50     10.50     49.00
22:14:26        all     36.50      0.00      3.00      0.50     14.00     46.00
22:14:27        all     10.40      0.00      1.98      0.00      5.45     82.18
22:14:28        all     27.86      0.00      4.98      0.00     21.89     45.27
22:14:29        all      4.50      0.00      3.00      0.00      4.00     88.50
22:14:30        all     25.98      0.00     12.75      0.00     23.04     38.24
22:14:31        all     15.35      0.00      5.45      0.00     10.89     68.32
22:14:32        all     11.71      0.00      3.41      0.00     12.20     72.68
22:14:33        all      2.00      0.00      0.00      0.00      1.50     96.50
22:14:34        all     19.42      0.00      9.22      0.00     13.59     57.77
22:14:35        all     21.50      0.00      4.00      0.00      9.00     65.50
22:14:36        all     14.78      0.00      7.88      0.00     10.34     67.00
22:14:37        all     31.68      0.00      1.49      0.00      6.93     59.90
22:14:38        all     11.06      0.00      1.01      0.00      2.01     85.93
22:14:39        all     10.78      0.00      5.39      0.00      5.88     77.94
22:14:40        all     23.88      0.00      2.99      0.00     14.93     58.21
22:14:41        all     15.84      0.00      6.44      0.00      6.44     71.29
22:14:42        all     13.50      0.00      2.50      0.00      4.50     79.50
22:14:43        all      8.42      0.00      4.46      0.00      3.47     83.66
22:14:44        all     30.85      0.00      5.97      0.00      4.98     58.21
22:14:45        all     16.42      0.00      2.99      0.00      6.47     74.13
22:14:46        all      8.59      0.00      2.53      0.00      1.52     87.37
22:14:47        all     10.78      0.00      4.90      0.00      4.90     79.41
22:14:48        all     20.30      0.00      1.98      0.00      3.96     73.76
22:14:49        all     11.00      0.00      4.00      0.00      1.00     84.00
22:14:50        all     20.90      0.00      7.46      0.00     11.94     59.70
22:14:51        all      5.88      0.00      2.94      0.49      8.82     81.86
22:14:52        all     23.12      0.00      3.02      0.00      2.01     71.86
22:14:53        all     22.39      0.00      7.46      0.00      6.47     63.68
22:14:54        all     14.50      0.00      3.00      0.00      1.50     81.00
22:14:55        all     23.38      0.00      8.46      0.00      2.49     65.67
22:14:56        all     21.61      0.00      4.02      0.00      3.02     71.36
22:14:57        all      8.91      0.00      3.96      0.00      8.42     78.71
22:14:58        all     20.60      0.00      3.02      0.00      4.52     71.86
22:14:59        all      1.50      0.00      1.00      0.00      1.50     96.00
22:15:00        all     24.63      0.00      4.93      0.00      7.88     62.56
22:15:01        all     13.93      0.00      4.48      0.00      6.97     74.63
22:15:02        all      9.31      0.00      3.43      0.00      7.35     79.90
22:15:03        all     16.92      0.00      3.48      0.00      5.97     73.63
22:15:04        all      3.96      0.00      0.99      0.00      5.45     89.60
22:15:05        all      3.98      0.00      1.00      0.00      4.48     90.55
22:15:06        all     19.90      0.00      5.34      0.00     11.17     63.59
22:15:07        all     14.50      0.00      3.00      0.50      9.50     72.50
22:15:08        all     20.87      0.00      8.74      0.00     13.59     56.80
22:15:09        all     14.57      0.00      2.01      0.00      6.03     77.39
22:15:10        all     19.70      0.00      6.90      0.00     13.30     60.10
22:15:11        all     21.67      0.00      3.94      0.00      7.88     66.50
22:15:12        all      9.05      0.00      3.52      0.50      1.01     85.93
22:15:13        all      2.99      0.00      1.49      0.00      1.00     94.53
22:15:14        all     19.19      0.00      4.55      0.00      2.02     74.24
22:15:15        all     26.47      0.00      4.90      0.00      2.94     65.69
22:15:16        all     10.89      0.00      4.46      0.00      7.92     76.73
22:15:17        all     20.00      0.00      6.00      1.00     10.50     62.50
22:15:18        all      3.48      0.00      1.49      0.00      3.48     91.54
22:15:19        all      0.00      0.00      0.00      0.00      0.50     99.50
22:15:20        all      3.96      0.00      1.98      0.00      4.46     89.60
22:15:21        all     22.00      0.00      3.00      0.00     14.50     60.50
22:15:22        all      8.96      0.00      3.48      0.00      4.98     82.59
22:15:23        all     14.56      0.00      4.85      0.00     11.17     69.42
22:15:24        all     11.56      0.00      3.02      0.00      6.53     78.89
22:15:25        all      2.00      0.00      0.50      0.00      0.50     97.00
22:15:26        all      1.99      0.00      1.00      0.00      1.49     95.52
22:15:27        all     28.22      0.00      6.44      0.50      8.42     56.44
22:15:28        all     22.28      0.00      6.44      0.00      8.91     62.38
22:15:29        all     17.41      0.00      3.48      0.00      1.00     78.11
22:15:30        all      3.00      0.00      0.50      0.00      2.00     94.50
22:15:31        all      4.95      0.00      2.48      0.00      3.96     88.61
22:15:32        all     25.25      0.00      3.96      0.00     17.82     52.97
22:15:33        all     11.33      0.00      3.94      0.00      8.87     75.86
22:15:34        all      9.50      0.00      2.50      0.00      7.50     80.50
22:15:35        all     17.73      0.00      5.42      0.00     11.82     65.02
22:15:36        all      1.51      0.00      0.00      0.00      1.51     96.98
22:15:37        all      3.96      0.00      1.98      0.50      5.94     87.62
22:15:38        all     23.53      0.00      7.35      0.00     13.73     55.39
22:15:39        all     10.40      0.00      3.47      0.00      6.93     79.21
22:15:40        all     20.59      0.00      5.39      0.00     17.16     56.86
22:15:41        all     14.50      0.00      4.00      0.00      9.50     72.00
22:15:42        all      1.50      0.00      0.50      0.50      2.00     95.50
22:15:43        all      6.40      0.00      2.46      0.00      2.46     88.67
22:15:44        all     22.39      0.00      4.98      0.00     10.95     61.69
22:15:45        all     16.83      0.00      6.44      0.00      7.92     68.81
22:15:46        all     23.65      0.00      7.39      0.00     12.32     56.65
22:15:47        all      3.52      0.00      0.50      0.00      2.01     93.97
22:15:48        all      1.00      0.00      0.50      0.50      0.50     97.50
22:15:49        all     19.00      0.00      6.00      0.00      5.00     70.00
22:15:50        all     10.45      0.00      1.49      0.00      5.47     82.59
22:15:51        all     17.91      0.00      5.47      0.00      8.96     67.66
22:15:52        all     22.61      0.00      8.54      0.00      9.05     59.80
22:15:53        all      1.49      0.00      1.00      0.00      1.00     96.52
22:15:54        all      1.01      0.00      0.00      0.00      0.00     98.99
22:15:55        all      5.47      0.00      4.48      0.00      5.97     84.08
22:15:56        all     24.76      0.00      3.40      0.00     12.14     59.71
22:15:57        all      9.90      0.00      4.95      0.00      3.96     81.19
22:15:58        all     21.29      0.00      7.43      0.00      7.92     63.37
22:15:59        all      9.36      0.00      5.42      0.00      3.94     81.28
22:16:00        all      1.01      0.00      0.00      0.00      0.50     98.49
22:16:01        all      1.49      0.00      0.50      0.00      2.49     95.52
22:16:02        all      9.41      0.00      3.47      0.00      6.93     80.20
22:16:03        all     20.20      0.00      0.49      0.49      5.91     72.91
22:16:04        all      5.45      0.00      3.47      0.00      5.45     85.64
22:16:05        all     18.91      0.00      5.97      0.00     11.94     63.18
22:16:06        all     12.81      0.00      3.94      0.00      6.40     76.85
22:16:07        all      1.51      0.00      0.50      0.00      1.51     96.48
22:16:08        all      2.01      0.00      0.50      0.00      1.01     96.48
22:16:09        all      9.41      0.00      3.47      0.00      8.42     78.71
22:16:10        all     25.87      0.00      3.98      0.00     13.43     56.72
22:16:11        all     10.89      0.00      5.45      0.00      8.42     75.25
22:16:12        all     19.80      0.00      4.95      0.00      8.91     66.34
22:16:13        all      6.97      0.00      2.99      0.50      4.98     84.58
22:16:14        all      1.00      0.00      0.50      0.00      0.50     98.00
22:16:15        all      1.50      0.00      0.00      0.00      0.00     98.50
22:16:16        all     10.89      0.00      5.94      0.00      6.93     76.24
22:16:17        all     16.42      0.00      1.49      0.00      4.48     77.61
22:16:18        all     21.67      0.00      7.39      0.00     11.33     59.61
22:16:19        all     18.32      0.00      2.97      0.00      1.98     76.73
22:16:20        all      4.43      0.00      0.49      0.00      1.48     93.60
22:16:21        all      0.50      0.00      0.00      0.00      0.00     99.50
22:16:22        all      5.47      0.00      3.48      0.00      2.49     88.56
22:16:23        all     19.70      0.00      4.93      0.00     11.33     64.04
22:16:24        all     13.24      0.00      6.86      0.00      8.82     71.08
22:16:25        all     24.50      0.00      5.00      0.00      8.50     62.00
22:16:26        all      5.45      0.00      1.98      0.00      1.49     91.09
22:16:27        all      1.49      0.00      0.50      0.00      0.50     97.51
22:16:28        all      0.99      0.00      0.99      0.00      1.98     96.04
22:16:29        all     26.96      0.00      6.86      0.49     10.29     55.39
22:16:30        all     12.44      0.00      4.98      0.00      3.48     79.10
22:16:31        all     21.89      0.00      5.97      0.00      5.97     66.17
22:16:32        all      4.48      0.00      1.49      0.00      1.49     92.54
22:16:33        all      1.01      0.00      0.50      0.00      0.50     97.99
22:16:34        all      6.44      0.00      2.48      0.00      3.47     87.62
22:16:35        all     11.94      0.00      1.99      0.00      6.47     79.60
22:16:36        all     16.34      0.00      2.97      0.00     11.39     69.31
22:16:37        all     15.69      0.00      5.88      0.00     12.25     66.18
22:16:38        all     21.89      0.00      6.47      0.00     16.92     54.73
22:16:39        all      1.51      0.00      0.50      0.00      0.50     97.49
22:16:40        all      9.31      0.00      8.33      0.00      4.90     77.45
22:16:41        all     19.31      0.00      1.98      0.00      8.42     70.30
22:16:42        all      8.96      0.00      5.47      0.00      8.46     77.11
22:16:43        all     29.56      0.00     11.33      0.00     16.26     42.86
22:16:44        all      1.49      0.00      0.99      0.50      0.50     96.53
22:16:45        all      1.00      0.00      0.50      0.00      0.50     98.00
22:16:46        all     12.68      0.00      5.37      0.00      9.76     72.20
22:16:47        all     14.85      0.00      0.99      0.00      4.95     79.21
22:16:48        all     16.92      0.00      5.97      0.00      6.47     70.65
22:16:49        all     27.23      0.00      7.43      0.50      6.44     58.42
22:16:50        all      1.98      0.00      0.99      0.00      0.50     96.53
22:16:51        all      1.49      0.00      0.00      0.00      0.50     98.02
22:16:52        all     11.00      0.00      6.50      0.00      7.50     75.00
22:16:53        all     19.50      0.00      1.00      0.00      7.50     72.00
22:16:54        all     15.84      0.00      7.92      0.00      9.90     66.34
22:16:55        all     27.00      0.00      8.50      0.00      9.50     55.00
22:16:56        all      2.00      0.00      0.00      0.00      1.50     96.50
22:16:57        all      1.50      0.00      0.50      0.00      1.00     97.00
22:16:58        all     12.20      0.00      9.27      0.00     13.66     64.88
22:16:59        all     20.90      0.00      3.98      0.00     10.95     64.18
22:17:00        all     14.85      0.00      6.93      0.00      8.42     69.80
22:17:01        all     17.41      0.00      5.47      0.00      6.47     70.65
22:17:02        all      2.49      0.00      1.49      0.00      1.99     94.03
22:17:03        all      0.00      0.00      0.00      0.00      0.50     99.50
22:17:04        all      2.00      0.00      0.50      0.50      1.50     95.50
22:17:05        all      9.50      0.00      5.50      0.00     10.50     74.50
22:17:06        all     18.72      0.00      1.48      0.00      7.88     71.92
22:17:07        all     24.37      0.00      6.09      0.00      7.11     62.44
22:17:08        all     11.88      0.00      4.46      0.00      5.94     77.72
22:17:09        all      2.50      0.00      1.00      0.00      0.50     96.00
22:17:10        all      2.48      0.00      0.99      0.50      1.98     94.06
22:17:11        all     12.20      0.00      6.34      0.00     10.24     71.22
22:17:12        all     16.83      0.00      1.49      0.00      5.45     76.24
22:17:13        all     17.50      0.00      6.50      0.00      9.00     67.00
22:17:14        all     25.63      0.00      6.03      0.00      9.05     59.30
22:17:15        all      2.01      0.00      0.00      0.00      0.00     97.99
22:17:16        all      1.51      0.00      1.51      0.00      1.01     95.98
22:17:17        all     19.60      0.00      7.04      0.00      6.53     66.83
22:17:18        all     13.86      0.00      3.96      0.00      6.93     75.25
22:17:19        all     27.50      0.00      9.00      0.00     15.50     48.00
22:17:20        all      5.45      0.00      2.97      0.50      1.49     89.60
22:17:21        all      1.51      0.00      0.50      0.00      0.50     97.49
22:17:22        all      1.00      0.00      0.00      0.00      1.00     98.00
22:17:23        all     12.32      0.00      6.90      0.00      9.85     70.94
22:17:24        all     19.80      0.00      2.48      0.00      5.45     72.28
22:17:25        all     21.00      0.00      4.50      0.00     10.00     64.50
22:17:26        all     18.50      0.00      6.50      0.00      5.50     69.50
22:17:27        all      1.97      0.00      1.48      0.00      0.99     95.57
22:17:28        all      0.50      0.00      0.00      0.00      1.01     98.49
22:17:29        all      4.00      0.00      3.50      0.00      2.50     90.00
22:17:30        all     24.26      0.00      4.46      0.50      9.41     61.39
22:17:31        all     16.83      0.00      6.44      0.00      4.95     71.78
22:17:32        all     23.27      0.00      6.93      0.00     10.89     58.91
22:17:33        all      2.50      0.00      0.50      0.00      1.50     95.50
22:17:34        all      1.00      0.00      0.50      0.00      1.50     97.00
22:17:35        all      3.00      0.00      1.50      0.00      1.50     94.00
22:17:36        all     23.15      0.00      5.91      0.00     12.32     58.62
22:17:37        all     12.81      0.00      7.39      0.00      5.42     74.38
22:17:38        all     31.82      0.00     10.10      0.00      7.07     51.01
22:17:39        all      2.00      0.00      2.00      0.00      4.00     92.00
22:17:40        all      0.99      0.00      0.00      0.50      0.50     98.02
22:17:41        all      6.00      0.00      5.00      0.00      4.00     85.00
22:17:42        all     22.77      0.00      2.48      0.00      2.97     71.78
22:17:43        all     16.00      0.00      6.00      0.00      2.50     75.50
22:17:44        all     25.00      0.00      8.00      0.00      4.00     63.00
22:17:45        all      1.52      0.00      0.51      0.00      0.00     97.97
22:17:46        all      1.00      0.00      0.00      0.00      0.50     98.50
22:17:47        all      3.92      0.00      2.94      0.00      6.86     86.27
22:17:48        all     22.89      0.00      4.98      0.00      6.47     65.67
22:17:49        all     12.94      0.00      4.98      0.00      6.47     75.62
22:17:50        all     15.35      0.00      2.48      0.50      2.97     78.71
22:17:51        all     15.42      0.00      5.47      0.00      4.48     74.63
22:17:52        all      3.00      0.00      0.50      0.00      1.50     95.00
22:17:53        all      9.85      0.00      5.42      0.00      4.93     79.80
22:17:54        all     16.00      0.00      1.00      0.00      2.00     81.00
22:17:55        all     26.83      0.00      8.29      0.00     19.02     45.85
22:17:56        all     17.09      0.00      8.04      0.00     14.07     60.80
22:17:57        all      2.49      0.00      0.50      0.00      2.99     94.03
22:17:58        all      0.50      0.00      1.00      0.00      1.00     97.51
22:17:59        all      1.00      0.00      0.00      0.00      0.50     98.50
22:18:00        all     10.45      0.00      5.97      0.00      6.97     76.62
22:18:01        all     18.91      0.00      1.00      0.50      6.97     72.64
22:18:02        all      7.66      0.00      6.22      0.00     17.70     68.42
22:18:03        all     11.82      0.00      2.96      0.00      9.36     75.86
22:18:04        all     27.59      0.00      9.36      0.00     23.65     39.41
22:18:05        all      2.97      0.00      0.00      0.00      1.98     95.05
22:18:06        all      2.01      0.00      0.50      0.00      1.01     96.48
22:18:07        all      0.50      0.00      0.50      0.00      1.00     98.01
22:18:08        all      5.85      0.00      6.83      0.00     11.71     75.61
22:18:09        all     16.83      0.00      0.99      0.00     10.40     71.78
22:18:10        all     18.23      0.00      6.90      0.00      9.36     65.52
22:18:11        all      9.90      0.00      2.97      0.00     11.39     75.74
22:18:12        all     20.00      0.00      5.00      0.00     13.00     62.00
22:18:13        all      2.99      0.00      1.99      0.00      1.00     94.03
22:18:14        all     16.42      0.00      2.49      0.00      5.97     75.12
22:18:15        all     13.43      0.00      1.99      0.00      6.97     77.61
22:18:16        all     24.51      0.00      5.39      0.49     15.20     54.41
22:18:17        all     21.11      0.00     10.05      0.00      9.05     59.80
22:18:18        all      1.00      0.00      0.50      0.00      1.49     97.01
22:18:19        all      2.49      0.00      0.50      0.00      1.99     95.02
22:18:20        all     10.45      0.00      3.98      0.00      2.99     82.59
22:18:21        all     18.91      0.00      0.50      0.50     10.95     69.15
22:18:22        all     17.65      0.00      7.84      0.00     16.18     58.33
22:18:23        all     17.91      0.00      4.48      0.00      9.95     67.66
22:18:24        all     10.89      0.00      3.96      0.00      5.45     79.70
22:18:25        all      2.01      0.00      0.50      0.00      1.01     96.48
22:18:26        all      8.96      0.00      5.47      0.00      6.97     78.61
22:18:27        all     17.41      0.00      1.99      0.00      3.48     77.11
22:18:28        all     15.35      0.00      4.46      0.00      5.94     74.26
22:18:29        all     19.21      0.00      4.43      0.00     11.33     65.02
22:18:30        all     15.50      0.00      6.00      0.00      9.00     69.50
22:18:31        all      1.97      0.00      0.49      0.00      0.99     96.55
22:18:32        all      4.00      0.00      2.50      0.00      4.00     89.50
22:18:33        all     24.12      0.00      3.52      0.00      3.52     68.84
22:18:34        all     23.90      0.00      6.83      0.00     17.07     52.20
22:18:35        all     20.90      0.00      6.97      0.00      9.45     62.69
22:18:36        all      1.00      0.00      0.50      0.00      1.00     97.51
22:18:37        all      2.00      0.00      1.50      0.00      1.00     95.50
22:18:38        all     20.79      0.00      5.94      0.00     15.35     57.92
22:18:39        all     18.50      0.00      4.50      0.00      8.50     68.50
22:18:40        all      6.47      0.00      2.99      0.00      1.49     89.05
22:18:41        all     15.92      0.00      4.48      0.00      7.96     71.64
22:18:42        all     10.95      0.00      3.48      0.00      2.49     83.08
22:18:43        all     11.39      0.00      5.45      0.00      7.92     75.25
22:18:44        all     17.82      0.00      1.49      0.00      6.44     74.26
22:18:45        all     12.87      0.00      6.44      0.00      6.93     73.76
22:18:46        all     24.26      0.00      7.92      0.00      9.90     57.92
22:18:47        all      5.37      0.00      2.44      0.98      2.93     88.29
22:18:48        all      2.50      0.00      1.00      0.00      1.50     95.00
22:18:49        all     15.53      0.00      2.91      0.00      7.28     74.27
22:18:50        all     16.43      0.00      6.76      0.00     19.32     57.49
22:18:51        all      9.95      0.00      3.48      0.00      4.48     82.09
22:18:52        all      6.44      0.00      1.98      0.00      6.44     85.15
22:18:53        all     24.26      0.00      9.90      0.00      9.41     56.44
22:18:54        all      1.99      0.00      1.00      0.00      0.50     96.52
22:18:55        all      1.50      0.00      1.00      0.00      1.50     96.00
22:18:56        all      9.41      0.00      7.92      0.00      5.94     76.73
22:18:57        all     17.00      0.00      1.50      0.00      5.00     76.50
22:18:58        all     29.85      0.00      7.96      0.00      8.96     53.23
22:18:59        all     14.93      0.00      4.98      0.00      7.46     72.64
22:19:00        all      1.50      0.00      1.00      0.00      1.50     96.00
22:19:01        all     11.06      0.00      4.52      0.00      2.01     82.41
22:19:02        all     17.91      0.00      1.00      0.50      9.45     71.14
22:19:03        all      9.95      0.00      3.98      0.00     10.45     75.62
22:19:04        all     23.76      0.00      5.94      0.00     14.85     55.45
22:19:05        all     15.35      0.00      7.43      0.00      7.92     69.31
22:19:06        all      1.92      0.00      1.44      0.00     12.50     84.13
22:19:07        all      2.44      0.00      1.46      0.49      7.32     88.29
22:19:08        all      1.50      0.00      0.50      0.00      0.50     97.50
22:19:09        all     18.23      0.00      4.43      0.00      7.88     69.46
22:19:10        all     15.84      0.00      4.46      0.00      8.42     71.29
22:19:11        all      9.55      0.00      4.02      0.00      8.54     77.89
22:19:12        all     26.87      0.00      5.97      0.00      9.95     57.21
22:19:13        all      1.00      0.00      0.50      0.00      0.50     98.00
22:19:14        all      1.49      0.00      1.00      0.00      0.00     97.51
22:19:15        all      0.50      0.00      0.00      0.00      0.50     99.00
22:19:16        all     25.87      0.00      4.48      0.00     12.44     57.21
22:19:17        all      5.45      0.00      2.97      0.50      4.95     86.14
22:19:18        all     13.30      0.00      4.93      0.00     18.23     63.55
22:19:19        all     25.87      0.00      6.97      0.00     15.92     51.24
22:19:20        all      3.98      0.00      1.49      0.00      2.99     91.54
22:19:21        all      8.91      0.00      4.46      0.00      3.96     82.67
22:19:22        all     18.09      0.00      1.01      0.00      4.02     76.88
22:19:23        all     14.50      0.00      5.50      0.00      6.00     74.00
22:19:24        all     28.71      0.00      7.92      0.00     11.39     51.98
22:19:25        all      4.02      0.00      2.01      0.00      2.51     91.46
22:19:26        all      2.50      0.00      0.50      0.00      1.00     96.00
22:19:27        all     12.50      0.00      5.50      0.00      4.50     77.50
22:19:28        all     19.60      0.00      3.52      0.00      2.51     74.37
22:19:29        all     16.34      0.00      3.96      0.00      5.94     73.76
22:19:30        all     23.50      0.00      7.00      0.00      4.00     65.50
22:19:31        all      2.97      0.00      0.99      0.00      1.98     94.06
22:19:32        all      0.50      0.00      0.00      0.00      0.50     98.99
22:19:33        all      1.99      0.00      0.50      0.50      1.00     96.02
22:19:34        all     22.93      0.00      5.85      0.00     15.12     56.10
22:19:35        all     13.79      0.00      3.94      0.00      4.43     77.83
22:19:36        all     16.83      0.00      4.46      0.00     10.89     67.82
22:19:37        all     24.38      0.00      8.46      0.00      7.96     59.20
22:19:38        all      1.00      0.00      0.00      0.50      0.50     98.00
22:19:39        all      1.00      0.00      1.00      0.00      2.50     95.50
22:19:40        all      1.98      0.00      0.99      0.00      3.47     93.56
22:19:41        all      7.84      0.00      5.39      0.00      6.86     79.90
22:19:42        all     24.50      0.00      4.50      0.00      6.50     64.50
22:19:43        all     14.93      0.00      3.48      0.00      3.98     77.61
22:19:44        all     22.50      0.00      6.50      0.00      6.50     64.50
22:19:45        all      1.49      0.00      1.00      0.00      1.00     96.52
22:19:46        all      1.00      0.00      0.50      0.00      1.00     97.51
22:19:47        all     24.14      0.00      4.43      0.00      9.36     62.07
22:19:48        all     12.38      0.00      5.45      0.00     10.40     71.78
22:19:49        all     30.54      0.00     11.33      0.00     16.75     41.38
22:19:50        all      7.96      0.00      3.48      0.00      2.99     85.57
22:19:51        all      1.49      0.00      1.00      0.00      1.49     96.02
22:19:52        all      1.00      0.00      0.50      0.00      0.50     98.01
22:19:53        all     11.22      0.00      6.34      0.49     10.24     71.71
22:19:54        all     19.70      0.00      0.99      0.00      9.36     69.95
22:19:55        all     13.43      0.00      4.48      0.00      3.48     78.61
22:19:56        all     27.86      0.00      6.47      0.00     13.93     51.74
22:19:57        all      8.46      0.00      3.48      0.00      4.48     83.58
22:19:58        all      1.00      0.00      0.50      0.00      1.00     97.50
22:19:59        all      1.00      0.00      0.50      0.00      1.49     97.01
22:20:00        all      8.00      0.00      5.50      0.00      3.50     83.00
22:20:01        all     17.33      0.00      1.49      0.00      3.96     77.23
22:20:02        all     13.73      0.00      6.37      0.49     20.59     58.82
22:20:03        all     11.76      0.00      1.96      0.00     19.61     66.67
22:20:04        all     25.63      0.00      7.04      0.00     13.07     54.27
22:20:05        all      0.50      0.00      0.00      0.00      0.50     99.00
22:20:06        all      0.50      0.00      0.50      0.00      0.50     98.49
22:20:07        all      2.49      0.00      0.00      0.00      2.49     95.02
22:20:08        all     16.26      0.00      8.37      0.00     13.30     62.07
22:20:09        all     18.81      0.00      4.95      0.50      8.42     67.33
22:20:10        all     11.76      0.00      4.90      0.00     11.76     71.57
22:20:11        all     30.85      0.00      6.97      0.00     10.45     51.74
22:20:12        all      0.50      0.00      1.01      0.00      1.01     97.49
22:20:13        all      0.00      0.00      0.00      0.00      0.00    100.00
22:20:14        all      1.51      0.00      0.00      0.00      0.50     97.99
22:20:15        all     24.88      0.00      6.83      0.00      6.34     61.95
22:20:16        all      7.88      0.00      3.94      0.00      8.37     79.80
22:20:17        all     26.00      0.00      8.00      0.00      3.50     62.50
22:20:18        all     11.00      0.00      3.50      0.00      1.00     84.50
22:20:19        all      1.00      0.00      0.50      0.50      1.00     97.01
22:20:20        all      2.49      0.00      0.50      0.00      2.99     94.03
22:20:21        all     15.76      0.00      4.43      0.00      7.39     72.41
22:20:22        all     17.50      0.00      4.50      0.00      5.00     73.00
22:20:23        all     16.02      0.00      4.85      0.00     11.17     67.96
22:20:24        all     25.87      0.00      9.45      0.50     11.94     52.24
22:20:25        all      1.49      0.00      1.00      0.00      1.00     96.52
22:20:26        all      0.50      0.00      0.00      0.00      2.01     97.49
22:20:27        all      9.36      0.00      2.96      0.00      2.96     84.73
22:20:28        all     17.59      0.00      0.50      0.00     10.55     71.36
22:20:29        all     17.65      0.00      9.31      0.00     15.69     57.35
22:20:30        all      3.48      0.00      0.50      0.00      1.99     94.03
22:20:31        all     23.50      0.00      6.50      0.00      2.00     68.00
22:20:32        all      4.88      0.00      2.44      0.00      6.34     86.34
22:20:33        all     18.54      0.00      5.85      0.00      6.83     68.78
22:20:34        all     15.20      0.00      3.43      0.98      8.82     71.57
22:20:35        all     22.39      0.00      5.97      0.00     11.44     60.20
22:20:36        all     27.59      0.00      5.91      0.00     14.29     52.22
22:20:37        all      2.48      0.00      0.50      0.00      0.99     96.04
22:20:38        all      0.50      0.00      0.00      0.00      1.00     98.50
22:20:39        all      0.50      0.00      0.50      0.00      0.50     98.50
22:20:40        all      8.29      0.00      5.37      0.00      6.34     80.00
22:20:41        all     22.77      0.00      4.46      0.00     11.39     61.39
22:20:42        all     13.30      0.00      6.40      0.00     11.82     68.47
22:20:43        all     25.12      0.00      9.36      0.00     18.72     46.80
22:20:44        all      7.96      0.00      2.49      0.00      4.48     85.07
22:20:45        all      1.50      0.00      0.00      0.00      1.50     97.00
22:20:46        all     12.20      0.00      6.34      0.00     10.24     71.22
22:20:47        all      7.96      0.00      1.00      0.00      6.47     84.58
22:20:48        all     28.57      0.00      7.39      0.00     23.15     40.89
22:20:49        all      6.00      0.00      2.00      0.00      4.50     87.50
22:20:50        all     29.21      0.00      5.94      0.50      9.90     54.46
22:20:51        all      4.48      0.00      1.99      0.00      2.49     91.04
22:20:52        all      0.50      0.00      0.00      0.00      0.50     99.00
22:20:53        all     22.39      0.00      4.48      0.00      8.96     64.18
22:20:54        all     14.00      0.00      5.00      0.00      4.50     76.50
22:20:55        all     23.23      0.00      6.06      0.00      4.04     66.67
22:20:56        all     21.89      0.00      8.46      0.00      5.47     64.18
22:20:57        all      1.00      0.00      0.50      0.00      1.49     97.01
22:20:58        all      0.50      0.00      1.00      0.00      1.49     97.01
22:20:59        all      1.00      0.00      0.50      0.00      1.49     97.01
22:21:00        all     10.78      0.00      4.41      0.00     10.29     74.51
22:21:01        all     18.00      0.00      0.50      0.00      4.00     77.50
22:21:02        all     13.53      0.00      5.80      0.00     13.53     67.15
22:21:03        all     19.31      0.00      4.46      0.00     13.37     62.87
22:21:04        all     17.33      0.00      7.43      0.00     12.38     62.87
22:21:05        all      1.48      0.00      1.48      0.49      1.48     95.07
22:21:06        all      1.00      0.00      0.00      0.00      0.00     99.00
22:21:07        all      9.50      0.00      4.50      0.00      1.50     84.50
22:21:08        all     17.41      0.00      1.49      0.00      1.49     79.60
22:21:09        all      8.42      0.00      2.97      0.00      8.42     80.20
22:21:10        all     25.00      0.00      6.86      0.49     16.18     51.47
22:21:11        all     18.14      0.00      5.88      0.00      9.31     66.67
22:21:12        all      1.01      0.00      0.00      0.00      0.50     98.49
22:21:13        all      0.50      0.00      0.00      0.00      0.00     99.50
22:21:14        all      3.96      0.00      1.98      0.00      2.48     91.58
22:21:15        all     21.89      0.00      5.47      0.50     10.45     61.69
22:21:16        all     14.71      0.00      4.41      0.00      9.80     71.08
22:21:17        all     13.00      0.00      2.00      0.00      2.00     83.00
22:21:18        all     23.76      0.00      8.91      0.00     17.82     49.50
22:21:19        all      0.50      0.00      0.50      0.00      0.50     98.50
22:21:20        all      1.00      0.00      0.50      0.00      1.00     97.50
22:21:21        all      8.91      0.00      4.95      0.00      4.95     81.19
22:21:22        all     18.59      0.00      0.00      0.00      2.51     78.89
22:21:23        all     11.50      0.00      6.00      0.00      7.00     75.50
22:21:24        all     35.96      0.00     12.81      0.00      6.90     44.33
22:21:25        all      1.50      0.00      1.50      0.00      1.00     96.00
22:21:26        all      1.49      0.00      0.50      0.00      0.50     97.51
22:21:27        all      0.50      0.00      0.50      0.00      0.00     99.00
22:21:28        all     25.98      0.00      8.33      0.00     13.73     51.96
22:21:29        all      5.47      0.00      1.49      0.00      3.48     89.55
22:21:30        all     32.20      0.00     13.17      0.00     19.51     35.12
22:21:31        all     21.29      0.00     10.40      0.50     20.79     47.03
22:21:32        all      2.96      0.00      0.99      0.00      2.46     93.60
22:21:33        all      0.50      0.00      0.00      0.00      0.50     99.00
22:21:34        all      9.41      0.00      6.93      0.00      7.92     75.74
22:21:35        all     19.50      0.00      1.00      0.00     10.50     69.00
22:21:36        all     15.92      0.00      5.47      0.50      6.97     71.14
22:21:37        all      9.85      0.00      2.46      0.00     10.34     77.34
22:21:38        all     28.22      0.00      9.41      0.00     11.39     50.99
22:21:39        all      1.50      0.00      0.50      0.00      1.50     96.50
22:21:40        all      0.00      0.00      1.00      0.00      0.00     99.00
22:21:41        all     14.00      0.00      9.00      0.00      9.00     68.00
22:21:42        all     12.56      0.00      0.50      0.00      1.51     85.43
22:21:43        all     31.68      0.00     11.88      0.00      8.91     47.52
22:21:44        all     18.09      0.00      9.05      0.00      7.04     65.83
22:21:45        all      1.52      0.00      0.51      0.00      1.01     96.97
22:21:46        all      0.00      0.00      0.00      0.00      0.00    100.00
22:21:47        all      0.50      0.00      0.00      0.00      0.00     99.50
22:21:48        all     23.76      0.00      5.94      0.00     11.88     58.42
22:21:49        all     14.07      0.00      3.52      0.00      7.04     75.38
22:21:50        all     21.39      0.00      5.47      0.00      5.47     67.66
22:21:51        all     24.39      0.00     12.20      0.49     14.15     48.78
22:21:52        all      2.01      0.00      0.50      0.00      1.51     95.98
22:21:53        all      0.50      0.00      0.50      0.00      0.50     98.51
22:21:54        all     12.32      0.00      4.93      0.00     11.82     70.94
22:21:55        all     21.29      0.00      2.48      0.00     12.87     63.37
22:21:56        all     17.07      0.00      5.85      0.49     12.20     64.39
22:21:57        all     28.86      0.00      8.46      0.00     12.94     49.75
22:21:58        all      2.53      0.00      0.51      0.00      0.51     96.46
22:21:59        all      1.00      0.00      0.50      0.00      2.50     96.00
22:22:00        all      8.87      0.00      7.39      0.00     16.26     67.49
22:22:01        all     19.00      0.00      1.50      0.00      8.50     71.00
22:22:02        all      7.96      0.00      2.99      0.00      6.97     82.09
22:22:03        all     15.27      0.00      4.43      0.00     11.82     68.47
22:22:04        all     26.37      0.00      9.45      0.00     14.43     49.75
22:22:05        all      5.47      0.00      1.99      0.00      1.99     90.55
22:22:06        all      1.01      0.00      0.50      0.00      1.51     96.98
22:22:07        all      0.00      0.00      0.50      0.00      0.50     99.00
22:22:08        all      6.00      0.00      4.00      0.00      5.50     84.50
22:22:09        all     26.11      0.00      4.43      0.00      8.87     60.59
22:22:10        all     11.50      0.00      2.50      0.00      5.00     81.00
22:22:11        all      2.49      0.00      1.00      0.00      1.49     95.02
22:22:12        all     19.19      0.00      7.07      0.51      7.58     65.66
22:22:13        all      5.94      0.00      2.97      0.00      1.98     89.11
22:22:14        all     20.50      0.00      8.00      0.00      3.50     68.00
22:22:15        all     10.00      0.00      2.00      0.00      1.50     86.50
22:22:16        all     25.13      0.00     12.06      0.00      9.05     53.77
22:22:17        all     18.81      0.00      9.90      0.00      4.95     66.34
22:22:18        all      1.50      0.00      0.00      0.00      0.50     98.00
22:22:19        all      1.01      0.00      0.00      0.00      1.01     97.99
22:22:20        all      0.50      0.00      0.00      0.00      0.00     99.50
22:22:21        all     12.25      0.00      5.39      0.00      8.82     73.53
22:22:22        all     16.92      0.00      1.49      0.50      8.46     72.64
22:22:23        all     17.50      0.00      8.50      0.00      5.00     69.00
22:22:24        all     25.50      0.00      8.00      0.00      3.50     63.00
22:22:25        all      6.90      0.00      1.48      0.00      3.45     88.18
22:22:26        all      1.52      0.00      0.00      0.00      1.01     97.47
22:22:27        all     14.22      0.00      3.92      0.00      5.88     75.98
22:22:28        all     14.00      0.00      1.50      0.00      2.50     82.00
22:22:29        all     29.35      0.00     10.45      0.00      9.45     50.75
22:22:30        all     20.40      0.00      9.95      0.00      4.98     64.68
22:22:31        all      1.00      0.00      0.00      0.00      0.50     98.51
22:22:32        all      1.01      0.00      0.00      0.50      0.50     97.99
22:22:33        all      0.00      0.00      0.00      0.00      0.00    100.00
22:22:34        all      8.37      0.00      3.45      0.00      1.97     86.21
22:22:35        all      2.02      0.00      0.51      0.00      0.51     96.97
22:22:36        all     24.02      0.00      4.90      0.00     18.63     52.45
22:22:37        all      8.96      0.00      2.49      0.00      6.47     82.09
22:22:38        all      1.99      0.00      0.50      0.00      1.49     96.02
22:22:39        all     18.59      0.00      5.03      0.00     10.55     65.83
22:22:40        all     15.84      0.00      6.44      0.00      6.44     71.29
22:22:41        all      5.97      0.00      2.99      0.00      4.98     86.07
22:22:42        all     21.89      0.00      3.48      0.50     11.94     62.19
22:22:43        all      9.95      0.00      2.99      0.00      3.48     83.58
22:22:44        all     26.73      0.00      7.92      0.00      8.42     56.93
22:22:45        all     15.27      0.00      4.93      0.00      4.43     75.37
22:22:46        all      1.01      0.00      0.00      0.00      0.00     98.99
22:22:47        all      1.00      0.00      0.00      0.50      1.00     97.51
22:22:48        all     11.82      0.00      6.40      0.00     14.29     67.49
22:22:49        all     16.92      0.00      1.49      0.00      4.48     77.11
22:22:50        all     17.33      0.00      6.93      0.00      7.43     68.32
22:22:51        all     22.50      0.00      6.00      0.00      8.00     63.50
22:22:52        all     16.00      0.00      6.00      0.00      5.50     72.50
22:22:53        all      1.50      0.00      0.50      0.00      0.50     97.50
22:22:54        all      0.00      0.00      0.50      0.00      0.00     99.50
22:22:55        all      3.43      0.00      2.45      0.00      6.86     87.25
22:22:56        all     23.88      0.00      4.48      0.00     10.45     61.19
22:22:57        all      8.91      0.00      5.45      0.00      2.48     83.17
22:22:58        all     20.40      0.00      3.98      0.00      8.96     66.67
22:22:59        all     24.12      0.00      9.55      0.00      8.54     57.79
22:23:00        all      0.50      0.00      1.00      0.00      1.00     97.51
22:23:01        all      1.50      0.00      0.00      0.00      1.00     97.50
22:23:02        all      1.49      0.00      0.99      0.00      2.97     94.55
22:23:03        all     11.33      0.00      4.43      0.49      9.36     74.38
22:23:04        all     17.41      0.00      2.49      0.00      6.97     73.13
22:23:05        all     11.44      0.00      4.98      0.00      4.48     79.10
22:23:06        all     25.12      0.00      7.39      0.00      8.87     58.62
22:23:07        all     13.57      0.00      5.03      0.00      5.03     76.38
22:23:08        all      1.51      0.00      0.00      0.00      0.00     98.49
22:23:09        all      1.49      0.00      0.00      0.00      0.50     98.01
22:23:10        all      7.88      0.00      3.45      0.00      6.40     82.27
22:23:11        all     19.10      0.00      1.51      0.00      4.02     75.38
22:23:12        all     12.75      0.00      6.86      0.00      9.80     70.59
22:23:13        all     33.66      0.00     10.89      0.50     17.33     37.62
22:23:14        all     10.34      0.00      3.45      0.00      4.43     81.77
22:23:15        all      0.50      0.00      0.00      0.00      0.00     99.50
22:23:16        all      1.00      0.00      0.50      0.00      0.50     98.00
22:23:17        all      9.41      0.00      4.46      0.00      2.48     83.66
22:23:18        all     18.18      0.00      0.51      0.00      2.53     78.79
22:23:19        all     27.14      0.00      9.05      0.00      5.53     58.29
22:23:20        all     27.00      0.00     11.50      0.00      4.50     57.00
22:23:21        all      1.50      0.00      0.00      0.00      0.50     98.00
22:23:22        all      1.00      0.00      0.50      0.00      0.50     98.01
22:23:23        all      0.50      0.00      0.00      0.50      0.50     98.49
22:23:24        all      6.53      0.00      4.02      0.00      3.52     85.93
22:23:25        all     17.82      0.00      0.99      0.00      5.94     75.25
22:23:26        all     20.59      0.00      9.31      0.00      9.80     60.29
22:23:27        all     25.50      0.00      8.00      0.00      9.50     57.00
22:23:28        all      8.50      0.00      4.00      0.00      3.00     84.50
22:23:29        all      8.91      0.00      3.96      0.00      3.47     83.66
22:23:30        all      1.00      0.00      1.50      0.00      0.50     97.00
22:23:31        all     27.36      0.00      4.98      0.00      8.46     59.20
22:23:32        all      5.50      0.00      1.50      0.00      1.50     91.50
22:23:33        all     28.16      0.00      7.28      0.49     19.42     44.66
22:23:34        all     11.00      0.00      5.00      0.00      1.50     82.50
22:23:35        all      0.50      0.00      1.00      0.00      1.00     97.51
22:23:36        all      1.49      0.00      0.50      0.00      1.00     97.01
22:23:37        all      7.00      0.00      2.50      0.00      3.00     87.50
22:23:38        all      3.48      0.00      2.49      0.00      2.99     91.04
22:23:39        all     34.98      0.00      7.39      0.00     17.73     39.90
22:23:40        all      2.00      0.00      1.50      0.00      1.50     95.00
22:23:41        all      2.50      0.00      0.50      0.00      1.00     96.00
22:23:42        all     22.66      0.00      6.90      0.00     12.81     57.64
22:23:43        all     14.65      0.00      4.55      0.00      6.57     74.24
22:23:44        all     11.11      0.00      5.31      0.48      6.76     76.33
22:23:45        all     19.00      0.00      0.00      0.00     10.50     70.50
22:23:46        all     17.16      0.00      6.37      0.00     13.24     63.24
22:23:47        all     29.50      0.00      7.00      0.00     16.50     47.00
22:23:48        all     16.42      0.00      5.97      0.00      2.99     74.63
22:23:49        all      1.00      0.00      0.50      0.00      1.00     97.50
22:23:50        all      0.50      0.00      0.00      0.00      0.00     99.50
22:23:51        all      0.99      0.00      0.99      0.00      1.98     96.04
22:23:52        all      9.36      0.00      5.91      0.00     12.81     71.92
22:23:53        all     23.88      0.00      1.99      0.00     14.93     59.20
22:23:54        all     12.00      0.00      4.00      0.00      2.00     82.00
22:23:55        all     21.78      0.00      6.44      0.00      3.96     67.82
22:23:56        all     14.50      0.00      7.00      0.00      2.50     76.00
22:23:57        all      0.99      0.00      0.00      0.00      1.49     97.52
22:23:58        all      0.50      0.00      0.00      0.00      0.00     99.50
22:23:59        all     25.12      0.00      6.40      0.49      6.40     61.58
22:24:00        all     10.50      0.00      1.00      0.00      2.00     86.50
22:24:01        all     24.64      0.00      9.66      0.00     20.29     45.41
22:24:02        all     23.15      0.00      7.39      0.00     20.20     49.26
22:24:03        all     10.00      0.00      2.50      0.00      9.00     78.50
22:24:04        all      0.51      0.00      0.00      0.00      0.51     98.99
22:24:05        all      1.00      0.00      0.50      0.00      1.50     97.00
22:24:06        all      2.46      0.00      2.46      0.00      6.90     88.18
22:24:07        all     22.77      0.00      3.96      0.00     12.87     60.40
22:24:08        all     10.89      0.00      2.97      0.00      4.46     81.68
22:24:09        all     14.85      0.00      4.46      0.00      9.41     71.29
22:24:10        all     30.69      0.00     10.89      0.00      8.91     49.50
22:24:11        all      3.50      0.00      1.50      0.00      1.00     94.00
22:24:12        all      1.01      0.00      0.50      0.00      0.00     98.49
22:24:13        all      1.00      0.00      0.50      0.00      1.00     97.51
22:24:14        all     16.92      0.00      3.48      0.50      2.49     76.62
22:24:15        all     10.89      0.00      3.96      0.00      1.98     83.17
22:24:16        all     18.81      0.00      3.96      0.00      7.43     69.80
22:24:17        all     34.65      0.00     10.89      0.00      4.46     50.00
22:24:18        all      1.99      0.00      1.00      0.00      0.50     96.52
22:24:19        all      1.00      0.00      1.00      0.00      0.00     98.00
22:24:20        all      0.50      0.00      0.00      0.50      0.00     99.00
22:24:21        all      0.50      0.00      0.50      0.00      0.50     98.50
22:24:22        all     19.21      0.00      5.91      0.00     11.33     63.55
22:24:23        all     14.78      0.00      2.46      0.00      5.91     76.85
22:24:24        all     14.93      0.00      3.98      0.00      4.48     76.62
22:24:25        all     31.84      0.00     12.44      0.00      9.45     46.27
22:24:26        all      5.47      0.00      2.49      0.00      2.49     89.55
22:24:27        all      1.01      0.00      0.00      0.00      0.50     98.49
22:24:28        all      0.50      0.00      0.50      0.00      0.50     98.50
22:24:29        all      8.37      0.00      5.91      0.00      6.40     79.31
22:24:30        all     21.00      0.00      2.00      0.00      6.50     70.50
22:24:31        all     19.21      0.00      7.88      0.00     12.81     60.10
22:24:32        all     31.19      0.00      8.91      0.00     10.40     49.50
22:24:33        all      8.50      0.00      4.00      0.00      4.00     83.50
22:24:34        all      1.49      0.00      0.50      0.00      1.00     97.01
22:24:35        all      0.50      0.00      0.00      0.50      0.50     98.50
22:24:36        all      4.50      0.00      2.00      0.00      1.50     92.00
22:24:37        all     21.11      0.00      2.51      0.00      2.51     73.87
22:24:38        all      9.85      0.00      5.42      0.00      6.40     78.33
22:24:39        all     39.41      0.00     11.82      0.00     16.75     32.02
22:24:40        all     14.93      0.00      8.96      0.00      3.98     72.14
22:24:41        all      1.99      0.00      1.00      0.00      1.00     96.02
22:24:42        all      1.49      0.00      0.00      0.00      0.50     98.01
22:24:43        all     17.96      0.00      8.25      0.00      8.74     65.05
22:24:44        all     11.50      0.00      1.50      0.00      2.00     85.00
22:24:45        all     32.02      0.00      7.39      0.00      5.91     54.68
22:24:46        all     23.90      0.00     13.17      0.00      6.34     56.59
22:24:47        all      2.00      0.00      0.00      0.00      1.50     96.50
22:24:48        all      0.00      0.00      0.00      0.00      0.50     99.50
22:24:49        all      1.49      0.00      1.00      0.00      0.00     97.51
22:24:50        all     22.55      0.00      6.86      0.49     15.69     54.41
22:24:51        all     11.39      0.00      4.95      0.00      5.45     78.22
22:24:52        all     21.50      0.00      7.50      0.00      7.00     64.00
22:24:53        all     23.12      0.00      9.05      0.00      8.54     59.30
22:24:54        all      1.49      0.00      0.50      0.00      0.50     97.51
22:24:55        all      0.00      0.00      0.00      0.00      0.00    100.00
22:24:56        all      0.50      0.00      0.50      0.00      0.50     98.51
22:24:57        all      8.96      0.00      9.45      0.00      8.96     72.64
22:24:58        all     18.59      0.00      0.00      0.00      4.02     77.39
22:24:59        all     23.27      0.00      9.41      0.00      6.44     60.89
22:25:00        all     28.78      0.00      6.34      0.00     16.10     48.78
22:25:01        all     13.50      0.00      4.50      0.00     12.50     69.50
22:25:02        all      0.50      0.00      0.50      0.00      0.99     98.02
22:25:03        all      2.01      0.00      0.50      0.00      1.51     95.98
22:25:04        all     19.21      0.00      4.93      0.00     12.32     63.55
22:25:05        all     12.94      0.00      2.49      0.00      7.46     77.11
22:25:06        all     25.49      0.00      8.33      0.49     13.73     51.96
22:25:07        all     30.00      0.00     10.00      0.00      2.50     57.50
22:25:08        all      0.00      0.00      0.00      0.00      0.00    100.00
22:25:09        all      1.00      0.00      0.00      0.00      0.50     98.50
22:25:10        all      0.00      0.00      0.00      0.00      0.50     99.50
22:25:11        all      1.50      0.00      0.50      0.00      1.00     97.00
22:25:12        all     24.51      0.00      6.37      0.00     14.22     54.90
22:25:13        all      9.41      0.00      3.96      0.00      1.98     84.65
22:25:14        all     40.50      0.00     11.50      0.00     10.50     37.50
22:25:15        all     10.95      0.00      5.97      0.00      5.97     77.11
22:25:16        all      1.99      0.00      0.00      1.00      0.00     97.01
22:25:17        all      1.00      0.00      0.50      0.00      1.00     97.51
22:25:18        all     11.33      0.00      5.91      0.00      6.90     75.86
22:25:19        all     18.00      0.00      2.50      0.00      5.50     74.00
22:25:20        all     12.38      0.00      8.42      0.00      5.94     73.27
22:25:21        all     27.00      0.00      7.00      0.00     13.00     53.00
22:25:22        all     17.41      0.00      5.47      0.00      8.46     68.66
22:25:23        all      1.50      0.00      0.00      0.00      1.00     97.50
22:25:24        all      0.00      0.00      0.50      0.00      0.00     99.50
22:25:25        all      1.00      0.00      0.50      0.00      1.49     97.01
22:25:26        all     21.50      0.00      5.00      0.00      6.00     67.50
22:25:27        all     12.87      0.00      1.98      0.00      5.94     79.21
22:25:28        all     30.35      0.00     10.95      0.00      5.47     53.23
22:25:29        all     22.77      0.00      7.92      0.00      8.42     60.89
22:25:30        all      1.01      0.00      0.51      0.00      0.51     97.98
22:25:31        all      0.50      0.00      0.00      0.50      0.00     99.00
22:25:32        all      0.50      0.00      0.00      0.00      0.50     98.99
22:25:33        all     12.44      0.00      5.97      0.00      2.99     78.61
22:25:34        all     14.93      0.00      1.00      0.00      2.99     81.09
22:25:35        all     17.65      0.00      7.84      0.00     12.25     62.25
22:25:36        all     32.00      0.00      9.00      0.00     12.50     46.50
22:25:37        all     11.44      0.00      3.98      0.00      3.48     81.09
22:25:38        all      1.50      0.00      1.00      0.00      1.00     96.50
22:25:39        all      0.00      0.00      0.00      0.00      0.00    100.00
22:25:40        all      1.49      0.00      0.00      0.00      1.00     97.51
22:25:41        all      9.45      0.00      7.46      0.50      4.98     77.61
22:25:42        all     23.76      0.00      1.98      0.00      9.90     64.36
22:25:43        all     18.72      0.00      6.90      0.00     12.32     62.07
22:25:44        all     33.33      0.00     12.94      0.00      6.47     47.26
22:25:45        all      1.01      0.00      0.00      0.00      0.00     98.99
22:25:46        all      0.99      0.00      0.50      0.00      0.50     98.02
22:25:47        all      0.51      0.00      0.00      0.00      0.51     98.99
22:25:48        all      0.50      0.00      1.00      0.00      0.00     98.51
22:25:49        all     18.81      0.00      3.96      0.00     12.38     64.85
22:25:50        all     11.56      0.00      2.51      0.00      6.03     79.90
22:25:51        all     20.39      0.00      9.22      0.00     16.02     54.37
22:25:52        all     28.00      0.00     10.00      0.50     12.50     49.00
22:25:53        all     10.95      0.00      2.99      0.00      5.97     80.10
22:25:54        all      1.00      0.00      0.50      0.00      0.00     98.50
22:25:55        all      0.50      0.00      0.00      0.00      0.50     99.00
22:25:56        all     17.33      0.00      6.93      0.00     11.88     63.86
22:25:57        all     17.82      0.00      0.99      0.00      3.47     77.72
22:25:58        all     28.92      0.00      7.84      0.00     14.22     49.02
22:25:59        all     26.50      0.00     11.00      0.00     12.50     50.00
22:26:00        all      1.49      0.00      0.50      0.00      1.49     96.53
22:26:01        all      1.00      0.00      0.00      0.00      1.00     98.00
22:26:02        all      0.00      0.00      0.00      0.00      0.50     99.50
22:26:03        all      0.50      0.00      0.00      0.00      0.50     99.00
22:26:04        all      2.49      0.00      2.99      0.00      5.47     89.05
22:26:05        all     22.28      0.00      3.47      0.00     10.89     63.37
22:26:06        all     10.78      0.00      4.90      0.00      8.82     75.49
22:26:07        all     23.27      0.00      7.92      0.50     15.84     52.48
22:26:08        all     22.39      0.00      6.97      0.00     10.45     60.20
22:26:09        all      1.51      0.00      0.50      0.00      0.50     97.49
22:26:10        all      1.01      0.00      0.00      0.00      0.50     98.49
22:26:11        all     25.85      0.00      5.37      0.00      9.27     59.51
22:26:12        all     15.35      0.00      5.94      0.00      6.93     71.78
22:26:13        all     18.50      0.00      6.00      0.00     12.50     63.00
22:26:14        all     29.76      0.00     14.63      0.00     16.10     39.51
22:26:15        all      2.48      0.00      0.99      0.00      1.49     95.05
22:26:16        all      1.00      0.00      0.50      0.00      0.00     98.51
22:26:17        all      0.00      0.00      0.00      0.50      0.00     99.50
22:26:18        all      1.00      0.00      1.00      0.00      1.00     97.01
22:26:19        all     25.87      0.00      6.97      0.00     10.45     56.72
22:26:20        all      2.99      0.00      1.49      0.00      2.49     93.03
22:26:21        all     17.33      0.00      6.44      0.00      9.41     66.83
22:26:22        all     30.00      0.00     10.00      0.00      9.50     50.50
22:26:23        all     10.50      0.00      2.00      0.00      3.50     84.00
22:26:24        all      1.00      0.00      1.00      0.00      1.50     96.50
22:26:25        all      0.50      0.00      0.00      0.00      0.50     99.00
22:26:26        all      0.50      0.00      0.00      0.00      0.00     99.50
22:26:27        all     15.42      0.00      4.48      0.00      6.97     73.13
22:26:28        all     16.67      0.00      3.54      0.00      9.60     70.20
22:26:29        all     19.32      0.00      7.25      0.00     10.14     63.29
22:26:30        all     32.16      0.00     12.56      0.00      5.53     49.75
22:26:31        all      3.47      0.00      0.50      0.00      1.49     94.55
22:26:32        all      1.00      0.00      0.50      0.00      0.00     98.50
22:26:33        all      0.50      0.00      0.00      0.50      1.00     98.00
22:26:34        all      9.76      0.00      8.29      0.00      6.83     75.12
22:26:35        all     20.50      0.00      2.00      0.00      7.00     70.50
22:26:36        all     17.65      0.00     10.78      0.00     12.25     59.31
22:26:37        all     18.00      0.00      5.00      0.00      9.50     67.50
22:26:38        all     25.50      0.00      9.00      0.00     11.00     54.50
22:26:39        all      1.00      0.00      0.50      0.00      0.50     98.01
22:26:40        all      1.00      0.00      0.50      0.00      0.50     98.01
22:26:41        all     11.44      0.00      4.48      0.00      6.97     77.11
22:26:42        all     21.39      0.00      0.50      0.00     10.45     67.66
22:26:43        all     17.41      0.00     10.45      0.00      8.46     63.68
22:26:44        all     33.50      0.00      9.50      0.00      6.00     51.00
22:26:45        all     10.05      0.00      2.51      0.00      3.02     84.42
22:26:46        all      1.50      0.00      0.50      0.00      0.50     97.50
22:26:47        all      0.00      0.00      0.00      0.00      0.00    100.00
22:26:48        all      0.50      0.00      0.50      0.50      0.00     98.51
22:26:49        all      9.90      0.00      4.46      0.00      4.95     80.69
22:26:50        all     21.57      0.00      3.43      0.00     10.78     64.22
22:26:51        all     15.76      0.00      5.42      0.00     11.82     67.00
22:26:52        all     26.63      0.00      8.54      0.00     10.05     54.77
22:26:53        all     15.00      0.00      4.00      0.50      4.00     76.50
22:26:54        all      1.99      0.00      0.00      0.00      0.00     98.01
22:26:55        all      0.50      0.00      0.00      0.00      0.50     98.99
22:26:56        all     28.71      0.00      5.45      0.00     10.40     55.45
22:26:57        all     13.86      0.00      4.95      0.00      4.95     76.24
22:26:58        all     26.87      0.00      8.96      0.00      7.96     56.22
22:26:59        all     24.00      0.00      9.50      0.00      5.00     61.50
22:27:00        all      2.00      0.00      0.50      0.00      1.50     96.00
22:27:01        all      0.00      0.00      0.50      0.00      0.00     99.50
22:27:02        all      0.00      0.00      0.00      0.00      0.00    100.00
22:27:03        all      0.00      0.00      0.00      0.00      0.00    100.00
22:27:04        all      4.46      0.00      2.97      0.00      6.44     86.14
22:27:05        all     22.82      0.00      4.85      0.00     10.19     62.14
22:27:06        all     11.94      0.00      4.98      0.00     12.44     70.65
22:27:07        all     34.52      0.00     11.17      0.00     13.71     40.61
22:27:08        all     17.00      0.00      7.00      0.50      4.00     71.50
22:27:09        all      1.50      0.00      0.50      0.00      0.00     98.00
22:27:10        all      1.49      0.00      0.50      0.00      1.49     96.52
22:27:11        all      0.00      0.00      0.00      0.00      0.00    100.00
22:27:12        all      7.04      0.00      3.02      0.00      2.51     87.44
22:27:13        all     18.41      0.00      1.99      0.00      2.49     77.11
22:27:14        all     20.40      0.00     10.45      0.00      6.97     62.19
22:27:15        all     32.34      0.00      9.45      0.00      8.96     49.25
22:27:16        all      8.46      0.00      3.48      0.00      1.00     87.06
22:27:17        all      2.01      0.00      0.00      0.00      1.01     96.98
22:27:18        all      0.50      0.00      0.00      0.00      0.50     98.99
22:27:19        all     13.20      0.00      5.58      0.00      1.52     79.70
22:27:20        all     17.91      0.00      1.99      0.00      1.99     78.11
22:27:21        all     15.92      0.00      4.48      0.00     11.44     68.16
22:27:22        all     29.56      0.00     12.81      0.00     12.81     44.83
22:27:23        all     16.34      0.00      7.92      0.00     14.85     60.89
22:27:24        all      1.50      0.00      0.50      0.50      1.00     96.50
22:27:25        all      0.50      0.00      0.00      0.00      0.50     99.00
22:27:26        all      0.50      0.00      0.00      0.00      0.00     99.50
22:27:27        all     20.90      0.00      3.48      0.00      4.48     71.14
22:27:28        all     11.11      0.00      3.03      0.00      4.04     81.82
22:27:29        all     20.30      0.00      7.92      0.50      4.46     66.83
