Linux 5.10.234-225.910.amzn2.x86_64 (ip-10-0-146-67.us-west-2.compute.internal) 	03/25/25 	_x86_64_	(2 CPU)

22:13:05    kbmemfree kbmemused  %memused kbbuffers  kbcached  kbcommit   %commit  kbactive   kbinact   kbdirty
22:13:06      2809088   1134212     28.76      2088    901072    372308      9.44    179796    856940    172860
22:13:07      2692908   1250392     31.71      2088    910444    514684     13.05    179824    972312    182228
22:13:08      2713080   1230220     31.20      2088    913884    445112     11.29    179864    953192    173836
22:13:09      2647120   1296180     32.87      2088    913948    511132     12.96    179880   1019272    173804
22:13:10      2653420   1289880     32.71      2088    913948    504896     12.80    179880   1013004    175204
22:13:11      2652412   1290888     32.74      2088    913948    506176     12.84    179880   1014104    175228
22:13:12      2650900   1292400     32.77      2088    913948    507428     12.87    179880   1015588    175228
22:13:13      2649892   1293408     32.80      2088    913948    508452     12.89    179880   1016444    175228
22:13:14      2860196   1083104     27.47      2088    914040    293944      7.45    179996    804992    172724
22:13:15      2860196   1083104     27.47      2088    914040    293944      7.45    179996    804992    172724
22:13:16      2860196   1083104     27.47      2088    914040    293944      7.45    179996    804992    172724
22:13:17      2860196   1083104     27.47      2088    914040    293944      7.45    179996    804992    172724
22:13:18      2860132   1083168     27.47      2088    914040    293944      7.45    179996    804992    172724
22:13:19      2860196   1083104     27.47      2088    914040    293944      7.45    180016    804924    172704
22:13:20      2860196   1083104     27.47      2088    914040    293944      7.45    180016    804924    172716
22:13:21      2860196   1083104     27.47      2088    914040    293944      7.45    180016    804924    172716
22:13:22      2860196   1083104     27.47      2088    914040    293944      7.45    180016    804924    172716
22:13:23      2849404   1093896     27.74      2088    914140    311004      7.89    180116    815924    172716
22:13:24      2851184   1092116     27.70      2088    914260    311120      7.89    180328    814896    173004
22:13:25      2828184   1115116     28.28      2088    914264    333716      8.46    180328    837892    173008
22:13:26      2817840   1125460     28.54      2088    914280    344856      8.75    180328    848096    173024
22:13:27      2804568   1138732     28.88      2088    914280    360352      9.14    180328    863208    173024
22:13:28      2788228   1155072     29.29      2088    914284    374544      9.50    180328    878792    173028
22:13:29      2773236   1170064     29.67      2088    914284    384616      9.75    180328    889164     92840
22:13:30      2791480   1151820     29.21      2088    914312    364956      9.26    180416    870420     92868
22:13:31      2815184   1128116     28.61      2088    914320    341268      8.65    180416    846764     92876
22:13:32      2860964   1082336     27.45      2088    917880    293340      7.44    180416    800716     96436
22:13:33      2856416   1086884     27.56      2088    917940    294700      7.47    180416    802276     96516
22:13:34      2844096   1099204     27.88      2088    917960    311480      7.90    180416    816684     21624
22:13:35      2839804   1103496     27.98      2088    917964    313244      7.94    180416    819944     21628
22:13:36      2827976   1115324     28.28      2088    917976    327912      8.32    180416    832000     21640
22:13:37      2831564   1111736     28.19      2088    920652    319300      8.10    180416    827552     24316
22:13:38      2851192   1092108     27.70      2088    920676    297788      7.55    180416    807672     24340
22:13:39      2846940   1096360     27.80      2088    920680    303944      7.71    180416    813164     24344
22:13:40      2829112   1114188     28.26      2088    920692    322984      8.19    180416    831524      8108
22:13:41      2812380   1130920     28.68      2088    920708    338984      8.60    180416    845732      8132
22:13:42      2814972   1128328     28.61      2088    920708    329580      8.36    180416    838760      8132
22:13:43      2806656   1136644     28.82      2088    920720    343180      8.70    180416    852940      8144
22:13:44      2806380   1136920     28.83      2088    920740    345416      8.76    180416    854568      8168
22:13:45      2796552   1146748     29.08      2088    920740    354556      8.99    180416    863860      6352
22:13:46      2843928   1099372     27.88      2088    923444    303132      7.69    180416    815024      9056
22:13:47      2843868   1099432     27.88      2088    923444    302452      7.67    180416    814924      9056
22:13:48      2833540   1109760     28.14      2088    923460    314356      7.97    180416    826276      9072
22:13:49      2839288   1104012     28.00      2088    923472    307532      7.80    180416    819884      9084
22:13:50      2825192   1118108     28.35      2088    923472    323972      8.22    180416    834668      9084
22:13:51      2824700   1118600     28.37      2088    923476    318864      8.09    180416    831116      9088
22:13:52      2807064   1136236     28.81      2088    923484    341780      8.67    180416    852820      9096
22:13:53      2812532   1130768     28.68      2088    926100    333468      8.46    180416    846832     11712
22:13:54      2838092   1105208     28.03      2088    926192    307536      7.80    180416    822688     11804
22:13:55      2827384   1115916     28.30      2088    926196    321380      8.15    180416    834888     11808
22:13:56      2811204   1132096     28.71      2088    926208    335192      8.50    180416    849508     11756
22:13:57      2811484   1131816     28.70      2088    926220    338884      8.59    180416    851764     11768
22:13:58      2814244   1129056     28.63      2088    926220    329672      8.36    180416    844420     11768
22:13:59      2824232   1119068     28.38      2088    926236    322028      8.17    180416    837204     11784
22:14:00      2817248   1126052     28.56      2088    926256    330424      8.38    180416    845644     11804
22:14:01      2812460   1130840     28.68      2088    926264    335044      8.50    180416    850160     11812
22:14:02      2805088   1138212     28.86      2088    926264    343116      8.70    180416    857732     11812
22:14:03      2811612   1131688     28.70      2088    928940    333320      8.45    180416    849460     14496
22:14:04      2828076   1115224     28.28      2088    928960    318660      8.08    180416    833020     14516
22:14:05      2829124   1114176     28.25      2088    928964    316332      8.02    180416    832020     10968
22:14:06      2822744   1120556     28.42      2088    928968    323424      8.20    180416    838512     10972
22:14:07      2821744   1121556     28.44      2088    928984    327104      8.30    180416    840840     10988
22:14:08      2809144   1134156     28.76      2088    928988    337720      8.56    180416    852616     10992
22:14:09      2797412   1145888     29.06      2088    928992    349320      8.86    180416    864360     11000
22:14:10      2789000   1154300     29.27      2088    929000    355968      9.03    180416    871032      8024
22:14:11      2821412   1121888     28.45      2088    931988    320680      8.13    180416    839044     11016
22:14:12      2808432   1134868     28.78      2088    931992    335496      8.51    180416    853380     11020
22:14:13      2794216   1149084     29.14      2088    932024    350096      8.88    180416    866284     11052
22:14:14      2783156   1160144     29.42      2088    932024    360220      9.13    180416    876644     11052
22:14:15      2791228   1152072     29.22      2088    932040    353116      8.95    180416    870436     11048
22:14:16      2776032   1167268     29.60      2088    932040    367896      9.33    180416    885580     11056
22:14:17      2782304   1160996     29.44      2088    932044    360012      9.13    180416    878516     11060
22:14:18      2816324   1126976     28.58      2088    934736    323236      8.20    180416    844596     13752
22:14:19      2809628   1133672     28.75      2088    934760    330308      8.38    180416    851556     13776
22:14:20      2801048   1142252     28.97      2088    934764    339540      8.61    180416    859800     13780
22:14:21      2774880   1168420     29.63      2088    934768    367528      9.32    180416    887308     11184
22:14:22      2768556   1174744     29.79      2088    934784    372496      9.45    180416    893072     11136
22:14:23      2752212   1191088     30.21      2088    934792    391556      9.93    180416    910920     11144
22:14:24      2760548   1182752     29.99      2088    934792    379780      9.63    180416    901092     11144
22:14:25      2781208   1162092     29.47      2088    934796    359140      9.11    180416    880464     11148
22:14:26      2798764   1144536     29.02      2088    934836    339252      8.60    180416    861564      8524
22:14:27      2810360   1132940     28.73      2088    937516    325944      8.27    180416    851088     11204
22:14:28      2809904   1133396     28.74      2088    937544    326520      8.28    180416    850876     11232
22:14:29      2806748   1136552     28.82      2088    937544    330644      8.38    180416    853200     11232
22:14:30      2792552   1150748     29.18      2088    937548    345024      8.75    180416    867092     11236
22:14:31      2787688   1155612     29.31      2088    937556    353164      8.96    180416    875140     11244
22:14:32      2804128   1139172     28.89      2088    940252    331436      8.41    180416    856564     13940
22:14:33      2804068   1139232     28.89      2088    940252    332712      8.44    180416    857664     13940
22:14:34      2782828   1160472     29.43      2088    940264    353540      8.97    180416    878292     13952
22:14:35      2774972   1168328     29.63      2088    940276    361644      9.17    180416    885336     13964
22:14:36      2772540   1170760     29.69      2088    940276    366988      9.31    180416    889764     11364
22:14:37      2789600   1153700     29.26      2088    940276    345208      8.75    180416    870536     11288
22:14:38      2798464   1144836     29.03      2088    943264    333668      8.46    180416    861812     14276
22:14:39      2791968   1151332     29.20      2088    943292    339908      8.62    180416    868008     14304
22:14:40      2792084   1151216     29.19      2088    943292    341620      8.66    180416    868008     14304
22:14:41      2787116   1156184     29.32      2088    943308    348460      8.84    180416    875120     11088
22:14:42      2792024   1151276     29.20      2088    946000    337028      8.55    180416    868560     13780
22:14:43      2787180   1156120     29.32      2088    946004    344428      8.73    180416    875336     13784
22:14:44      2782888   1160412     29.43      2088    946016    350308      8.88    180416    879304     13796
22:14:45      2774832   1168468     29.63      2088    946020    358488      9.09    180416    889124     13800
22:14:46      2786928   1156372     29.32      2088    948712    340648      8.64    180416    873276     16480
22:14:47      2780872   1162428     29.48      2088    948724    349184      8.86    180416    881332     16500
22:14:48      2777048   1166252     29.58      2088    948736    354496      8.99    180416    885612     16512
22:14:49      2773160   1170140     29.67      2088    948736    355648      9.02    180416    887400     16512
22:14:50      2781936   1161364     29.45      2088    951416    343316      8.71    180416    879124     19192
22:14:51      2779820   1163480     29.51      2088    951436    345604      8.76    180416    881060     16548
22:14:52      2775352   1167948     29.62      2088    951452    352700      8.94    180416    885932     16564
22:14:53      2768320   1174980     29.80      2088    951452    359652      9.12    180416    893480     16564
22:14:54      2778100   1165200     29.55      2088    954072    344096      8.73    180416    882760     19184
22:14:55      2771328   1171972     29.72      2088    954156    352504      8.94    180416    889868     19268
22:14:56      2756788   1186512     30.09      2088    954172    366380      9.29    180416    903268     19284
22:14:57      2759592   1183708     30.02      2088    954172    363116      9.21    180416    900136     19284
22:14:58      2771820   1171480     29.71      2088    956780    347224      8.81    180416    888568     21892
22:14:59      2771184   1172116     29.72      2088    956868    348052      8.83    180416    889664     21980
22:15:00      2763472   1179828     29.92      2088    956872    356880      9.05    180416    897296     21984
22:15:01      2755420   1187880     30.12      2088    956888    368948      9.36    180416    907692     22000
22:15:02      2757988   1185312     30.06      2088    956888    365888      9.28    180416    904668     19336
22:15:03      2768784   1174516     29.79      2088    959564    349168      8.85    180416    892652     22012
22:15:04      2768024   1175276     29.80      2088    959572    349392      8.86    180416    892612     22020
22:15:05      2761920   1181380     29.96      2088    959584    354888      9.00    180416    898684     22032
22:15:06      2756704   1186596     30.09      2088    959588    359328      9.11    180416    902532     22036
22:15:07      2754020   1189280     30.16      2088    959600    362820      9.20    180416    905696     19448
22:15:08      2754632   1188668     30.14      2088    959604    363120      9.21    180416    906336     19388
22:15:09      2762920   1180380     29.93      2088    962220    351992      8.93    180416    898096     22004
22:15:10      2751884   1191416     30.21      2088    962300    364424      9.24    180416    910444     22084
22:15:11      2751552   1191748     30.22      2088    962316    365452      9.27    180416    909120     22100
22:15:12      2741192   1202108     30.48      2088    962316    373512      9.47    180416    918236     18676
22:15:13      2745656   1197644     30.37      2088    962316    372716      9.45    180416    917372     18676
22:15:14      2754932   1188368     30.14      2088    965012    356548      9.04    180416    906376     21376
22:15:15      2748128   1195172     30.31      2088    965032    367144      9.31    180416    914592     21396
22:15:16      2740316   1202984     30.51      2088    965032    373096      9.46    180416    920700     21396
22:15:17      2751892   1191408     30.21      2088    967708    357368      9.06    180416    909548     18728
22:15:18      2751268   1192032     30.23      2088    967712    356628      9.04    180416    909300     18740
22:15:19      2751588   1191712     30.22      2088    967720    356692      9.05    180416    909420     18748
22:15:20      2747496   1195804     30.32      2088    967724    361932      9.18    180416    913848     18756
22:15:21      2747192   1196108     30.33      2088    967728    362480      9.19    180416    913724     18760
22:15:22      2740116   1203184     30.51      2088    967744    371780      9.43    180416    921492     16112
22:15:23      2738884   1204416     30.54      2088    967744    369932      9.38    180416    921492     16112
22:15:24      2746576   1196724     30.35      2088    970424    360044      9.13    180416    914348     18792
22:15:25      2746768   1196532     30.34      2088    970428    359504      9.12    180416    914252     18796
22:15:26      2744560   1198740     30.40      2088    970432    361764      9.17    180416    916384     18800
22:15:27      2737504   1205796     30.58      2088    970452    371960      9.43    180416    924264     16220
22:15:28      2725440   1217860     30.88      2088    970452    383872      9.73    180416    936688     16156
22:15:29      2742008   1201292     30.46      2088    973116    362116      9.18    180416    919428     18820
22:15:30      2741536   1201764     30.48      2088    973144    361772      9.17    180416    919704     18848
22:15:31      2731448   1211852     30.73      2088    973148    374476      9.50    180416    931504     18852
22:15:32      2733896   1209404     30.67      2088    973168    369908      9.38    180416    926212     16272
22:15:33      2726240   1217060     30.86      2088    973172    381104      9.66    180416    935452     16212
22:15:34      2722316   1220984     30.96      2088    973172    381196      9.67    180416    937996     16212
22:15:35      2736348   1206952     30.61      2088    975780    365120      9.26    180416    924648     18820
22:15:36      2735444   1207856     30.63      2088    975860    365592      9.27    180416    925392     18900
22:15:37      2727180   1216120     30.84      2088    975868    374560      9.50    180416    934268     16244
22:15:38      2728356   1214944     30.81      2088    975876    372624      9.45    180416    931744     16252
22:15:39      2722644   1220656     30.96      2088    975888    381932      9.69    180416    939716     16264
22:15:40      2682224   1261076     31.98      2088    975892    414372     10.51    180416    973444     16268
22:15:41      2729944   1213356     30.77      2088    978572    368384      9.34    180416    931060     18948
22:15:42      2729440   1213860     30.78      2088    978584    368388      9.34    180416    931252     16052
22:15:43      2722888   1220412     30.95      2088    978584    378416      9.60    180416    939752     16008
22:15:44      2720352   1222948     31.01      2088    978604    382052      9.69    180416    942328     16032
22:15:45      2710716   1232584     31.26      2088    978604    388696      9.86    180416    950228     16032
22:15:46      2704704   1238596     31.41      2088    981280    393580      9.98    180416    957840     18716
22:15:47      2724020   1219280     30.92      2088    981284    371844      9.43    180416    937132     18720
22:15:48      2721840   1221460     30.98      2088    981300    375076      9.51    180416    940008     13388
22:15:49      2712932   1230368     31.20      2088    981300    382932      9.71    180416    948020     13396
22:15:50      2714776   1228524     31.15      2088    981316    384008      9.74    180416    947340     13412
22:15:51      2709968   1233332     31.28      2088    981316    386536      9.80    180416    951384     13412
22:15:52      2717732   1225568     31.08      2088    983928    375484      9.52    180416    942664     16024
22:15:53      2718240   1225060     31.07      2088    984004    374844      9.51    180416    942504     16096
22:15:54      2718288   1225012     31.07      2088    984008    374828      9.51    180416    942744     16100
22:15:55      2707728   1235572     31.33      2088    984012    386200      9.79    180416    953632     16104
22:15:56      2703468   1239832     31.44      2088    984028    393636      9.98    180416    958636     16120
22:15:57      2703060   1240240     31.45      2088    984028    394208     10.00    180416    960112     16120
22:15:58      2703464   1239836     31.44      2088    986640    388800      9.86    180416    959200     16068
22:15:59      2711784   1231516     31.23      2088    986708    377496      9.57    180416    948792     16136
22:16:00      2711932   1231368     31.23      2088    986720    377420      9.57    180416    948692     16148
22:16:01      2711784   1231516     31.23      2088    986724    380504      9.65    180416    951596     16152
22:16:02      2697080   1246220     31.60      2088    986724    394180     10.00    180416    964096     16152
22:16:03      2701136   1242164     31.50      2088    986740    391288      9.92    180416    959620     13508
22:16:04      2699936   1243364     31.53      2088    986740    394268     10.00    180416    962420     13508
22:16:05      2697396   1245904     31.60      2088    986744    392480      9.95    180416    962816     13512
22:16:06      2707216   1236084     31.35      2088    989360    381116      9.66    180416    954092     16128
22:16:07      2706476   1236824     31.37      2088    989436    381016      9.66    180416    954600     16204
22:16:08      2704332   1238968     31.42      2088    989436    384096      9.74    180416    958000     13604
22:16:09      2699872   1243428     31.53      2088    989444    388200      9.84    180416    962004     13548
22:16:10      2697908   1245392     31.58      2088    989460    390832      9.91    180416    963836     13564
22:16:11      2688736   1254564     31.82      2088    989460    399888     10.14    180416    972536     13564
22:16:12      2676472   1266828     32.13      2088    992132    408900     10.37    180416    984972     16236
22:16:13      2700136   1243164     31.53      2088    992152    384432      9.75    180416    960960     13460
22:16:14      2699160   1244140     31.55      2088    992156    384768      9.76    180416    961184     13364
22:16:15      2698404   1244896     31.57      2088    992160    387852      9.84    180416    964204     13368
22:16:16      2685764   1257536     31.89      2088    992160    400556     10.16    180416    976004     13368
22:16:17      2689628   1253672     31.79      2088    992176    397360     10.08    180416    971292     13384
22:16:18      2679876   1263424     32.04      2088    992176    407304     10.33    180416    982356     10708
22:16:19      2694024   1249276     31.68      2088    994856    387792      9.83    180416    966232     13388
22:16:20      2693616   1249684     31.69      2088    994860    388096      9.84    180416    967044     13392
22:16:21      2693112   1250188     31.70      2088    994868    388320      9.85    180416    967472     13400
22:16:22      2682780   1260520     31.97      2088    994876    399180     10.12    180416    978072     13408
22:16:23      2684292   1259008     31.93      2088    994888    400608     10.16    180416    977324     10744
22:16:24      2677944   1265356     32.09      2088    994888    408132     10.35    180416    984624     10752
22:16:25      2678992   1264308     32.06      2088    997500    402512     10.21    180416    983572     13364
22:16:26      2687812   1255488     31.84      2088    997568    392352      9.95    180416    973800     13432
22:16:27      2687308   1255992     31.85      2088    997584    392052      9.94    180416    973856     13448
22:16:28      2680472   1262828     32.02      2088    997584    398756     10.11    180416    980856     13448
22:16:29      2679692   1263608     32.04      2088    997592    399512     10.13    180416    981368     10792
22:16:30      2668384   1274916     32.33      2088    997608    411860     10.44    180416    992648     10808
22:16:31      2640380   1302920     33.04      2088   1000284    434396     11.02    180416   1019448     13484
22:16:32      2682008   1261292     31.99      2088   1000296    393436      9.98    180416    978860     13496
22:16:33      2682940   1260360     31.96      2088   1000300    393764      9.99    180416    978824     13500
22:16:34      2669820   1273480     32.29      2088   1000300    408516     10.36    180416    992004     13496
22:16:35      2671148   1272152     32.26      2088   1000308    407348     10.33    180416    990788     13516
22:16:36      2669912   1273388     32.29      2088   1000320    410936     10.42    180416    992436     13636
22:16:37      2659836   1283464     32.55      2088   1000324    419536     10.64    180416   1000708     13644
22:16:38      2676640   1266660     32.12      2088   1002988    397784     10.09    180416    983572     16308
22:16:39      2676372   1266928     32.13      2088   1003000    398280     10.10    180416    984612     13656
22:16:40      2661540   1281760     32.50      2088   1003020    414304     10.51    180416   1000244     13676
22:16:41      2667888   1275412     32.34      2088   1003036    409952     10.40    180416    994228     13692
22:16:42      2663620   1279680     32.45      2088   1003036    414816     10.52    180416    999316     13692
22:16:43      2672400   1270900     32.23      2088   1005712    400408     10.15    180416    988880     16368
22:16:44      2671832   1271468     32.24      2088   1005716    400616     10.16    180416    989380     13472
22:16:45      2671392   1271908     32.25      2088   1005732    400904     10.17    180416    989792     13480
22:16:46      2656464   1286836     32.63      2088   1005736    417844     10.60    180416   1005624     13484
22:16:47      2662056   1281244     32.49      2088   1005740    409452     10.38    180416    997380     13488
22:16:48      2643168   1300132     32.97      2088   1005752    430560     10.92    180416   1017412     13500
22:16:49      2665084   1278216     32.41      2088   1008432    403620     10.24    180416    994812     13516
22:16:50      2665136   1278164     32.41      2088   1008432    403652     10.24    180416    995312     13516
22:16:51      2665588   1277712     32.40      2088   1008448    403908     10.24    180416    995632     13532
22:16:52      2649708   1293592     32.80      2088   1008452    420888     10.67    180416   1011808     13536
22:16:53      2656940   1286360     32.62      2088   1008452    416740     10.57    180416   1006120     13536
22:16:54      2646632   1296668     32.88      2088   1008468    426320     10.81    180416   1015520     13536
22:16:55      2659288   1284012     32.56      2088   1011144    407696     10.34    180416   1001252     16220
22:16:56      2659536   1283764     32.56      2088   1011144    407824     10.34    180416   1001852     16220
22:16:57      2657208   1286092     32.61      2088   1011164    410952     10.42    180416   1004944     16240
22:16:58      2646092   1297208     32.90      2088   1011164    420772     10.67    180416   1014752     16240
22:16:59      2645928   1297372     32.90      2088   1011180    423124     10.73    180416   1015316     13656
22:17:00      2638308   1304992     33.09      2088   1011180    427520     10.84    180416   1021796     13592
22:17:01      2653248   1290052     32.72      2088   1013856    410324     10.41    180416   1007340     16268
22:17:02      2652476   1290824     32.73      2088   1013872    410616     10.41    180416   1007888     16284
22:17:03      2652476   1290824     32.73      2088   1013872    410744     10.42    180416   1007988     16284
22:17:04      2649956   1293344     32.80      2088   1013876    412972     10.47    180416   1010136     13688
22:17:05      2639624   1303676     33.06      2088   1013876    424664     10.77    180416   1021840     13624
22:17:06      2642712   1300588     32.98      2088   1013884    422984     10.73    180416   1018408     13632
22:17:07      2634876   1308424     33.18      2088   1013892    430492     10.92    180416   1027124     13640
22:17:08      2647056   1296244     32.87      2088   1016572    413608     10.49    180416   1013024     16320
22:17:09      2647152   1296148     32.87      2088   1016584    413916     10.50    180416   1013688     16332
22:17:10      2644884   1298416     32.93      2088   1016588    417012     10.58    180416   1016772     13548
22:17:11      2631324   1311976     33.27      2088   1016588    431120     10.93    180416   1029736     13548
22:17:12      2637828   1305472     33.11      2088   1016604    426668     10.82    180416   1023748     13564
22:17:13      2623432   1319868     33.47      2088   1016608    440756     11.18    180416   1037216     13568
22:17:14      2641568   1301732     33.01      2088   1019284    415960     10.55    180416   1018536     16244
22:17:15      2641484   1301816     33.01      2088   1019284    416240     10.56    180416   1019536     13344
22:17:16      2636044   1307256     33.15      2088   1019304    422340     10.71    180416   1025280     13352
22:17:17      2632508   1310792     33.24      2088   1019304    425916     10.80    180416   1027580     13360
22:17:18      2623488   1319812     33.47      2088   1019320    435616     11.05    180416   1037084     13376
22:17:19      2624656   1318644     33.44      2088   1021928    430276     10.91    180416   1035500     15984
22:17:20      2634292   1309008     33.20      2088   1022000    420528     10.66    180416   1025916     13392
22:17:21      2635048   1308252     33.18      2088   1022016    420356     10.66    180416   1025816     13408
22:17:22      2632080   1311220     33.25      2088   1022024    423284     10.73    180416   1028964     13416
22:17:23      2620204   1323096     33.55      2088   1022032    436572     11.07    180416   1040820     13428
22:17:24      2621636   1321664     33.52      2088   1022044    433508     10.99    180416   1038104     13440
22:17:25      2619140   1324160     33.58      2088   1022044    436112     11.06    180416   1041008     13424
22:17:26      2629016   1314284     33.33      2088   1024724    423484     10.74    180416   1030924     16112
22:17:27      2628764   1314536     33.34      2088   1024736    423776     10.75    180416   1031672     16124
22:17:28      2628500   1314800     33.34      2088   1024736    423976     10.75    180416   1031972     16124
22:17:29      2618120   1325180     33.61      2088   1024740    435920     11.05    180416   1043080     16128
22:17:30      2619692   1323608     33.57      2088   1024756    435648     11.05    180416   1041940     13480
22:17:31      2607088   1336212     33.89      2088   1024756    447732     11.35    180416   1053740     13480
22:17:32      2623472   1319828     33.47      2088   1027436    426860     10.82    180416   1036788     16160
22:17:33      2623672   1319628     33.47      2088   1027436    426372     10.81    180416   1036788     16160
22:17:34      2623472   1319828     33.47      2088   1027452    426884     10.83    180416   1037512     16176
22:17:35      2616284   1327016     33.65      2088   1027452    434024     11.01    180416   1043812     13576
22:17:36      2613940   1329360     33.71      2088   1027456    434692     11.02    180416   1044296     13516
22:17:37      2605124   1338176     33.94      2088   1027472    447868     11.36    180416   1056152     13532
22:17:38      2617708   1325592     33.62      2088   1030148    429084     10.88    180416   1042164     16208
22:17:39      2617708   1325592     33.62      2088   1030164    429224     10.88    180416   1042632     16224
22:17:40      2617708   1325592     33.62      2088   1030164    429224     10.88    180416   1042688     13624
22:17:41      2602788   1340512     33.99      2088   1030168    444624     11.28    180416   1057796     13564
22:17:42      2609132   1334168     33.83      2088   1030184    441692     11.20    180416   1052792     13580
22:17:43      2595728   1347572     34.17      2088   1030184    453096     11.49    180416   1063592     13580
22:17:44      2611864   1331436     33.76      2088   1032864    431704     10.95    180416   1048056     16260
22:17:45      2611640   1331660     33.77      2088   1032864    432172     10.96    180416   1048756     13360
22:17:46      2611612   1331688     33.77      2088   1032880    432568     10.97    180416   1048756     13352
22:17:47      2601228   1342072     34.03      2088   1032880    443732     11.25    180416   1059256     13352
22:17:48      2605000   1338300     33.94      2088   1032884    440668     11.18    180416   1055908     13356
22:17:49      2591696   1351604     34.28      2088   1032896    456996     11.59    180416   1070044     13368
22:17:50      2593636   1349664     34.23      2088   1032900    451916     11.46    180416   1067108     10696
22:17:51      2605704   1337596     33.92      2088   1035580    436276     11.06    180416   1054620     13376
22:17:52      2602524   1340776     34.00      2088   1035580    439404     11.14    180416   1058520     13376
22:17:53      2589476   1353824     34.33      2088   1035596    453032     11.49    180416   1071888     13392
22:17:54      2593888   1349412     34.22      2088   1035612    448468     11.37    180416   1065764     13408
22:17:55      2593984   1349316     34.22      2088   1035616    448544     11.37    180416   1067296     13412
22:17:56      2597480   1345820     34.13      2088   1038288    441336     11.19    180416   1062920     16080
22:17:57      2599844   1343456     34.07      2088   1038292    439064     11.13    180416   1060872     16092
22:17:58      2599800   1343500     34.07      2088   1038308    438676     11.12    180416   1060568     16108
22:17:59      2597028   1346272     34.14      2088   1038308    442364     11.22    180416   1064068     16108
22:18:00      2584680   1358620     34.45      2088   1038316    456048     11.57    180416   1077632     16116
22:18:01      2590816   1352484     34.30      2088   1038316    451116     11.44    180416   1070932     13452
22:18:02      2577536   1365764     34.64      2088   1038328    463356     11.75    180416   1082688     13464
22:18:03      2582352   1360948     34.51      2088   1038328    455324     11.55    180416   1076440     13464
22:18:04      2593964   1349336     34.22      2088   1041004    442260     11.22    180416   1066164     16140
22:18:05      2593704   1349596     34.23      2088   1041020    442164     11.21    180416   1066624     16156
22:18:06      2594460   1348840     34.21      2088   1041020    441884     11.21    180416   1066552     13492
22:18:07      2590516   1352784     34.31      2088   1041024    445844     11.31    180416   1070268     13496
22:18:08      2579544   1363756     34.58      2088   1041024    457304     11.60    180416   1081876     13496
22:18:09      2586872   1356428     34.40      2088   1041028    448776     11.38    180416   1073648     13500
22:18:10      2575220   1368080     34.69      2088   1041040    463136     11.74    180416   1086100     13512
22:18:11      2575192   1368108     34.69      2088   1041044    460616     11.68    180416   1085476     10852
22:18:12      2587444   1355856     34.38      2088   1043720    445092     11.29    180416   1072784     13528
22:18:13      2584924   1358376     34.45      2088   1043736    448260     11.37    180416   1076256     13548
22:18:14      2575440   1367860     34.69      2088   1043744    458308     11.62    180416   1085228     13556
22:18:15      2571844   1371456     34.78      2088   1043756    463956     11.77    180416   1089000     13568
22:18:16      2573568   1369732     34.74      2088   1043760    458700     11.63    180416   1085528     10688
22:18:17      2582216   1361084     34.52      2088   1046436    449044     11.39    180416   1078364     13364
22:18:18      2582128   1361172     34.52      2088   1046448    448692     11.38    180416   1078336     13376
22:18:19      2581316   1361984     34.54      2088   1046448    448796     11.38    180416   1078884     13376
22:18:20      2565740   1377560     34.93      2088   1046456    464636     11.78    180416   1094724     13384
22:18:21      2572536   1370764     34.76      2088   1046472    460380     11.67    180416   1088872     10800
22:18:22      2558708   1384592     35.11      2088   1046472    472704     11.99    180416   1100776     10800
22:18:23      2480536   1462764     37.09      2088   1049080    547960     13.90    180416   1179400     13344
22:18:24      2576056   1367244     34.67      2088   1049152    452384     11.47    180416   1084292     13416
22:18:25      2575900   1367400     34.68      2088   1049152    452516     11.48    180416   1084792     13416
22:18:26      2559172   1384128     35.10      2088   1049168    469464     11.91    180416   1101760     10760
22:18:27      2566196   1377104     34.92      2088   1049168    464692     11.78    180416   1095560     10760
22:18:28      2558648   1384652     35.11      2088   1049184    469392     11.90    180416   1102560     10784
22:18:29      2516632   1426668     36.18      2088   1049184    512208     12.99    180416   1145028     10784
22:18:30      2568280   1375020     34.87      2088   1051800    456064     11.57    180416   1091544     13400
22:18:31      2568788   1374512     34.86      2088   1051876    455516     11.55    180416   1091196     13460
22:18:32      2558900   1384400     35.11      2088   1051876    465992     11.82    180416   1101696     13468
22:18:33      2558456   1384844     35.12      2088   1051896    468924     11.89    180416   1102268     13488
22:18:34      2548800   1394500     35.36      2088   1051900    476860     12.09    180416   1111268     13492
22:18:35      2563236   1380064     35.00      2088   1054580    459860     11.66    180416   1096928     16172
22:18:36      2562732   1380568     35.01      2088   1054588    459948     11.66    180416   1097372     16180
22:18:37      2559456   1383844     35.09      2088   1054596    463292     11.75    180416   1100868     13524
22:18:38      2553080   1390220     35.26      2088   1054604    470284     11.93    180416   1107444     13532
22:18:39      2545244   1398056     35.45      2088   1054612    479832     12.17    180416   1115140     13540
22:18:40      2540792   1402508     35.57      2088   1054616    484928     12.30    180416   1121076     13544
22:18:41      2487800   1455500     36.91      2088   1057216    531104     13.47    180416   1171776     16144
22:18:42      2554140   1389160     35.23      2088   1057312    465768     11.81    180416   1106884     16240
22:18:43      2540732   1402568     35.57      2088   1057312    479908     12.17    180416   1120084     16240
22:18:44      2548092   1395208     35.38      2088   1057328    475520     12.06    180416   1113972     16364
22:18:45      2539620   1403680     35.60      2088   1057328    483356     12.26    180416   1122372     16364
22:18:46      2519852   1423448     36.10      2088   1060004    497704     12.62    180416   1140956     19040
22:18:47      2554080   1389220     35.23      2088   1060008    464504     11.78    180416   1107780     13480
22:18:48      2549840   1393460     35.34      2088   1060028    468912     11.89    180416   1112296     13472
22:18:49      2547096   1396204     35.41      2088   1060028    471240     11.95    180416   1114696     13472
22:18:50      2542216   1401084     35.53      2088   1060044    477984     12.12    180416   1118936     13488
22:18:51      2532648   1410652     35.77      2088   1060044    486604     12.34    180416   1127636     13488
22:18:52      2533688   1409612     35.75      2088   1060044    484400     12.28    180416   1127508     13488
22:18:53      2543540   1399760     35.50      2088   1062656    470912     11.94    180416   1117012     16100
22:18:54      2544548   1398752     35.47      2088   1062736    469000     11.89    180416   1115220     16180
22:18:55      2542476   1400824     35.52      2088   1062736    472024     11.97    180416   1118420     16180
22:18:56      2529836   1413464     35.84      2088   1062744    485312     12.31    180416   1130660     16188
22:18:57      2537996   1405304     35.64      2088   1062756    479340     12.16    180416   1123768     13528
22:18:58      2484320   1458980     37.00      2088   1062760    531588     13.48    180416   1177400     13532
22:18:59      2539312   1403988     35.60      2088   1065368    472056     11.97    180416   1120500     16140
22:19:00      2538744   1404556     35.62      2088   1065452    472212     11.98    180416   1121368     16236
22:19:01      2524032   1419268     35.99      2088   1065456    489360     12.41    180416   1138088     16240
22:19:02      2530080   1413220     35.84      2088   1065472    484492     12.29    180416   1131600     13584
22:19:03      2524008   1419292     35.99      2088   1065476    490372     12.44    180416   1137352     13592
22:19:04      2439660   1503640     38.13      2088   1068084    567372     14.39    180416   1219000     16200
22:19:05      2533420   1409880     35.75      2088   1068156    474936     12.04    180416   1126484     16272
22:19:06      2532916   1410384     35.77      2088   1068164    475264     12.05    180416   1127392     16280
22:19:07      2532604   1410696     35.77      2088   1068168    475256     12.05    180416   1127544     13620
22:19:08      2526564   1416736     35.93      2088   1068168    482480     12.24    180416   1134296     13620
22:19:09      2525344   1417956     35.96      2088   1068172    483032     12.25    180416   1135128     13624
22:19:10      2517292   1426008     36.16      2088   1068192    494232     12.53    180416   1144128     13644
22:19:11      2511724   1431576     36.30      2088   1068192    500820     12.70    180416   1150160     13644
22:19:12      2525316   1417984     35.96      2088   1070864    480876     12.19    180416   1134720     13652
22:19:13      2526176   1417124     35.94      2088   1070884    479956     12.17    180416   1134124     13672
22:19:14      2525724   1417576     35.95      2088   1070884    480092     12.17    180416   1134412     13672
22:19:15      2523088   1420212     36.02      2088   1070888    482660     12.24    180416   1137204     13676
22:19:16      2521020   1422280     36.07      2088   1070892    485996     12.32    180416   1139696     13680
22:19:17      2509952   1433348     36.35      2088   1070904    499640     12.67    180416   1151104     13592
22:19:18      2506740   1436560     36.43      2088   1070908    502984     12.76    180416   1155056     10692
22:19:19      2458584   1484716     37.65      2088   1073576    544852     13.82    180416   1201016     13360
22:19:20      2518032   1425268     36.14      2088   1073588    485636     12.32    180416   1142472     13372
22:19:21      2504464   1438836     36.49      2088   1073604    500368     12.69    180416   1157108     13388
22:19:22      2510512   1432788     36.33      2088   1073616    495816     12.57    180416   1150876     13400
22:19:23      2495140   1448160     36.72      2088   1073616    511484     12.97    180416   1166080     13400
22:19:24      2442448   1500852     38.06      2088   1076292    560028     14.20    180416   1218652     16076
22:19:25      2515776   1427524     36.20      2088   1076296    485188     12.30    180416   1144040     16080
22:19:26      2512000   1431300     36.30      2088   1076316    489024     12.40    180416   1148444     16100
22:19:27      2500348   1442952     36.59      2088   1076316    501216     12.71    180416   1160144     16100
22:19:28      2500852   1442448     36.58      2088   1076332    501236     12.71    180416   1160532     13452
22:19:29      2496124   1447176     36.70      2088   1076332    503064     12.76    180416   1163276     13452
22:19:30      2510384   1432916     36.34      2088   1079012    486912     12.35    180416   1149732     16132
22:19:31      2510228   1433072     36.34      2088   1079012    487172     12.35    180416   1150348     16132
22:19:32      2509976   1433324     36.35      2088   1079024    487620     12.37    180416   1150736     16144
22:19:33      2505188   1438112     36.47      2088   1079032    492724     12.50    180416   1155496     13548
22:19:34      2499120   1444180     36.62      2088   1079036    499788     12.67    180416   1161568     13468
22:19:35      2490644   1452656     36.84      2088   1079052    508984     12.91    180416   1168940     13484
22:19:36      2487620   1455680     36.92      2088   1079052    508816     12.90    180416   1170428     13484
22:19:37      2503928   1439372     36.50      2088   1081732    491168     12.46    180416   1155988     16164
22:19:38      2503612   1439688     36.51      2088   1081732    491288     12.46    180416   1156288     13564
22:19:39      2503172   1440128     36.52      2088   1081748    491388     12.46    180416   1156644     13516
22:19:40      2495308   1447992     36.72      2088   1081748    500720     12.70    180416   1165344     13516
22:19:41      2487448   1455852     36.92      2088   1081752    509468     12.92    180416   1173784     13520
22:19:42      2483516   1459784     37.02      2088   1081764    514440     13.05    180416   1177272     13532
22:19:43      2482728   1460572     37.04      2088   1081768    512640     13.00    180416   1178128     10872
22:19:44      2497076   1446224     36.68      2088   1084380    494540     12.54    180416   1162876     13484
22:19:45      2497256   1446044     36.67      2088   1084448    494252     12.53    180416   1162704     13552
22:19:46      2493564   1449736     36.76      2088   1084464    499496     12.67    180416   1167548     13568
22:19:47      2487736   1455564     36.91      2088   1084476    506940     12.86    180416   1173204     13580
22:19:48      2477384   1465916     37.17      2088   1084484    515812     13.08    180416   1182988     13336
22:19:49      2491536   1451764     36.82      2088   1087160    497792     12.62    180416   1168056     16024
22:19:50      2491236   1452064     36.82      2088   1087164    497936     12.63    180416   1168168     16028
22:19:51      2491288   1452012     36.82      2088   1087180    497820     12.62    180416   1168576     16044
22:19:52      2488136   1455164     36.90      2088   1087180    501812     12.73    180416   1172376     16044
22:19:53      2474340   1468960     37.25      2088   1087184    517744     13.13    180416   1187132     13384
22:19:54      2480200   1463100     37.10      2088   1087200    513208     13.01    180416   1180760     13400
22:19:55      2471096   1472204     37.33      2088   1087204    522244     13.24    180416   1190580     13404
22:19:56      2481124   1462176     37.08      2088   1089804    505520     12.82    180416   1178716     16004
22:19:57      2485468   1457832     36.97      2088   1089884    501308     12.71    180416   1174640     16084
22:19:58      2485512   1457788     36.97      2088   1089884    501104     12.71    180416   1174660     13484
22:19:59      2481688   1461612     37.07      2088   1089900    505016     12.81    180416   1178584     13436
22:20:00      2468292   1475008     37.41      2088   1089900    520380     13.20    180416   1193184     13436
22:20:01      2474876   1468424     37.24      2088   1089916    515464     13.07    180416   1186596     13452
22:20:02      2458748   1484552     37.65      2088   1089960    530964     13.46    180548   1202112     13692
22:20:03      2462280   1481020     37.56      2088   1089964    522096     13.24    180548   1194580     13696
22:20:04      2479664   1463636     37.12      2088   1092636    504136     12.78    180548   1179664     13768
22:20:05      2479916   1463384     37.11      2088   1092644    503980     12.78    180548   1179532     13704
22:20:06      2479664   1463636     37.12      2088   1092644    503856     12.78    180548   1179784     13704
22:20:07      2476136   1467164     37.21      2088   1092656    508424     12.89    180548   1184324     13716
22:20:08      2465972   1477328     37.46      2088   1092664    519044     13.16    180548   1194148     13724
22:20:09      2458668   1484632     37.65      2088   1092676    526452     13.35    180548   1199944     11136
22:20:10      2453692   1489608     37.78      2088   1092676    533968     13.54    180548   1207432     11072
22:20:11      2472992   1470308     37.29      2088   1095356    508068     12.88    180548   1185940     13752
22:20:12      2472900   1470400     37.29      2088   1095356    508548     12.90    180548   1186888     13752
22:20:13      2472332   1470968     37.30      2088   1095372    508580     12.90    180548   1187052     13768
22:20:14      2467792   1475508     37.42      2088   1095372    514088     13.04    180548   1192352     13768
22:20:15      2462568   1480732     37.55      2088   1095392    521428     13.22    180548   1197628     13788
22:20:16      2456968   1486332     37.69      2088   1095392    526928     13.36    180548   1203428     13788
22:20:17      2383720   1559580     39.55      2088   1098068    594516     15.08    180548   1275912     16464
22:20:18      2467064   1476236     37.44      2088   1098072    510824     12.95    180548   1192380     16468
22:20:19      2466844   1476456     37.44      2088   1098084    511004     12.96    180548   1192772     13576
22:20:20      2461408   1481892     37.58      2088   1098084    516408     13.10    180548   1197900     13580
22:20:21      2454684   1488616     37.75      2088   1098092    524836     13.31    180548   1205748     13600
22:20:22      2444868   1498432     38.00      2088   1098104    538824     13.66    180548   1214612     13612
22:20:23      2444080   1499220     38.02      2088   1098112    535728     13.59    180548   1216244     13620
22:20:24      2460268   1483032     37.61      2088   1100728    515916     13.08    180548   1199016     13636
22:20:25      2460520   1482780     37.60      2088   1100792    515528     13.07    180548   1199264     13636
22:20:26      2457276   1486024     37.68      2088   1100808    518944     13.16    180548   1202716     13652
22:20:27      2444512   1498788     38.01      2088   1100812    532228     13.50    180548   1216276     13656
22:20:28      2454468   1488832     37.76      2088   1100812    521804     13.23    180548   1205976     13656
22:20:29      2436580   1506720     38.21      2088   1100824    541976     13.74    180548   1223716     11004
22:20:30      2437280   1506020     38.19      2088   1100828    541980     13.74    180548   1223740     11008
22:20:31      2357420   1585880     40.22      2088   1103428    617724     15.67    180548   1303740     13608
22:20:32      2451920   1491380     37.82      2088   1103528    522132     13.24    180548   1208512     13708
22:20:33      2441044   1502256     38.10      2088   1103528    533244     13.52    180548   1219012     13708
22:20:34      2440780   1502520     38.10      2088   1103528    535728     13.59    180548   1219812     10908
22:20:35      2433008   1510292     38.30      2088   1103544    540068     13.70    180548   1226056     10820
22:20:36      2448628   1494672     37.90      2088   1106220    522060     13.24    180548   1210792     13496
22:20:37      2448456   1494844     37.91      2088   1106232    522124     13.24    180548   1211128     13508
22:20:38      2448140   1495160     37.92      2088   1106240    522284     13.24    180548   1211544     13516
22:20:39      2445020   1498280     38.00      2088   1106240    525716     13.33    180548   1214976     13516
22:20:40      2432716   1510584     38.31      2088   1106240    537860     13.64    180548   1227200     13512
22:20:41      2431960   1511340     38.33      2088   1106260    539280     13.68    180548   1227160     13532
22:20:42      2426656   1516644     38.46      2088   1106260    547792     13.89    180548   1234468     13644
22:20:43      2399244   1544056     39.16      2088   1108868    570360     14.46    180548   1261116     16252
22:20:44      2441264   1502036     38.09      2088   1108936    527396     13.37    180548   1218688     16320
22:20:45      2441484   1501816     38.09      2088   1108956    526704     13.36    180548   1218380     13676
22:20:46      2426052   1517248     38.48      2088   1108960    543932     13.79    180548   1235344     13680
22:20:47      2428156   1515144     38.42      2088   1108964    540520     13.71    180548   1232044     13684
22:20:48      2418376   1524924     38.67      2088   1108976    549728     13.94    180548   1241636     13696
22:20:49      2417892   1525408     38.68      2088   1108976    553276     14.03    180548   1243448     13696
22:20:50      2333892   1609408     40.81      2088   1111580    630684     15.99    180548   1325152     13400
22:20:51      2435020   1508280     38.25      2088   1111672    529556     13.43    180548   1224308     13496
22:20:52      2433004   1510296     38.30      2088   1111672    532556     13.51    180548   1227308     13496
22:20:53      2424124   1519176     38.53      2088   1111680    541876     13.74    180548   1236272     13504
22:20:54      2411064   1532236     38.86      2088   1111692    555656     14.09    180548   1248108     13516
22:20:55      2309508   1633792     41.43      2088   1111692    655828     16.63    180548   1350672     10832
22:20:56      2428948   1514352     38.40      2088   1114372    533120     13.52    180548   1230524     13512
22:20:57      2428804   1514496     38.41      2088   1114372    533116     13.52    180548   1230724     13512
22:20:58      2428444   1514856     38.42      2088   1114384    532972     13.52    180548   1230540     13524
22:20:59      2426648   1516652     38.46      2088   1114384    535876     13.59    180548   1233540     13524
22:21:00      2414332   1528968     38.77      2088   1114396    548224     13.90    180548   1245652     13536
22:21:01      2419868   1523432     38.63      2088   1114396    545424     13.83    180548   1241152     13536
22:21:02      2410096   1533204     38.88      2088   1114412    554372     14.06    180548   1249524     13552
22:21:03      2372548   1570752     39.83      2088   1114412    592368     15.02    180548   1288632     13552
22:21:04      2424440   1518860     38.52      2088   1117024    536772     13.61    180548   1236196     16164
22:21:05      2423696   1519604     38.54      2088   1117100    536852     13.61    180548   1236556     13640
22:21:06      2422688   1520612     38.56      2088   1117104    537012     13.62    180548   1236932     13580
22:21:07      2405476   1537824     39.00      2088   1117104    553156     14.03    180548   1253768     13580
22:21:08      2413112   1530188     38.80      2088   1117124    549216     13.93    180548   1248120     13600
22:21:09      2408828   1534472     38.91      2088   1117124    554108     14.05    180548   1252712     13600
22:21:10      2356600   1586700     40.24      2088   1117124    605232     15.35    180548   1304604     11004
22:21:11      2416884   1526416     38.71      2088   1119808    539696     13.69    180548   1242188     13616
22:21:12      2417384   1525916     38.70      2088   1119808    539288     13.68    180548   1242188     13616
22:21:13      2417136   1526164     38.70      2088   1119820    539384     13.68    180548   1242232     13628
22:21:14      2407308   1535992     38.95      2088   1119820    550832     13.97    180548   1253260     13628
22:21:15      2409824   1533476     38.89      2088   1119828    547984     13.90    180548   1250308     10860
22:21:16      2395576   1547724     39.25      2088   1119840    560828     14.22    180548   1262184     10872
22:21:17      2399692   1543608     39.15      2088   1119844    556924     14.12    180548   1260620     10876
22:21:18      2411516   1531784     38.85      2088   1122516    541104     13.72    180548   1247552     13548
22:21:19      2411324   1531976     38.85      2088   1122520    541632     13.74    180548   1248300     13552
22:21:20      2411324   1531976     38.85      2088   1122536    541684     13.74    180548   1248484     10676
22:21:21      2396120   1547180     39.24      2088   1122536    558680     14.17    180548   1264084     10676
22:21:22      2402756   1540544     39.07      2088   1122556    554404     14.06    180548   1258180     10696
22:21:23      2393652   1549648     39.30      2088   1122556    563224     14.28    180548   1267916     10696
22:21:24      2356996   1586304     40.23      2088   1125156    593224     15.04    180548   1302436     13296
22:21:25      2406528   1536772     38.97      2088   1125236    543932     13.79    180548   1253256     13376
22:21:26      2406276   1537024     38.98      2088   1125236    543808     13.79    180548   1253280     13376
22:21:27      2403504   1539796     39.05      2088   1125252    547032     13.87    180548   1256464     13400
22:21:28      2396144   1547156     39.24      2088   1125252    556572     14.11    180548   1263976     13400
22:21:29      2396172   1547128     39.23      2088   1125268    559112     14.18    180548   1264764     13416
22:21:30      2315524   1627776     41.28      2088   1125268    637368     16.16    180548   1344428     13416
22:21:31      2400596   1542704     39.12      2088   1127944    548364     13.91    180548   1258416     13428
22:21:32      2400440   1542860     39.13      2088   1127952    548944     13.92    180548   1259404     13436
22:21:33      2397888   1545412     39.19      2088   1127964    551960     14.00    180548   1262404     13448
22:21:34      2385556   1557744     39.50      2088   1127964    564556     14.32    180548   1274632     13448
22:21:35      2389840   1553460     39.39      2088   1127984    561792     14.25    180548   1270508     13468
22:21:36      2379228   1564072     39.66      2088   1127992    569588     14.44    180548   1280340     10812
22:21:37      2378544   1564756     39.68      2088   1127996    570768     14.47    180548   1281664     10816
22:21:38      2393856   1549444     39.29      2088   1130664    551448     13.98    180548   1265592     13484
22:21:39      2393604   1549696     39.30      2088   1130680    551704     13.99    180548   1265984     13500
22:21:40      2391148   1552152     39.36      2088   1130688    554784     14.07    180548   1269244     13508
22:21:41      2381616   1561684     39.60      2088   1130692    565328     14.34    180548   1278644     10824
22:21:42      2385352   1557948     39.51      2088   1130712    564236     14.31    180548   1275864     10856
22:21:43      2245472   1697828     43.06      2088   1133320    692812     17.57    180548   1408656     13464
22:21:44      2389124   1554176     39.41      2088   1133388    554436     14.06    180548   1270240     13532
22:21:45      2388368   1554932     39.43      2088   1133388    554868     14.07    180548   1271140     13532
22:21:46      2388368   1554932     39.43      2088   1133404    554868     14.07    180548   1271128     13548
22:21:47      2385944   1557356     39.49      2088   1133404    558012     14.15    180548   1274328     13548
22:21:48      2375452   1567848     39.76      2088   1133412    567116     14.38    180548   1283672     13556
22:21:49      2366608   1576692     39.98      2088   1133424    578136     14.66    180548   1294720     13568
22:21:50      2363916   1579384     40.05      2088   1133424    579788     14.70    180548   1296144     13568
22:21:51      2382744   1560556     39.57      2088   1136036    557060     14.13    180548   1276732     13272
22:21:52      2382304   1560996     39.59      2088   1136104    557324     14.13    180548   1277340     13344
22:21:53      2380036   1563264     39.64      2088   1136120    560436     14.21    180548   1280288     13360
22:21:54      2367136   1576164     39.97      2088   1136120    574452     14.57    180548   1292876     13360
22:21:55      2362900   1580400     40.08      2088   1136136    580204     14.71    180548   1296972     13376
22:21:56      2358300   1585000     40.19      2088   1136140    581168     14.74    180548   1299472     10780
22:21:57      2305120   1638180     41.54      2088   1138816    632340     16.04    180548   1353816     13384
22:21:58      2376500   1566800     39.73      2088   1138816    561272     14.23    180548   1283600     13392
22:21:59      2376196   1567104     39.74      2088   1138832    561316     14.23    180548   1283868     13408
22:22:00      2357788   1585512     40.21      2088   1138836    580128     14.71    180548   1301272     13412
22:22:01      2365412   1577888     40.01      2088   1138852    575696     14.60    180548   1295408     10828
22:22:02      2361860   1581440     40.10      2088   1138852    577500     14.65    180548   1298628     10764
22:22:03      2353240   1590060     40.32      2088   1138856    585448     14.85    180548   1306712     10768
22:22:04      2264344   1678956     42.58      2088   1141524    671872     17.04    180548   1395596     13436
22:22:05      2370248   1573052     39.89      2088   1141536    565148     14.33    180548   1289220     13448
22:22:06      2370184   1573116     39.89      2088   1141548    564752     14.32    180548   1288972     13460
22:22:07      2367160   1576140     39.97      2088   1141548    568296     14.41    180548   1292780     13460
22:22:08      2359064   1584236     40.18      2088   1141552    576776     14.63    180548   1300928     13464
22:22:09      2354056   1589244     40.30      2088   1141568    583848     14.81    180548   1306980     13480
22:22:10      2351032   1592268     40.38      2088   1141568    587556     14.90    180548   1310084     13480
22:22:11      2351032   1592268     40.38      2088   1141568    585716     14.85    180548   1310272     13480
22:22:12      2271316   1671984     42.40      2088   1144172    661492     16.78    180548   1388772     13384
22:22:13      2360300   1583000     40.14      2088   1144264    572084     14.51    180548   1299724     13512
22:22:14      2351476   1591824     40.37      2088   1144264    581620     14.75    180548   1308444     13512
22:22:15      2351196   1592104     40.37      2088   1144280    581036     14.73    180548   1307676     13528
22:22:16      2240380   1702920     43.19      2088   1144284    692956     17.57    180548   1420484     13532
22:22:17      2356288   1587012     40.25      2088   1146900    572564     14.52    180548   1302896     13548
22:22:18      2356828   1586472     40.23      2088   1146972    572132     14.51    180548   1302844     13552
22:22:19      2356492   1586808     40.24      2088   1146972    572228     14.51    180548   1302936     13552
22:22:20      2354780   1588520     40.28      2088   1146976    574668     14.57    180548   1305260     13556
22:22:21      2344444   1598856     40.55      2088   1146980    586084     14.86    180548   1315776     13560
22:22:22      2344552   1598748     40.54      2088   1146996    585764     14.85    180548   1313760     10780
22:22:23      2332724   1610576     40.84      2088   1146996    597344     15.15    180548   1325940     10684
22:22:24      2253216   1690084     42.86      2088   1149672    673736     17.09    180548   1406544     13360
22:22:25      2351244   1592056     40.37      2088   1149680    575004     14.58    180548   1308336     13368
22:22:26      2349040   1594260     40.43      2088   1149692    578008     14.66    180548   1311352     13380
22:22:27      2337856   1605444     40.71      2088   1149696    589608     14.95    180548   1322000     13384
22:22:28      2340156   1603144     40.65      2088   1149716    590020     14.96    180548   1320764     13404
22:22:29      2247420   1695880     43.01      2088   1149716    678752     17.21    180548   1410708     13408
22:22:30      2345380   1597920     40.52      2088   1152332    578416     14.67    180548   1313224     16024
22:22:31      2345212   1598088     40.53      2088   1152396    578864     14.68    180548   1314148     16088
22:22:32      2344876   1598424     40.54      2088   1152412    578708     14.68    180548   1314280     13508
22:22:33      2344928   1598372     40.53      2088   1152412    578708     14.68    180548   1314240     13436
22:22:34      2330156   1613144     40.91      2088   1152412    594320     15.07    180548   1329728     13436
22:22:35      2327784   1615516     40.97      2088   1152416    595080     15.09    180548   1330976     13440
22:22:36      2321240   1622060     41.13      2088   1152416    605032     15.34    180548   1338984     13440
22:22:37      2327032   1616268     40.99      2088   1152432    597748     15.16    180548   1333176     10792
22:22:38      2324264   1619036     41.06      2088   1152432    602712     15.28    180548   1336384     10904
22:22:39      2189192   1754108     44.48      2088   1152432    737428     18.70    180548   1471692     10904
22:22:40      2335092   1608208     40.78      2088   1155116    585052     14.84    180548   1323632     13592
22:22:41      2328484   1614816     40.95      2088   1155116    592212     15.02    180548   1330332     13592
22:22:42      2329296   1614004     40.93      2088   1155144    594168     15.07    180548   1330808     10956
22:22:43      2321948   1621352     41.12      2088   1155144    600452     15.23    180548   1336932     10956
22:22:44      2212328   1730972     43.90      2088   1157808    705260     17.89    180548   1446476     13620
22:22:45      2333012   1610288     40.84      2088   1157824    584752     14.83    180548   1326256     13636
22:22:46      2332856   1610444     40.84      2088   1157836    584420     14.82    180548   1326268     13648
22:22:47      2330588   1612712     40.90      2088   1157836    587388     14.90    180548   1329268     11048
22:22:48      2316424   1626876     41.26      2088   1157840    603680     15.31    180548   1343632     10984
22:22:49      2321516   1621784     41.13      2088   1157856    599996     15.22    180548   1338236     11000
22:22:50      2309116   1634184     41.44      2088   1157860    611760     15.51    180548   1350736     11004
22:22:51      2173464   1769836     44.88      2088   1160464    741820     18.81    180548   1485152     13608
22:22:52      2327556   1615744     40.97      2088   1160540    587812     14.91    180548   1331504     13460
22:22:53      2327288   1616012     40.98      2088   1160540    588084     14.91    180548   1332008     13460
22:22:54      2327504   1615796     40.98      2088   1160556    587772     14.91    180548   1331796     13480
22:22:55      2316668   1626632     41.25      2088   1160560    598844     15.19    180548   1342632     13484
22:22:56      2318736   1624564     41.20      2088   1160576    600612     15.23    180548   1342140     13500
22:22:57      2311924   1631376     41.37      2088   1160576    607332     15.40    180548   1348740     13500
22:22:58      2303276   1640024     41.59      2088   1160588    612464     15.53    180548   1355776     10848
22:22:59      2322216   1621084     41.11      2088   1163192    590668     14.98    180548   1336836     13452
22:23:00      2321972   1621328     41.12      2088   1163260    591132     14.99    180548   1337524     13520
22:23:01      2321972   1621328     41.12      2088   1163268    590928     14.99    180548   1337588     13528
22:23:02      2314524   1628776     41.30      2088   1163272    598328     15.17    180548   1345036     13532
22:23:03      2307040   1636260     41.49      2088   1163276    606688     15.39    180548   1352856     10868
22:23:04      2309356   1633944     41.44      2088   1163292    606168     15.37    180548   1350632     10884
22:23:05      2300284   1643016     41.67      2088   1163292    615204     15.60    180548   1359584     10884
22:23:06      2257408   1685892     42.75      2088   1165964    652992     16.56    180548   1401572     13556
22:23:07      2315884   1627416     41.27      2088   1165972    594676     15.08    180548   1343212     13564
22:23:08      2315884   1627416     41.27      2088   1165984    594760     15.08    180548   1343736     13464
22:23:09      2312860   1630440     41.35      2088   1165984    598208     15.17    180548   1347388     13464
22:23:10      2298696   1644604     41.71      2088   1165992    611652     15.51    180548   1360324     13472
22:23:11      2302976   1640324     41.60      2088   1165992    609224     15.45    180548   1356464     13472
22:23:12      2297560   1645740     41.74      2088   1166004    616468     15.63    180548   1363900     13484
22:23:13      2255972   1687328     42.79      2088   1168608    652984     16.56    180548   1404156     13420
22:23:14      2310876   1632424     41.40      2088   1168684    596612     15.13    180548   1348404     13496
22:23:15      2310908   1632392     41.40      2088   1168696    596836     15.14    180548   1348544     13508
22:23:16      2307884   1635416     41.47      2088   1168700    600620     15.23    180548   1352352     13512
22:23:17      2293520   1649780     41.84      2088   1168700    615076     15.60    180548   1366468     13512
22:23:18      2300072   1643228     41.67      2088   1168720    611100     15.50    180548   1360860     10856
22:23:19      2295280   1648020     41.79      2088   1168724    613256     15.55    180548   1364860     10864
22:23:20      2304600   1638700     41.56      2088   1171332    600116     15.22    180548   1354208     13472
22:23:21      2304600   1638700     41.56      2088   1171400    600152     15.22    180548   1354628     13548
22:23:22      2303844   1639456     41.58      2088   1171416    600616     15.23    180548   1355056     13564
22:23:23      2300432   1642868     41.66      2088   1171416    604268     15.32    180548   1358656     10764
22:23:24      2288788   1654512     41.96      2088   1171424    617628     15.66    180548   1372048     10692
22:23:25      2295528   1647772     41.79      2088   1171436    612520     15.53    180548   1365364     10704
22:23:26      2279620   1663680     42.19      2088   1171440    627100     15.90    180548   1380192     10708
22:23:27      2233436   1709864     43.36      2088   1174052    669256     16.97    180548   1426564     13320
22:23:28      2298260   1645040     41.72      2088   1174124    603796     15.31    180548   1361556     13392
22:23:29      2278552   1664748     42.22      2088   1174124    623908     15.82    180548   1381256     13392
22:23:30      2280872   1662428     42.16      2088   1174140    622468     15.79    180548   1379804     13408
22:23:31      2277304   1665996     42.25      2088   1174140    626944     15.90    180548   1381904     13408
22:23:32      2281880   1661420     42.13      2088   1174156    621144     15.75    180548   1377828     13424
22:23:33      2271540   1671760     42.39      2088   1176832    628304     15.93    180548   1388668     13432
22:23:34      2291700   1651600     41.88      2088   1176836    606756     15.39    180548   1367524     13436
22:23:35      2292272   1651028     41.87      2088   1176836    605928     15.37    180548   1366824     13436
22:23:36      2289300   1654000     41.94      2088   1176852    610028     15.47    180548   1370532     13456
22:23:37      2276124   1667176     42.28      2088   1176852    623840     15.82    180548   1383832     13456
22:23:38      2263728   1679572     42.59      2088   1176856    636928     16.15    180548   1396140     13460
22:23:39      2267508   1675792     42.50      2088   1176868    634476     16.09    180548   1392048     10808
22:23:40      2268768   1674532     42.47      2088   1176868    634472     16.09    180548   1392036     10808
22:23:41      2266940   1676360     42.51      2088   1176868    635388     16.11    180548   1393548     10808
22:23:42      2248096   1695204     42.99      2088   1179544    648116     16.44    180548   1410876     13484
22:23:43      2280608   1662692     42.16      2088   1179544    615780     15.62    180548   1378532     13484
22:23:44      2268768   1674532     42.47      2088   1179568    629428     15.96    180548   1391816     10844
22:23:45      2272044   1671256     42.38      2088   1179580    627976     15.93    180548   1388736     10856
22:23:46      2263728   1679572     42.59      2088   1179584    636860     16.15    180548   1397132     10860
22:23:47      2164116   1779184     45.12      2088   1182260    730308     18.52    180548   1494900     13536
22:23:48      2276224   1667076     42.28      2088   1182264    618296     15.68    180548   1382936     13540
22:23:49      2276320   1666980     42.27      2088   1182268    617812     15.67    180548   1382804     13544
22:23:50      2276320   1666980     42.27      2088   1182280    617812     15.67    180548   1382836     13548
22:23:51      2271296   1672004     42.40      2088   1182280    622588     15.79    180548   1387464     13548
22:23:52      2264728   1678572     42.57      2088   1182284    631148     16.01    180548   1396156     13552
22:23:53      2255604   1687696     42.80      2088   1182296    640308     16.24    180548   1403776     13564
22:23:54      2258152   1685148     42.73      2088   1182300    638484     16.19    180548   1402636     10676
22:23:55      2184784   1758516     44.60      2088   1184972    705012     17.88    180548   1473808     13348
22:23:56      2269468   1673832     42.45      2088   1184980    620808     15.74    180548   1389832     13356
22:23:57      2270224   1673076     42.43      2088   1184992    619636     15.71    180548   1388804     13368
22:23:58      2269624   1673676     42.44      2088   1184992    621420     15.76    180548   1390372     13368
22:23:59      2260704   1682596     42.67      2088   1185008    631776     16.02    180548   1399088     10720
22:24:00      2259616   1683684     42.70      2088   1185012    634556     16.09    180548   1400308     10724
22:24:01      2254600   1688700     42.82      2088   1185012    636468     16.14    180548   1404208     10724
22:24:02      2186356   1756944     44.56      2088   1187692    703564     17.84    180548   1473596     13404
22:24:03      2264980   1678320     42.56      2088   1187696    623612     15.81    180548   1393980     13408
22:24:04      2264980   1678320     42.56      2088   1187700    623516     15.81    180548   1394036     10748
22:24:05      2264728   1678572     42.57      2088   1187712    623360     15.81    180548   1394052     10760
22:24:06      2254900   1688400     42.82      2088   1187716    633664     16.07    180548   1404036     10764
22:24:07      2255656   1687644     42.80      2088   1187728    633840     16.07    180548   1404168     10776
22:24:08      2250080   1693220     42.94      2088   1187732    639896     16.23    180548   1408880     10788
22:24:09      2245272   1698028     43.06      2088   1187732    643112     16.31    180548   1413640     10784
22:24:10      2140928   1802372     45.71      2088   1190416    744260     18.87    180548   1517568     13468
22:24:11      2260184   1683116     42.68      2088   1190420    625320     15.86    180548   1398924     13472
22:24:12      2259680   1683620     42.70      2088   1190428    625436     15.86    180548   1399292     13480
22:24:13      2257128   1686172     42.76      2088   1190428    628612     15.94    180548   1402692     13480
22:24:14      2255648   1687652     42.80      2088   1190448    627292     15.91    180548   1401268     10836
22:24:15      2255128   1688172     42.81      2088   1190452    631132     16.01    180548   1404560     10840
22:24:16      2243804   1699496     43.10      2088   1190460    640092     16.23    180548   1412952     10848
22:24:17      2254852   1688448     42.82      2088   1193060    627520     15.91    180548   1403956     13448
22:24:18      2254884   1688416     42.82      2088   1193128    627440     15.91    180548   1404128     13516
22:24:19      2254884   1688416     42.82      2088   1193140    627460     15.91    180548   1404436     13528
22:24:20      2254884   1688416     42.82      2088   1193144    627604     15.92    180548   1404428     10856
22:24:21      2252080   1691220     42.89      2088   1193144    630812     16.00    180548   1407624     10856
22:24:22      2244552   1698748     43.08      2088   1193156    639364     16.21    180548   1414980     10872
22:24:23      2240720   1702580     43.18      2088   1193164    643176     16.31    180548   1416632     10880
22:24:24      2234956   1708344     43.32      2088   1193164    648312     16.44    180548   1424252     10884
22:24:25      2107392   1835908     46.56      2088   1195768    773212     19.61    180548   1551952     13276
22:24:26      2249324   1693976     42.96      2088   1195844    631128     16.01    180548   1410332     13356
22:24:27      2248252   1695048     42.99      2088   1195844    631148     16.01    180548   1410632     13356
22:24:28      2248316   1694984     42.98      2088   1195856    631012     16.00    180548   1410748     13368
22:24:29      2231832   1711468     43.40      2088   1195856    648464     16.44    180548   1427348     13368
22:24:30      2238236   1705064     43.24      2088   1195876    645240     16.36    180548   1422612     10724
22:24:31      2225364   1717936     43.57      2088   1195876    656464     16.65    180548   1434816     10724
22:24:32      2174692   1768608     44.85      2088   1198556    703888     17.85    180548   1485228     13404
22:24:33      2243436   1699864     43.11      2088   1198556    634020     16.08    180548   1415648     13404
22:24:34      2242480   1700820     43.13      2088   1198568    634124     16.08    180548   1416236     13416
22:24:35      2242228   1701072     43.14      2088   1198572    634284     16.09    180548   1416532     10756
22:24:36      2232096   1711204     43.40      2088   1198576    645832     16.38    180548   1427716     10760
22:24:37      2232904   1710396     43.37      2088   1198592    647564     16.42    180548   1427800     10776
22:24:38      2222988   1720312     43.63      2088   1198592    650636     16.50    180548   1433668     10776
22:24:39      2102776   1840524     46.67      2088   1201272    772144     19.58    180548   1556196     13456
22:24:40      2237668   1705632     43.25      2088   1201276    637472     16.17    180548   1421728     13460
22:24:41      2237164   1706136     43.27      2088   1201288    637436     16.17    180548   1421880     13464
22:24:42      2234644   1708656     43.33      2088   1201296    640628     16.25    180548   1425376     13472
22:24:43      2224376   1718924     43.59      2088   1201304    651020     16.51    180548   1435240     13480
22:24:44      2216816   1726484     43.78      2088   1201312    660860     16.76    180548   1443100     13488
22:24:45      2207996   1735304     44.01      2088   1201312    667432     16.93    180548   1451896     11000
22:24:46      2231676   1711624     43.41      2088   1203992    640312     16.24    180548   1427540     13616
22:24:47      2231676   1711624     43.41      2088   1203996    640204     16.24    180548   1427768     13620
22:24:48      2231676   1711624     43.41      2088   1204004    640300     16.24    180548   1427864     13632
22:24:49      2225628   1717672     43.56      2088   1204004    647336     16.42    180548   1434664     13632
22:24:50      2225376   1717924     43.57      2088   1204024    647524     16.42    180548   1434264     10988
22:24:51      2216548   1726752     43.79      2088   1204028    659020     16.71    180548   1443844     10992
22:24:52      2044180   1899120     48.16      2088   1205036    830092     21.05    180548   1616296     11900
22:24:53      2225864   1717436     43.55      2088   1206640    643792     16.33    180548   1433904     13604
22:24:54      2224604   1718696     43.59      2088   1206716    643728     16.32    180548   1434536     13680
22:24:55      2224352   1718948     43.59      2088   1206716    643824     16.33    180548   1434632     10776
22:24:56      2222084   1721216     43.65      2088   1206720    647048     16.41    180548   1437712     10796
22:24:57      2208492   1734808     43.99      2088   1206724    662580     16.80    180548   1451400     10800
22:24:58      2214524   1728776     43.84      2088   1206740    659392     16.72    180548   1446580     10816
22:24:59      2203588   1739712     44.12      2088   1206740    665836     16.89    180548   1456360     10816
22:25:00      2198852   1744448     44.24      2088   1209420    667976     16.94    180548   1461056     13496
22:25:01      2218856   1724444     43.73      2088   1209420    646912     16.41    180548   1439964     13496
22:25:02      2218508   1724792     43.74      2088   1209428    647276     16.41    180548   1440480     13504
22:25:03      2215988   1727312     43.80      2088   1209440    650488     16.50    180548   1443784     13516
22:25:04      2207972   1735328     44.01      2088   1209452    659792     16.73    180548   1451812     13528
22:25:05      2201620   1741680     44.17      2088   1209460    667988     16.94    180548   1457916     13536
22:25:06      2188064   1755236     44.51      2088   1209468    680980     17.27    180548   1472524     10880
22:25:07      2212224   1731076     43.90      2088   1212068    652088     16.54    180548   1446612     13480
22:25:08      2212004   1731296     43.90      2088   1212140    652280     16.54    180548   1447000     13552
22:25:09      2211500   1731800     43.92      2088   1212144    652252     16.54    180548   1447356     13556
22:25:10      2211752   1731548     43.91      2088   1212152    652348     16.54    180548   1447416     13564
22:25:11      2208128   1735172     44.00      2088   1212156    656368     16.65    180548   1451448     10968
22:25:12      2203428   1739872     44.12      2088   1212180    664508     16.85    180548   1457376     10928
22:25:13      2195840   1747460     44.31      2088   1212180    670504     17.00    180548   1463816     10928
22:25:14      2173156   1770144     44.89      2088   1214860    688844     17.47    180548   1486716     13608
22:25:15      2207176   1736124     44.03      2088   1214860    653888     16.58    180548   1452016     13608
22:25:16      2206672   1736628     44.04      2088   1214876    653804     16.58    180548   1452252     10848
22:25:17      2203900   1739400     44.11      2088   1214880    657012     16.66    180548   1455476     10852
22:25:18      2192212   1751088     44.41      2088   1214880    671384     17.03    180548   1468332     10852
22:25:19      2187520   1755780     44.53      2088   1214900    677016     17.17    180548   1472852     10872
22:25:20      2182724   1760576     44.65      2088   1214900    680796     17.26    180548   1477144     10876
22:25:21      2118936   1824364     46.26      2088   1217576    738924     18.74    180548   1539760     13544
22:25:22      2200860   1742440     44.19      2088   1217576    656876     16.66    180548   1457876     13544
22:25:23      2200860   1742440     44.19      2088   1217592    656924     16.66    180548   1458124     13560
22:25:24      2200608   1742692     44.19      2088   1217592    657052     16.66    180548   1458228     13560
22:25:25      2197332   1745968     44.28      2088   1217596    661360     16.77    180548   1462360     13564
22:25:26      2190512   1752788     44.45      2088   1217608    668292     16.95    180548   1469000     10684
22:25:27      2177652   1765648     44.78      2088   1217612    682964     17.32    180548   1481916     10696
22:25:28      2058764   1884536     47.79      2088   1217624    800940     20.31    180548   1600992     10708
22:25:29      2194584   1748716     44.35      2088   1220292    661152     16.77    180548   1464108     13380
22:25:30      2194836   1748464     44.34      2088   1220308    660544     16.75    180548   1464116     13396
22:25:31      2194836   1748464     44.34      2088   1220308    660640     16.75    180548   1464236     10720
22:25:32      2192568   1750732     44.40      2088   1220308    663656     16.83    180548   1467204     10720
22:25:33      2180716   1762584     44.70      2088   1220316    675896     17.14    180548   1479328     10728
22:25:34      2177440   1765860     44.78      2088   1220328    680056     17.25    180548   1482120     10740
22:25:35      2176680   1766620     44.80      2088   1220328    678984     17.22    180548   1483320     10740
22:25:36      2140892   1802408     45.71      2088   1223004    711916     18.05    180548   1518748     13416
22:25:37      2190536   1752764     44.45      2088   1223008    662196     16.79    180548   1469236     13420
22:25:38      2189024   1754276     44.49      2088   1223020    662824     16.81    180548   1469936     13432
22:25:39      2189024   1754276     44.49      2088   1223020    662824     16.81    180548   1469936     13432
22:25:40      2186504   1756796     44.55      2088   1223020    666192     16.89    180548   1473136     13432
22:25:41      2172888   1770412     44.90      2088   1223028    682520     17.31    180548   1487668     10776
22:25:42      2172784   1770516     44.90      2088   1223040    682900     17.32    180548   1486792     10788
22:25:43      2171336   1771964     44.94      2088   1223048    680996     17.27    180548   1486940     10796
22:25:44      2183172   1760128     44.64      2088   1225724    666420     16.90    180548   1475412     13472
22:25:45      2182920   1760380     44.64      2088   1225724    666864     16.91    180548   1476020     13476
22:25:46      2183172   1760128     44.64      2088   1225736    666660     16.91    180548   1475856     13488
22:25:47      2182920   1760380     44.64      2088   1225740    666820     16.91    180548   1476156     10828
22:25:48      2179832   1763468     44.72      2088   1225740    671316     17.02    180548   1480376     10828
22:25:49      2171580   1771720     44.93      2088   1225752    679164     17.22    180548   1487712     10840
22:25:50      2162760   1780540     45.15      2088   1225756    690884     17.52    180548   1497200     10844
22:25:51      2161816   1781484     45.18      2088   1225760    689780     17.49    180548   1497920     10848
22:25:52      2081672   1861628     47.21      2088   1228440    767812     19.47    180548   1578204     10860
22:25:53      2176676   1766624     44.80      2088   1228448    671120     17.02    180548   1482412     10868
22:25:54      2176216   1767084     44.81      2088   1228448    671076     17.02    180548   1482612     10868
22:25:55      2174408   1768892     44.86      2088   1228464    674060     17.09    180548   1485536     10884
22:25:56      2165588   1777712     45.08      2088   1228472    683340     17.33    180548   1493976     10892
22:25:57      2163320   1779980     45.14      2088   1228480    686620     17.41    180548   1496020     10672
22:25:58      2118700   1824600     46.27      2088   1228492    730532     18.53    180548   1541548     10688
22:25:59      2171348   1771952     44.94      2088   1231160    673120     17.07    180548   1487200     13356
22:26:00      2170856   1772444     44.95      2088   1231164    673764     17.09    180548   1487744     13360
22:26:01      2171108   1772192     44.94      2088   1231172    673544     17.08    180548   1487656     13372
22:26:02      2171108   1772192     44.94      2088   1231172    673544     17.08    180548   1487672     10704
22:26:03      2171108   1772192     44.94      2088   1231176    673672     17.08    180548   1487852     10708
22:26:04      2163044   1780256     45.15      2088   1231180    682852     17.32    180548   1496904     10712
22:26:05      2163800   1779500     45.13      2088   1231196    684104     17.35    180548   1496392     10728
22:26:06      2150444   1792856     45.47      2088   1231196    694260     17.61    180548   1508756     10728
22:26:07      1984376   1958924     49.68      2088   1231204    861792     21.85    180548   1675876      8072
22:26:08      2165304   1777996     45.09      2088   1233872    676360     17.15    180548   1493304     10740
22:26:09      2164800   1778500     45.10      2088   1233888    676496     17.16    180548   1493904     10756
22:26:10      2162280   1781020     45.17      2088   1233892    678932     17.22    180548   1496432     10760
22:26:11      2155216   1788084     45.34      2088   1233908    689448     17.48    180548   1504156     10776
22:26:12      2145136   1798164     45.60      2088   1233908    699708     17.74    180548   1514240     10776
22:26:13      1981336   1961964     49.75      2088   1233920    860496     21.82    180548   1676440     10788
22:26:14      2115544   1827756     46.35      2088   1236584    723248     18.34    180548   1543236     13452
22:26:15      2159492   1783808     45.24      2088   1236588    679372     17.23    180548   1499692     13456
22:26:16      2159144   1784156     45.25      2088   1236588    679032     17.22    180548   1499192     13456
22:26:17      2159240   1784060     45.24      2088   1236600    679032     17.22    180548   1499304     10804
22:26:18      2158232   1785068     45.27      2088   1236600    682564     17.31    180548   1502724     10804
22:26:19      2152436   1790864     45.42      2088   1236620    688048     17.45    180548   1507224     10824
22:26:20      2148404   1794896     45.52      2088   1236620    693980     17.60    180548   1511112     10824
22:26:21      2135048   1808252     45.86      2088   1236620    705944     17.90    180548   1524444     10824
22:26:22      2050368   1892932     48.00      2088   1239300    787316     19.97    180548   1609900     10840
22:26:23      2154444   1788856     45.36      2088   1239300    682060     17.30    180548   1504984     10840
22:26:24      2153436   1789864     45.39      2088   1239312    682364     17.30    180548   1505636     10852
22:26:25      2153688   1789612     45.38      2088   1239316    682556     17.31    180548   1505832     10856
22:26:26      2151364   1791936     45.44      2088   1239316    685344     17.38    180548   1508356     10856
22:26:27      2142852   1800448     45.66      2088   1239328    693532     17.59    180548   1516732     10868
22:26:28      2133528   1809772     45.89      2088   1239336    705748     17.90    180548   1526248     10676
22:26:29      2133504   1809796     45.90      2088   1239344    703032     17.83    180548   1524976     10692
22:26:30      2089844   1853456     47.00      2088   1242016    743932     18.87    180548   1568248     13364
22:26:31      2147608   1795692     45.54      2088   1242028    686120     17.40    180548   1511064     13376
22:26:32      2147356   1795944     45.54      2088   1242032    686408     17.41    180548   1511612     13380
22:26:33      2144080   1799220     45.63      2088   1242036    690160     17.50    180548   1515368     10720
22:26:34      2130740   1812560     45.97      2088   1242040    703340     17.84    180548   1528624     10724
22:26:35      2133748   1809552     45.89      2088   1242052    700784     17.77    180548   1524688     10736
22:26:36      2123416   1819884     46.15      2088   1242052    712840     18.08    180548   1536624     10736
22:26:37      1980784   1962516     49.77      2088   1242064    854000     21.66    180548   1679284     10748
22:26:38      2139520   1803780     45.74      2088   1244732    690608     17.51    180548   1518680     10752
22:26:39      2139520   1803780     45.74      2088   1244736    690652     17.51    180548   1518832     10756
22:26:40      2140528   1802772     45.72      2088   1244748    689576     17.49    180548   1517984     10768
22:26:41      2123088   1820212     46.16      2088   1244752    708404     17.96    180548   1535936     10772
22:26:42      2130196   1813104     45.98      2088   1244772    703616     17.84    180548   1529380     10792
22:26:43      2115832   1827468     46.34      2088   1244772    718216     18.21    180548   1543792     10792
22:26:44      2017796   1925504     48.83      2088   1247452    812096     20.59    180548   1641732     13472
22:26:45      2135448   1807852     45.85      2088   1247456    693120     17.58    180548   1523152     13476
22:26:46      2135228   1808072     45.85      2088   1247468    693300     17.58    180548   1523560     13488
22:26:47      2135228   1808072     45.85      2088   1247468    693300     17.58    180548   1523560     13488
22:26:48      2132328   1810972     45.93      2088   1247468    696748     17.67    180548   1526960     10888
22:26:49      2119856   1823444     46.24      2088   1247476    710204     18.01    180548   1540672     10836
22:26:50      2112484   1830816     46.43      2088   1247488    716712     18.18    180548   1545976     10848
22:26:51      2111476   1831824     46.45      2088   1247488    719224     18.24    180548   1548440     10848
22:26:52      2106248   1837052     46.59      2088   1250164    719628     18.25    180548   1553144     13524
22:26:53      2129180   1814120     46.01      2088   1250168    695632     17.64    180548   1529620     10864
22:26:54      2128928   1814372     46.01      2088   1250168    695620     17.64    180548   1529928     10864
22:26:55      2126408   1816892     46.08      2088   1250184    699228     17.73    180548   1533344     10980
22:26:56      2121116   1822184     46.21      2088   1250200    704380     17.86    180548   1537908     11008
22:26:57      2105980   1837320     46.59      2088   1250200    722796     18.33    180548   1553604     11008
22:26:58      1947904   1995396     50.60      2088   1252880    874276     22.17    180548   1710440     13468
22:26:59      2124368   1818932     46.13      2088   1252880    698072     17.70    180548   1534540     13468
22:27:00      2123864   1819436     46.14      2088   1252896    698124     17.70    180548   1535004     13484
22:27:01      2123612   1819688     46.15      2088   1252896    698220     17.71    180548   1535100     13484
22:27:02      2123612   1819688     46.15      2088   1252896    698220     17.71    180548   1535100     13484
22:27:03      2123864   1819436     46.14      2088   1252896    698396     17.71    180548   1535132     10804
22:27:04      2110472   1832828     46.48      2088   1252900    711348     18.04    180548   1547636     10816
22:27:05      2114864   1828436     46.37      2088   1252916    711668     18.05    180548   1545652     10832
22:27:06      2106528   1836772     46.58      2088   1252920    719612     18.25    180548   1552964     10836
22:27:07      2038928   1904372     48.29      2088   1255596    781828     19.83    180548   1620080     13512
22:27:08      2118376   1824924     46.28      2088   1255600    702140     17.81    180548   1540340     10852
22:27:09      2117872   1825428     46.29      2088   1255604    702668     17.82    180548   1541212     10856
22:27:10      2117368   1825932     46.30      2088   1255616    702736     17.82    180548   1541436     10868
22:27:11      2117368   1825932     46.30      2088   1255616    702736     17.82    180548   1541436     10868
22:27:12      2096956   1846344     46.82      2088   1255620    723760     18.35    180548   1562836     10872
22:27:13      2108296   1835004     46.53      2088   1255632    714376     18.12    180548   1551908     10884
22:27:14      2096692   1846608     46.83      2088   1255636    724140     18.36    180548   1563276     10888
22:27:15      1982532   1960768     49.72      2088   1258312    835488     21.19    180548   1677024     13564
22:27:16      2112312   1830988     46.43      2088   1258312    704912     17.88    180548   1546604     13564
22:27:17      2111304   1831996     46.46      2088   1258328    705588     17.89    180548   1547848     13580
22:27:18      2108028   1835272     46.54      2088   1258332    709276     17.99    180548   1551408     13584
22:27:19      2097676   1845624     46.80      2088   1258336    719972     18.26    180548   1561352     10924
22:27:20      2099936   1843364     46.75      2088   1258348    716748     18.18    180548   1558380     10936
22:27:21      2092144   1851156     46.94      2088   1258352    725204     18.39    180548   1567212     10940
22:27:22      2034932   1908368     48.40      2088   1261024    780464     19.79    180548   1624664     13612
22:27:23      2104484   1838816     46.63      2088   1261028    709208     17.99    180548   1553908     13616
22:27:24      2104988   1838312     46.62      2088   1261040    708312     17.96    180548   1553340     10956
22:27:25      2105240   1838060     46.61      2088   1261044    708440     17.97    180548   1553500     10960
22:27:26      2102468   1840832     46.68      2088   1261044    711984     18.06    180548   1556900     10960
22:27:27      2096672   1846628     46.83      2088   1261056    717868     18.20    180548   1562480     10972
22:27:28      2091328   1851972     46.97      2088   1261064    724336     18.37    180548   1566920     10980
22:27:29      1993856   1949444     49.44      2088   1261072    819380     20.78    180548   1663780      8024
