Linux 5.10.234-225.910.amzn2.x86_64 (ip-10-0-138-176.us-west-2.compute.internal) 	03/26/25 	_x86_64_	(2 CPU)

03:51:20        CPU     %user     %nice   %system   %iowait    %steal     %idle
03:51:21        all     65.50      0.00     13.50      1.00     20.00      0.00
03:51:22        all     37.86      0.00      6.31     13.59     16.50     25.73
03:51:23        all     45.00      0.00      4.00      0.00     13.50     37.50
03:51:24        all     36.18      0.00      3.52      0.00     10.55     49.75
03:51:25        all     39.80      0.00      1.99      0.00      8.46     49.75
03:51:26        all     38.81      0.00      3.98      0.00     10.45     46.77
03:51:27        all     37.75      0.00      5.88      0.00     11.27     45.10
03:51:28        all     40.20      0.00      3.43      0.00     11.27     45.10
03:51:29        all     13.43      0.00      1.49      0.00      1.99     83.08
03:51:30        all      0.00      0.00      0.00      0.00      0.00    100.00
03:51:31        all      0.00      0.00      0.00      0.00      0.00    100.00
03:51:32        all      0.00      0.00      0.00      0.00      0.00    100.00
03:51:33        all      0.00      0.00      0.50      0.00      0.00     99.50
03:51:34        all      0.00      0.00      0.00      0.00      0.50     99.50
03:51:35        all      0.50      0.00      0.00      0.00      0.00     99.50
03:51:36        all      0.00      0.00      0.50      0.00      0.00     99.50
03:51:37        all      0.00      0.00      0.00      0.00      0.00    100.00
03:51:38        all      1.98      0.00      1.49      0.00      0.50     96.04
03:51:39        all      3.00      0.00      2.50      0.00      2.00     92.50
03:51:40        all      0.98      0.00      2.94      0.00      0.98     95.10
03:51:41        all     23.15      0.00      4.43      0.00      6.90     65.52
03:51:42        all     11.94      0.00      5.47      1.00      2.99     78.61
03:51:43        all     10.40      0.00      3.47      0.00      2.48     83.66
03:51:44        all     11.82      0.00      8.87      0.00      3.94     75.37
03:51:45        all     21.67      0.00      3.45      0.00     11.33     63.55
03:51:46        all     15.69      0.00      8.33      0.00     10.29     65.69
03:51:47        all     17.91      0.00      8.46      0.00      6.47     67.16
03:51:48        all     20.69      0.00      2.46      5.91      9.85     61.08
03:51:49        all     17.82      0.00      7.92      0.00      7.43     66.83
03:51:50        all     13.50      0.00      3.50      0.00      6.50     76.50
03:51:51        all     14.56      0.00      7.77      0.00      9.22     68.45
03:51:52        all     31.82      0.00      9.09      0.00      5.05     54.04
03:51:53        all      6.50      0.00      1.50      3.00      1.50     87.50
03:51:54        all     15.00      0.00      7.00      0.00      2.00     76.00
03:51:55        all     31.16      0.00      6.03      0.00     14.57     48.24
03:51:56        all     11.39      0.00      4.95      0.00      3.96     79.70
03:51:57        all     22.93      0.00      8.78      0.00      7.80     60.49
03:51:58        all      5.50      0.00      3.50      0.00      6.00     85.00
03:51:59        all     17.91      0.00      2.49      0.00     10.95     68.66
03:52:00        all      9.41      0.00      3.47      0.00      3.96     83.17
03:52:01        all     13.37      0.00      3.47      0.00      9.90     73.27
03:52:02        all      7.77      0.00      4.37      0.00     12.14     75.73
03:52:03        all     27.09      0.00      4.43      0.00     12.32     56.16
03:52:04        all      6.90      0.00      4.93      0.00     16.26     71.92
03:52:05        all     12.44      0.00      3.48      0.00      2.99     81.09
03:52:06        all     10.05      0.00      4.52      0.00      1.51     83.92
03:52:07        all     24.88      0.00      4.98      0.00      4.48     65.67
03:52:08        all     16.50      0.00      4.50      0.00      2.00     77.00
03:52:09        all      4.98      0.00      1.00      0.00      1.99     92.04
03:52:10        all     19.80      0.00      6.44      0.00      5.94     67.82
03:52:11        all     22.17      0.00      7.88      0.00      8.87     61.08
03:52:12        all     11.50      0.00      3.50      0.50      2.00     82.50
03:52:13        all     10.29      0.00      6.37      0.00      8.82     74.51
03:52:14        all     29.00      0.00      6.00      0.00     14.00     51.00
03:52:15        all     16.75      0.00      4.93      0.00      9.36     68.97
03:52:16        all     12.87      0.00      5.45      0.00      4.95     76.73
03:52:17        all     24.88      0.00      3.48      0.00      5.47     66.17
03:52:18        all     14.43      0.00      4.98      0.00      5.97     74.63
03:52:19        all      8.00      0.00      2.50      0.50      3.50     85.50
03:52:20        all     13.24      0.00      7.35      0.00      9.31     70.10
03:52:21        all     37.19      0.00      9.05      0.00      6.03     47.74
03:52:22        all      5.53      0.00      1.01      0.00      1.51     91.96
03:52:23        all     19.40      0.00      7.96      0.00      4.48     68.16
03:52:24        all     19.90      0.00      1.49      1.00      3.98     73.63
03:52:25        all     15.76      0.00      8.87      0.00      9.36     66.01
03:52:26        all     12.94      0.00      2.99      0.00      2.49     81.59
03:52:27        all     22.50      0.00      5.50      0.00     14.00     58.00
03:52:28        all     22.55      0.00      7.35      0.00     13.24     56.86
03:52:29        all     10.95      0.00      3.98      0.50     11.94     72.64
03:52:30        all     18.54      0.00      8.29      0.00     11.71     61.46
03:52:31        all     18.50      0.00      2.00      0.00      6.50     73.00
03:52:32        all     19.70      0.00      6.90      0.00      6.90     66.50
03:52:33        all      8.96      0.00      1.99      0.00      1.49     87.56
03:52:34        all     10.40      0.00      4.46      0.50      2.97     81.68
03:52:35        all     23.27      0.00      3.47      0.00      9.90     63.37
03:52:36        all     14.36      0.00      6.93      0.00     11.39     67.33
03:52:37        all     19.60      0.00      6.03      0.00      8.04     66.33
03:52:38        all     17.00      0.00      2.00      0.00      4.00     77.00
03:52:39        all     23.38      0.00      7.96      0.50      5.97     62.19
03:52:40        all     12.50      0.00      3.00      0.00      5.50     79.00
03:52:41        all     18.81      0.00      7.92      0.00      9.90     63.37
03:52:42        all     30.00      0.00      6.50      0.00      5.50     58.00
03:52:43        all     15.84      0.00      3.47      0.00      2.97     77.72
03:52:44        all      7.32      0.00      3.90      0.49      6.34     81.95
03:52:45        all     26.11      0.00      4.93      0.00     12.81     56.16
03:52:46        all     17.00      0.00      5.50      0.00      9.50     68.00
03:52:47        all     17.65      0.00      3.43      0.00      4.90     74.02
03:52:48        all     30.39      0.00      5.88      0.00     10.78     52.94
03:52:49        all     15.08      0.00      3.52      0.50      6.03     74.87
03:52:50        all     15.84      0.00      3.96      0.00      3.96     76.24
03:52:51        all     32.67      0.00      6.93      0.00      6.93     53.47
03:52:52        all      8.96      0.00      3.48      0.00      2.49     85.07
03:52:53        all     20.40      0.00      3.98      0.00      6.97     68.66
03:52:54        all     12.56      0.00      6.53      0.50      6.53     73.87
03:52:55        all     31.71      0.00      7.80      0.00     14.63     45.85
03:52:56        all      9.09      0.00      4.04      0.00      5.05     81.82
03:52:57        all     20.30      0.00      5.94      0.00      0.99     72.77
03:52:58        all     20.60      0.00      4.02      0.00      3.52     71.86
03:52:59        all     25.00      0.00     10.00      0.00      2.00     63.00
03:53:00        all      4.95      0.00      1.98      0.50      5.94     86.63
03:53:01        all     19.40      0.00      2.99      0.00     11.94     65.67
03:53:02        all      5.50      0.00      2.50      0.00      4.00     88.00
03:53:03        all     17.41      0.00      6.47      0.00      7.96     68.16
03:53:04        all     23.50      0.00     12.00      0.00     12.00     52.50
03:53:05        all      2.50      0.00      1.00      0.00      0.50     96.00
03:53:06        all      9.90      0.00      7.43      0.00      9.90     72.77
03:53:07        all     31.53      0.00      5.91      0.00     14.78     47.78
03:53:08        all      6.00      0.00      2.00      0.00      2.00     90.00
03:53:09        all     14.07      0.00      5.03      0.00      4.52     76.38
03:53:10        all     16.42      0.00      5.47      0.50      7.46     70.15
03:53:11        all     31.50      0.00      6.00      0.00      8.00     54.50
03:53:12        all      4.93      0.00      1.97      0.00      1.97     91.13
03:53:13        all     28.93      0.00      9.14      0.00      1.52     60.41
03:53:14        all     23.00      0.00      6.50      0.00      4.50     66.00
03:53:15        all      9.05      0.00      2.51      0.50      1.01     86.93
03:53:16        all      5.00      0.00      2.00      0.00      4.50     88.50
03:53:17        all     19.00      0.00      8.50      0.00     10.00     62.50
03:53:18        all     26.24      0.00      3.47      0.00     10.40     59.90
03:53:19        all     15.50      0.00      4.50      0.00      4.00     76.00
03:53:20        all     16.75      0.00      4.43      0.99      4.93     72.91
03:53:21        all     10.29      0.00      4.90      0.00      9.31     75.49
03:53:22        all     30.85      0.00      5.97      0.00     10.95     52.24
03:53:23        all     19.50      0.00      5.50      0.00      6.00     69.00
03:53:24        all     12.06      0.00      7.04      0.00      3.52     77.39
03:53:25        all     20.00      0.00      2.00      0.00      5.00     73.00
03:53:26        all     16.26      0.00      7.88      0.00      8.87     67.00
03:53:27        all     10.45      0.00      4.48      0.00      5.97     79.10
03:53:28        all     16.10      0.00      8.29      0.00      7.32     68.29
03:53:29        all     29.00      0.00      6.00      0.00      9.00     56.00
03:53:30        all      6.47      0.00      2.99      0.50      2.99     87.06
03:53:31        all     18.91      0.00      3.98      0.00      4.48     72.64
03:53:32        all     13.64      0.00      6.06      0.00      6.06     74.24
03:53:33        all     30.20      0.00      6.44      0.00     10.89     52.48
03:53:34        all      8.00      0.00      4.00      0.00      4.50     83.50
03:53:35        all     18.23      0.00      4.43      0.00      5.91     71.43
03:53:36        all     25.74      0.00      3.96      0.00      3.47     66.83
03:53:37        all     18.27      0.00      5.58      0.00      1.52     74.62
03:53:38        all     14.43      0.00      4.98      0.00      4.48     76.12
03:53:39        all     11.82      0.00      5.42      0.00     11.33     71.43
03:53:40        all     34.17      0.00      5.53      0.00      1.51     58.79
03:53:41        all      5.05      0.00      2.02      0.51      3.54     88.89
03:53:42        all     16.26      0.00      7.39      0.00      6.90     69.46
03:53:43        all      6.86      0.00      3.92      0.00      5.39     83.82
03:53:44        all     14.07      0.00      4.02      0.00      5.03     76.88
03:53:45        all     29.06      0.00      6.90      0.00      8.37     55.67
03:53:46        all      4.48      0.00      1.49      0.50      4.98     88.56
