Linux 5.10.234-225.917.amzn2.x86_64 (ip-10-0-131-99.us-west-2.compute.internal) 	04/02/25 	_x86_64_	(2 CPU)

02:50:33    kbmemfree kbmemused  %memused kbbuffers  kbcached  kbcommit   %commit  kbactive   kbinact   kbdirty
02:50:34      2527264   1416036     35.91      2088   1152064    375892      9.53    247960   1040312    281512
02:50:35      2427368   1515932     38.44      2088   1159028    503700     12.77    248020   1139032    288412
02:50:36      2450884   1492416     37.85      2088   1165080    431548     10.94    248224   1114392    171504
02:50:37      2426208   1517092     38.47      2088   1162104    453868     11.51    246076   1138520     95612
02:50:38      2350600   1592700     40.39      2088   1162104    528472     13.40    246172   1213152     95612
02:50:39      2388376   1554924     39.43      2088   1162104    490580     12.44    246172   1175152     97036
02:50:40      2384784   1558516     39.52      2088   1162508    501056     12.71    246172   1178964     97440
02:50:41      2377916   1565384     39.70      2088   1164316    506012     12.83    246172   1185556     99248
02:50:42      2374684   1568616     39.78      2088   1165796    506964     12.86    246172   1188552    100728
02:50:43      2584400   1358900     34.46      2088   1167564    293540      7.44    246140    979652    102716
02:50:44      2546776   1396524     35.42      2088   1168308    331860      8.42    246348   1017872    103460
