Linux 5.10.234-225.910.amzn2.x86_64 (ip-10-0-155-217.ec2.internal) 	03/21/25 	_x86_64_	(2 CPU)

00:56:42        CPU     %user     %nice   %system   %iowait    %steal     %idle
00:56:43        all     71.00      0.00      5.00      0.00     23.00      1.00
00:56:44        all     42.57      0.00      5.94      0.00     15.35     36.14
00:56:45        all     40.20      0.00      1.51      0.00      8.04     50.25
00:56:46        all     37.81      0.00      2.99      0.00      9.45     49.75
00:56:47        all     38.31      0.00      1.99      0.00     10.45     49.25
00:56:48        all     36.82      0.00      5.47      0.00     10.95     46.77
00:56:49        all     39.60      0.00      5.45      0.00      9.90     45.05
00:56:50        all     37.44      0.00      4.93      0.00     11.82     45.81
00:56:51        all      4.98      0.00      1.49      0.00      3.48     90.05
00:56:52        all      0.00      0.00      0.00      0.00      0.00    100.00
00:56:53        all      0.00      0.00      0.00      0.00      0.50     99.50
00:56:54        all      1.47      0.00      2.45     15.20      6.86     74.02
00:56:55        all      3.52      0.00      2.01      0.00      3.02     91.46
00:56:56        all      0.00      0.00      0.00      0.00      0.50     99.50
00:56:57        all      4.93      0.00      2.46      0.00      1.48     91.13
00:56:58        all      0.00      0.00      0.00      0.00      0.50     99.50
00:56:59        all      0.00      0.00      0.00      0.00      0.00    100.00
00:57:00        all      0.00      0.00      0.00      0.00      0.50     99.50
00:57:01        all      0.00      0.00      0.00      0.00      0.00    100.00
00:57:02        all      0.00      0.00      0.50      0.50      0.50     98.50
00:57:03        all      0.00      0.00      0.50      0.00      0.00     99.50
00:57:04        all      0.00      0.00      0.50      3.50      0.50     95.50
00:57:05        all      0.00      0.00      1.49      2.99      0.50     95.02
00:57:06        all      0.00      0.00      0.00      0.00      0.00    100.00
00:57:07        all      0.00      0.00      0.00      0.00      0.00    100.00
00:57:08        all      0.00      0.00      0.00      0.00      0.50     99.50
00:57:09        all      0.00      0.00      0.50      0.00      0.50     99.00
00:57:10        all      0.49      0.00      2.93      6.34      2.93     87.32
00:57:11        all      0.00      0.00      0.50      0.00      0.00     99.50
00:57:12        all      0.00      0.00      0.00      0.00      0.00    100.00
00:57:13        all      0.50      0.00      0.50      0.00      0.00     99.01
00:57:14        all      0.00      0.00      0.00      0.00      0.00    100.00
00:57:15        all      0.00      0.00      0.99      2.48      0.50     96.04
00:57:16        all      0.00      0.00      0.00      0.00      0.00    100.00
00:57:17        all      0.00      0.00      0.00      0.00      0.00    100.00
00:57:18        all      0.00      0.00      0.00      0.00      0.00    100.00
00:57:19        all      0.00      0.00      0.00      0.00      0.00    100.00
00:57:20        all      0.00      0.00      0.50      0.00      0.00     99.50
00:57:21        all      0.00      0.00      0.00      0.00      0.00    100.00
00:57:22        all      0.50      0.00      0.50      0.00      0.00     99.01
00:57:23        all      0.00      0.00      0.00      0.00      0.50     99.50
00:57:24        all      0.00      0.00      0.00      0.00      0.00    100.00
00:57:25        all     15.92      0.00      2.99      1.00      9.95     70.15
