Linux 5.10.234-225.910.amzn2.x86_64 (ip-10-0-155-217.ec2.internal) 	03/21/25 	_x86_64_	(2 CPU)

00:56:42    kbmemfree kbmemused  %memused kbbuffers  kbcached  kbcommit   %commit  kbactive   kbinact   kbdirty
00:56:43      2812564   1130736     28.67      2088    900720    369204      9.36    170620    862932    298512
00:56:44      2779656   1163644     29.51      2088    913744    377812      9.58    176244    889632    311452
00:56:45      2734296   1209004     30.66      2088    913748    424108     10.76    179220    932960    311452
00:56:46      2669532   1273768     32.30      2088    913748    488976     12.40    179220    997820    311452
00:56:47      2653656   1289644     32.70      2088    913748    503784     12.78    179272   1012476    311452
00:56:48      2653152   1290148     32.72      2088    913748    505320     12.81    179272   1013928    311452
00:56:49      2650828   1292472     32.78      2088    913848    506828     12.85    179272   1015604    311452
00:56:50      2650532   1292768     32.78      2088    913876    505936     12.83    179424   1014672    311452
00:56:51      2861448   1081852     27.44      2088    913808    293076      7.43    179932    804204    311500
00:56:52      2861448   1081852     27.44      2088    913808    293076      7.43    179932    804204    311500
00:56:53      2861448   1081852     27.44      2088    913808    293076      7.43    179932    804204    311500
00:56:54      2860180   1083120     27.47      2088    913808    300796      7.63    180032    806504    172400
00:56:55      2884316   1058984     26.86      2088    914004    274436      6.96    180260    781460    172676
00:56:56      2884316   1058984     26.86      2088    914004    274512      6.96    180260    781472    172676
00:56:57      2883812   1059488     26.87      2088    914432    277572      7.04    180260    782796    173104
00:56:58      2883812   1059488     26.87      2088    914432    277572      7.04    180260    782796    173104
00:56:59      2883812   1059488     26.87      2088    914432    277572      7.04    180260    782796    172104
00:57:00      2883812   1059488     26.87      2088    914432    277572      7.04    180260    782796    172004
00:57:01      2883812   1059488     26.87      2088    914432    277572      7.04    180260    782796    172004
00:57:02      2883908   1059392     26.87      2088    914432    277572      7.04    180260    782796    172004
00:57:03      2883972   1059328     26.86      2088    914432    277572      7.04    180260    782796    172004
00:57:04      2883892   1059408     26.87      2088    914432    277572      7.04    180260    782796    138004
00:57:05      2881060   1062240     26.94      2088    914432    277572      7.04    180260    782800     96172
00:57:06      2881060   1062240     26.94      2088    914432    277572      7.04    180260    782800     96172
00:57:07      2881060   1062240     26.94      2088    914432    277560      7.04    180260    782800     96172
00:57:08      2881060   1062240     26.94      2088    914432    277560      7.04    180260    782800     96172
00:57:09      2880548   1062752     26.95      2088    914432    277560      7.04    180260    782800     96172
00:57:10      2877244   1066056     27.03      2088    914432    277560      7.04    180352    782716     18356
00:57:11      2877244   1066056     27.03      2088    914432    277560      7.04    180352    782716     18356
00:57:12      2877244   1066056     27.03      2088    914432    277560      7.04    180352    782716     18356
00:57:13      2877244   1066056     27.03      2088    914432    277560      7.04    180352    782716     18356
00:57:14      2877244   1066056     27.03      2088    914432    277560      7.04    180352    782716     18356
00:57:15      2876996   1066304     27.04      2088    914432    277560      7.04    180352    782716       756
00:57:16      2877092   1066208     27.04      2088    914432    277560      7.04    180352    782716       680
00:57:17      2877092   1066208     27.04      2088    914432    277560      7.04    180352    782716       680
00:57:18      2877092   1066208     27.04      2088    914436    277560      7.04    180352    782716       684
00:57:19      2877092   1066208     27.04      2088    914436    277560      7.04    180352    782716       684
00:57:20      2877092   1066208     27.04      2088    914436    277560      7.04    180352    782716       684
00:57:21      2877092   1066208     27.04      2088    914436    277560      7.04    180352    782716       684
00:57:22      2877092   1066208     27.04      2088    914436    277560      7.04    180352    782716       684
00:57:23      2877092   1066208     27.04      2088    914436    277560      7.04    180352    782716       684
00:57:24      2877092   1066208     27.04      2088    914436    277560      7.04    180352    782716       684
00:57:25      2842040   1101260     27.93      2088    914436    312852      7.93    180552    817608       280
