Linux 5.10.234-225.910.amzn2.x86_64 (ip-10-0-149-128.us-west-2.compute.internal) 	03/25/25 	_x86_64_	(2 CPU)

22:13:06        CPU     %user     %nice   %system   %iowait    %steal     %idle
22:13:07        all     71.36      0.00      5.53      0.00     22.61      0.50
22:13:08        all     40.39      0.00      2.96      0.00     12.32     44.33
22:13:09        all     46.57      0.00      4.90      4.41     11.76     32.35
22:13:10        all     39.00      0.00      3.00      0.00      8.00     50.00
22:13:11        all     41.41      0.00      1.52      0.00      7.07     50.00
22:13:12        all     41.09      0.00      3.47      0.00      8.91     46.53
22:13:13        all     41.50      0.00      4.00      0.00      8.00     46.50
22:13:14        all     40.50      0.00      4.50      0.00      8.50     46.50
22:13:15        all      0.00      0.00      0.00      0.00      0.00    100.00
22:13:16        all      0.00      0.00      0.50      0.00      0.50     99.00
22:13:17        all      0.00      0.00      0.00      0.00      0.00    100.00
22:13:18        all      0.00      0.00      0.00      0.00      0.00    100.00
22:13:19        all      2.49      0.00      1.00      0.00      2.49     94.03
22:13:20        all      3.00      0.00      0.50      0.00      1.00     95.50
22:13:21        all      1.49      0.00      0.99      0.00      0.99     96.53
22:13:22        all      1.50      0.00      1.00      0.00      1.00     96.50
22:13:23        all     11.44      0.00      6.47      0.50      9.45     72.14
22:13:24        all     13.73      0.00      5.88      0.00      7.35     73.04
22:13:25        all      9.50      0.00      4.50      0.00      4.50     81.50
22:13:26        all     26.87      0.00     11.44      0.00     13.43     48.26
22:13:27        all      5.47      0.00      2.99      0.00      7.96     83.58
22:13:28        all     19.90      0.00      9.71      0.00     14.08     56.31
22:13:29        all     19.90      0.00      1.99      2.49      7.96     67.66
22:13:30        all     39.30      0.00      3.48      6.47     11.44     39.30
22:13:31        all     39.00      0.00      1.00      0.00     10.50     49.50
22:13:32        all      7.50      0.00      3.50      0.00      2.50     86.50
22:13:33        all     26.63      0.00      6.53      0.00      4.02     62.81
22:13:34        all     10.50      0.00      3.50      0.00      3.00     83.00
22:13:35        all     21.78      0.00      5.94      3.96      5.94     62.38
22:13:36        all     13.13      0.00      4.04      0.00      5.05     77.78
22:13:37        all     14.00      0.00      4.50      0.00      7.00     74.50
22:13:38        all      4.00      0.00      3.00      0.00      1.50     91.50
22:13:39        all     20.20      0.00      7.88      0.00      6.40     65.52
22:13:40        all     20.30      0.00      6.93      3.47      5.45     63.86
22:13:41        all     13.07      0.00      4.52      0.00      2.51     79.90
22:13:42        all     26.13      0.00      9.55      0.00      5.03     59.30
22:13:43        all     19.40      0.00      3.48      0.00      5.47     71.64
22:13:44        all      6.50      0.00      3.50      0.00      2.00     88.00
22:13:45        all      5.47      0.00      2.49      0.50      1.49     90.05
22:13:46        all     29.00      0.00      4.00      0.00      9.00     58.00
22:13:47        all      4.46      0.00      0.99      0.00      0.99     93.56
22:13:48        all     15.92      0.00      2.99      0.00      3.48     77.61
22:13:49        all     19.90      0.00      6.97      0.00      4.48     68.66
22:13:50        all      4.95      0.00      1.49      0.00      1.98     91.58
22:13:51        all     22.28      0.00      7.43      0.00     15.35     54.95
22:13:52        all     15.35      0.00      2.48      0.00      9.90     72.28
22:13:53        all     15.35      0.00      4.95      0.00      6.44     73.27
22:13:54        all     13.57      0.00      7.04      0.00      8.04     71.36
22:13:55        all     12.38      0.00      2.97      0.00      4.46     80.20
22:13:56        all     23.15      0.00      6.90      0.00     13.30     56.65
22:13:57        all     17.09      0.00      2.51      0.00      4.02     76.38
22:13:58        all     29.35      0.00      1.49      0.00      4.48     64.68
22:13:59        all     11.44      0.00      8.46      0.00      3.48     76.62
22:14:00        all      9.00      0.00      3.00      0.00      4.00     84.00
22:14:01        all      5.50      0.00      1.50      0.00      4.00     89.00
22:14:02        all      0.50      0.00      0.00      0.00      0.00     99.50
22:14:03        all      5.47      0.00      3.48      0.00     10.95     80.10
22:14:04        all      3.98      0.00      1.99      0.00      1.49     92.54
22:14:05        all     12.50      0.00      3.00      0.00      8.00     76.50
22:14:06        all     14.93      0.00      2.99      0.50      3.98     77.61
22:14:07        all     12.81      0.00      5.91      0.00     11.33     69.95
22:14:08        all     14.85      0.00      7.43      0.00     10.89     66.83
22:14:09        all     17.09      0.00      5.03      0.00      8.04     69.85
22:14:10        all      9.45      0.00      1.00      0.00      2.49     87.06
22:14:11        all     23.53      0.00      6.86      0.49      8.82     60.29
22:14:12        all     24.26      0.00     10.89      0.00      6.93     57.92
22:14:13        all     14.85      0.00      3.47      0.00      3.47     78.22
22:14:14        all     35.15      0.00      6.44      0.00      4.95     53.47
22:14:15        all      7.96      0.00      5.97      0.00      4.98     81.09
22:14:16        all     23.38      0.00      1.99      0.00      6.97     67.66
22:14:17        all     11.50      0.00      2.00      0.00      5.00     81.50
22:14:18        all      3.00      0.00      1.00      0.00      1.00     95.00
22:14:19        all     11.76      0.00      7.35      0.00     11.27     69.61
22:14:20        all     16.75      0.00      7.88      0.00     13.30     62.07
22:14:21        all     22.39      0.00      4.48      0.50      4.48     68.16
22:14:22        all     13.43      0.00      2.49      0.00      3.48     80.60
22:14:23        all     41.21      0.00      2.51      0.00      3.02     53.27
22:14:24        all     36.32      0.00      2.49      0.00     12.44     48.76
22:14:25        all     10.40      0.00      1.98      0.00      1.49     86.14
22:14:26        all      1.51      0.00      0.50      0.50      0.00     97.49
22:14:27        all     15.35      0.00      2.48      0.00      1.98     80.20
22:14:28        all     14.50      0.00      1.00      0.00      3.50     81.00
22:14:29        all     20.40      0.00      7.96      0.00      8.46     63.18
22:14:30        all     13.73      0.00      5.39      0.00      8.82     72.06
22:14:31        all     13.86      0.00      2.48      0.00      7.43     76.24
22:14:32        all      5.50      0.00      1.50      0.00      2.00     91.00
22:14:33        all      9.36      0.00      6.40      0.00     11.33     72.91
22:14:34        all     21.67      0.00      8.37      0.00     12.32     57.64
22:14:35        all     26.60      0.00      7.88      0.00     17.73     47.78
22:14:36        all      4.98      0.00      2.99      0.00      2.49     89.55
22:14:37        all     30.85      0.00      1.00      0.00      8.96     59.20
22:14:38        all     19.80      0.00      4.46      0.00      6.93     68.81
22:14:39        all     19.70      0.00      2.46      0.00      7.88     69.95
22:14:40        all     20.10      0.00     11.27      0.00     10.29     58.33
22:14:41        all     13.17      0.00      3.41      0.00      3.90     79.51
22:14:42        all      9.95      0.00      3.48      0.50      4.98     81.09
22:14:43        all     27.59      0.00      6.40      0.00      9.36     56.65
22:14:44        all     19.42      0.00      5.83      0.00     14.56     60.19
22:14:45        all     12.75      0.00      3.92      0.00      9.31     74.02
22:14:46        all      7.04      0.00      2.51      0.00      3.52     86.93
22:14:47        all     18.00      0.00      2.00      0.50      3.50     76.00
22:14:48        all     19.21      0.00      6.40      0.00      4.43     69.95
22:14:49        all     15.50      0.00      4.00      0.00      4.00     76.50
22:14:50        all      3.48      0.00      1.99      0.00      2.49     92.04
22:14:51        all     17.82      0.00      8.42      0.00      8.42     65.35
22:14:52        all     21.00      0.00      7.50      0.00      6.00     65.50
22:14:53        all     22.00      0.00      6.00      0.00      3.50     68.50
22:14:54        all      8.04      0.00      4.02      0.00      3.52     84.42
22:14:55        all     19.40      0.00      2.49      0.00      3.48     74.63
22:14:56        all     13.86      0.00      7.92      0.00      3.96     74.26
22:14:57        all     20.10      0.00      3.52      0.00      4.02     72.36
22:14:58        all      2.01      0.00      0.50      0.00      0.50     96.98
22:14:59        all     13.73      0.00      2.94      0.00     11.27     72.06
22:15:00        all     24.14      0.00      6.90      0.00     16.75     52.22
22:15:01        all     10.50      0.00      4.00      0.00     10.00     75.50
22:15:02        all      2.49      0.00      1.00      0.50      4.48     91.54
22:15:03        all     12.87      0.00      2.48      0.00      5.94     78.71
22:15:04        all      9.50      0.00      2.50      0.00      3.50     84.50
22:15:05        all      9.31      0.00      6.86      0.00      7.35     76.47
22:15:06        all     17.00      0.00      2.00      0.00      3.00     78.00
22:15:07        all     18.14      0.00      5.39      0.49      9.80     66.18
22:15:08        all     19.80      0.00      5.45      0.00      9.90     64.85
22:15:09        all      8.42      0.00      3.47      0.00      3.96     84.16
22:15:10        all     22.66      0.00      2.96      0.00     16.26     58.13
22:15:11        all     15.84      0.00      8.42      0.00     14.85     60.89
22:15:12        all      5.03      0.00      2.01      0.50      3.52     88.94
22:15:13        all     21.08      0.00      4.41      0.00     14.71     59.80
22:15:14        all     10.95      0.00      5.47      0.00      6.47     77.11
22:15:15        all     27.72      0.00      6.44      0.00      8.42     57.43
22:15:16        all      7.43      0.00      3.47      0.00      4.95     84.16
22:15:17        all     25.74      0.00      8.42      0.00     12.38     53.47
22:15:18        all      1.49      0.00      1.00      0.00      0.50     97.01
22:15:19        all      2.00      0.00      0.50      0.00      3.50     94.00
22:15:20        all     17.96      0.00      4.37      0.00     12.62     65.05
22:15:21        all     16.50      0.00      4.50      0.00     10.50     68.50
22:15:22        all      6.97      0.00      2.49      0.00      6.47     84.08
22:15:23        all     17.41      0.00      5.97      0.50     15.92     60.20
22:15:24        all      3.92      0.00      0.98      0.00      1.96     93.14
22:15:25        all      2.01      0.00      0.00      0.00      1.01     96.98
22:15:26        all     15.50      0.00      4.50      0.00      9.00     71.00
22:15:27        all     14.50      0.00      1.00      0.00      8.00     76.50
22:15:28        all     17.73      0.00      7.88      0.00      9.85     64.53
22:15:29        all     19.70      0.00      3.94      0.00     11.33     65.02
22:15:30        all      2.50      0.00      0.50      0.00      0.50     96.50
22:15:31        all     24.14      0.00      8.37      0.00      9.85     57.64
22:15:32        all     10.95      0.00      3.48      0.00      4.48     81.09
22:15:33        all      7.46      0.00      3.48      0.00      2.99     86.07
22:15:34        all     22.28      0.00      4.95      0.00      6.44     66.34
22:15:35        all      2.00      0.00      0.50      0.00      1.00     96.50
22:15:36        all      1.50      0.00      1.00      0.00      2.50     95.00
22:15:37        all     20.10      0.00      6.37      0.00     15.69     57.84
22:15:38        all     13.30      0.00      3.94      0.49      5.91     76.35
22:15:39        all     26.11      0.00      8.37      0.00     15.27     50.25
22:15:40        all      8.50      0.00      2.50      0.00      3.50     85.50
22:15:41        all      2.50      0.00      0.50      0.00      0.50     96.50
22:15:42        all      2.48      0.00      0.99      0.00      0.99     95.54
22:15:43        all     25.38      0.00      6.60      0.00     11.68     56.35
22:15:44        all      7.43      0.00      2.97      0.00      5.94     83.66
22:15:45        all     13.79      0.00      5.91      0.00     11.33     68.97
22:15:46        all     19.40      0.00      5.47      0.00      8.96     66.17
22:15:47        all      2.48      0.00      0.99      0.00      1.98     94.55
22:15:48        all      9.90      0.00      3.96      0.50      4.46     81.19
22:15:49        all     18.91      0.00      1.00      0.00      7.96     72.14
22:15:50        all     15.35      0.00      4.46      0.00      8.42     71.78
22:15:51        all     12.06      0.00      1.51      0.00      4.52     81.91
22:15:52        all     17.48      0.00      8.25      0.00     12.62     61.65
22:15:53        all      1.49      0.00      0.00      0.00      0.50     98.01
22:15:54        all      2.94      0.00      1.96      0.00      2.45     92.65
22:15:55        all     22.66      0.00      4.93      0.00     20.20     52.22
22:15:56        all     17.82      0.00      5.45      0.00     11.39     65.35
22:15:57        all      9.00      0.00      0.50      0.00      2.50     88.00
22:15:58        all     25.62      0.00      9.85      0.49     17.24     46.80
22:15:59        all      1.00      0.00      0.50      0.00      0.50     98.00
22:16:00        all      1.00      0.00      0.50      0.00      0.50     98.00
22:16:01        all      2.49      0.00      1.49      0.00      1.99     94.03
22:16:02        all     24.51      0.00      4.41      0.00     22.06     49.02
22:16:03        all      7.46      0.00      1.99      0.00      2.49     88.06
22:16:04        all     12.56      0.00      2.51      0.50      6.53     77.89
22:16:05        all     22.89      0.00      4.48      0.00      6.47     66.17
22:16:06        all      4.00      0.00      2.00      0.00      1.00     93.00
22:16:07        all      1.50      0.00      0.00      0.00      2.50     96.00
22:16:08        all      5.53      0.00      4.02      0.00      2.51     87.94
22:16:09        all     24.88      0.00      6.47      0.00      7.96     60.70
22:16:10        all      5.97      0.00      3.48      0.00      6.47     84.08
22:16:11        all     13.79      0.00      3.45      0.00      4.43     78.33
22:16:12        all     18.50      0.00      4.50      0.00      3.50     73.50
22:16:13        all      2.00      0.00      0.50      0.00      1.00     96.50
22:16:14        all      1.00      0.00      0.00      0.50      0.00     98.50
22:16:15        all      6.50      0.00      2.50      0.00      2.00     89.00
22:16:16        all     21.78      0.00      2.48      0.00      4.95     70.79
22:16:17        all      8.50      0.00      3.00      0.00      3.50     85.00
22:16:18        all     28.36      0.00      6.97      0.00     12.44     52.24
22:16:19        all      2.49      0.00      1.00      0.50      1.00     95.02
22:16:20        all      1.51      0.00      1.01      0.00      1.01     96.48
22:16:21        all      1.01      0.00      0.00      0.00      0.00     98.99
22:16:22        all     25.74      0.00      6.44      0.00      5.45     62.38
22:16:23        all     11.50      0.00      5.50      0.00      9.00     74.00
22:16:24        all     14.00      0.00      4.00      0.00      6.50     75.50
22:16:25        all     15.42      0.00      9.95      0.00     10.95     63.68
22:16:26        all      3.45      0.00      0.99      0.00      3.45     92.12
22:16:27        all      1.01      0.00      0.00      0.00      0.00     98.99
22:16:28        all     17.33      0.00      5.94      0.00      6.93     69.80
22:16:29        all     16.83      0.00      3.47      0.50      3.47     75.74
22:16:30        all     20.40      0.00      6.47      0.00     13.93     59.20
22:16:31        all     15.76      0.00      7.88      0.00     15.27     61.08
22:16:32        all      3.45      0.00      1.48      0.00      3.45     91.63
22:16:33        all      1.50      0.00      1.00      0.00      0.50     97.00
22:16:34        all      9.45      0.00      3.98      0.00      2.49     84.08
22:16:35        all     19.40      0.00      1.00      0.00      5.47     74.13
22:16:36        all     13.00      0.00      5.50      0.00      3.50     78.00
22:16:37        all      8.91      0.00      0.50      0.00     16.34     74.26
22:16:38        all     13.00      0.00      4.50      0.00     14.00     68.50
22:16:39        all      2.94      0.00      2.45      0.00      3.43     91.18
22:16:40        all     23.38      0.00      4.98      0.00      5.97     65.67
22:16:41        all      7.46      0.00      2.99      0.00      2.99     86.57
22:16:42        all     29.70      0.00     13.86      0.00     14.85     41.58
22:16:43        all      9.95      0.00      1.99      0.00      1.99     86.07
22:16:44        all      1.49      0.00      0.50      0.50      0.50     97.01
22:16:45        all      4.52      0.00      2.01      0.00      3.02     90.45
22:16:46        all     26.96      0.00      5.88      0.00     15.20     51.96
22:16:47        all      5.94      0.00      2.48      0.00      1.98     89.60
22:16:48        all     36.50      0.00      9.00      0.00      8.00     46.50
22:16:49        all      2.50      0.00      0.50      0.00      1.00     96.00
22:16:50        all      1.49      0.00      0.50      0.50      1.49     96.04
22:16:51        all      3.00      0.00      2.00      0.00      3.00     92.00
22:16:52        all     28.22      0.00      6.93      0.00     16.83     48.02
22:16:53        all     12.75      0.00      5.88      0.00      9.31     72.06
22:16:54        all     23.27      0.00      4.95      0.00      7.92     63.86
22:16:55        all     10.10      0.00      4.04      0.00      1.01     84.85
22:16:56        all      1.50      0.00      0.50      0.00      0.00     98.00
22:16:57        all      5.50      0.00      3.50      0.00      2.00     89.00
22:16:58        all     19.40      0.00      3.98      0.00      6.47     70.15
22:16:59        all     14.00      0.00      6.00      0.00      3.50     76.50
22:17:00        all     22.39      0.00      5.47      0.50     11.94     59.70
22:17:01        all      2.48      0.00      0.99      0.00      0.99     95.54
22:17:02        all      1.50      0.00      0.00      0.00      1.50     97.00
22:17:03        all      1.49      0.00      0.99      0.00      0.99     96.53
22:17:04        all     11.33      0.00      3.94      0.00      8.87     75.86
22:17:05        all     19.60      0.00      1.51      0.00     10.55     68.34
22:17:06        all     16.92      0.00      6.97      0.00      7.46     68.66
22:17:07        all     18.91      0.00      6.47      0.00      5.97     68.66
22:17:08        all      2.99      0.00      0.50      0.00      1.49     95.02
22:17:09        all      2.99      0.00      0.50      0.00      1.49     95.02
22:17:10        all      8.37      0.00      5.42      0.49      5.91     79.80
22:17:11        all     19.00      0.00      0.50      0.00      7.00     73.50
22:17:12        all     15.92      0.00      8.46      0.00     11.44     64.18
22:17:13        all     22.39      0.00      5.97      0.00      4.48     67.16
22:17:14        all      4.52      0.00      2.01      0.00      1.01     92.46
22:17:15        all      1.50      0.00      1.00      0.50      1.00     96.00
22:17:16        all      7.46      0.00      5.97      0.00      6.47     80.10
22:17:17        all     18.91      0.00      1.49      0.00      2.49     77.11
22:17:18        all     16.08      0.00      5.53      0.00      2.51     75.88
22:17:19        all     21.50      0.00      7.00      0.00      2.50     69.00
22:17:20        all      1.49      0.00      1.49      0.00      1.00     96.02
22:17:21        all      1.01      0.00      0.00      0.00      0.00     98.99
22:17:22        all     21.78      0.00      4.95      0.00      3.47     69.80
22:17:23        all      9.05      0.00      3.52      0.00      1.51     85.93
22:17:24        all     10.45      0.00      3.98      0.00      4.48     81.09
22:17:25        all     26.73      0.00     10.40      0.50     13.37     49.01
22:17:26        all      0.50      0.00      1.00      0.00      0.00     98.50
22:17:27        all      1.50      0.00      0.50      0.00      0.50     97.50
22:17:28        all      0.50      0.00      0.50      0.00      0.50     98.51
22:17:29        all     25.13      0.00      7.54      0.00      3.52     63.82
22:17:30        all      8.96      0.00      1.99      0.00      1.99     87.06
22:17:31        all     30.35      0.00      8.46      0.50      4.48     56.22
22:17:32        all      1.51      0.00      0.50      0.00      0.00     97.99
22:17:33        all      1.00      0.00      0.50      0.00      1.00     97.51
22:17:34        all      1.51      0.00      0.00      0.00      0.00     98.49
22:17:35        all     21.29      0.00      8.91      0.00      6.44     63.37
22:17:36        all      9.36      0.00      2.96      0.00      5.91     81.77
22:17:37        all     26.37      0.00      4.98      0.00     10.95     57.71
22:17:38        all     17.91      0.00     10.45      0.00     11.44     60.20
22:17:39        all      1.00      0.00      0.00      0.00      0.50     98.50
22:17:40        all      1.49      0.00      0.50      0.00      0.50     97.51
22:17:41        all     11.27      0.00      7.35      0.00     12.75     68.63
22:17:42        all     22.39      0.00      1.49      0.00      4.48     71.64
22:17:43        all     19.80      0.00      4.46      0.00      3.96     71.78
22:17:44        all     17.00      0.00      6.00      0.00      4.00     73.00
22:17:45        all      2.00      0.00      0.50      0.00      1.50     96.00
22:17:46        all      1.49      0.00      0.50      0.00      1.00     97.01
22:17:47        all     15.50      0.00      6.00      0.00      6.00     72.50
22:17:48        all     17.00      0.00      3.50      0.00      1.50     78.00
22:17:49        all     11.39      0.00      4.46      0.00      3.96     80.20
22:17:50        all     24.75      0.00      4.46      0.00     15.35     55.45
22:17:51        all      2.50      0.00      1.00      0.50      1.50     94.50
22:17:52        all      8.37      0.00      2.96      0.00      7.88     80.79
22:17:53        all     24.00      0.00      3.50      0.00      6.00     66.50
22:17:54        all     14.50      0.00      6.00      0.00      6.50     73.00
22:17:55        all     20.20      0.00      6.40      0.00     11.33     62.07
22:17:56        all      6.57      0.00      3.03      0.00      2.53     87.88
22:17:57        all      0.50      0.00      1.00      0.00      0.00     98.51
22:17:58        all      1.01      0.00      0.00      0.00      0.50     98.49
22:17:59        all      6.34      0.00      5.85      0.00      4.88     82.93
22:18:00        all     20.81      0.00      3.55      0.00      9.14     66.50
22:18:01        all      6.93      0.00      2.48      0.50      8.42     81.68
22:18:02        all      9.05      0.00      5.71      0.00     30.00     55.24
22:18:03        all     10.10      0.00      1.01      0.00      5.56     83.33
22:18:04        all     20.50      0.00      7.00      0.00      5.50     67.00
22:18:05        all      2.50      0.00      0.50      0.00      1.50     95.50
22:18:06        all      1.00      0.00      0.00      0.00      0.00     99.00
22:18:07        all      6.93      0.00      3.96      0.00      2.97     86.14
22:18:08        all     19.60      0.00      1.51      0.00      8.04     70.85
22:18:09        all     12.38      0.00      3.96      0.00     10.89     72.77
22:18:10        all     13.30      0.00      4.43      0.00      7.88     74.38
22:18:11        all     14.50      0.00      5.00      0.00      7.00     73.50
22:18:12        all      3.96      0.00      0.50      0.00      2.48     93.07
22:18:13        all      5.53      0.00      4.52      0.00      4.02     85.93
22:18:14        all     20.90      0.00      1.99      0.00      5.97     71.14
22:18:15        all     19.00      0.00      5.00      0.00      7.50     68.50
22:18:16        all     21.00      0.00      9.00      0.00      6.50     63.50
22:18:17        all      1.49      0.00      0.00      0.50      0.50     97.51
22:18:18        all      2.99      0.00      1.00      0.00      3.98     92.04
22:18:19        all      3.50      0.00      1.50      0.00      2.00     93.00
22:18:20        all      7.84      0.00      4.90      0.00      8.33     78.92
22:18:21        all     25.25      0.00      3.47      0.00     13.37     57.92
22:18:22        all     12.20      0.00      4.88      0.00      9.76     73.17
22:18:23        all      1.49      0.00      1.00      0.00      1.49     96.02
22:18:24        all     27.23      0.00      5.45      0.00     10.89     56.44
22:18:25        all      4.41      0.00      1.96      0.00      4.41     89.22
22:18:26        all      7.96      0.00      4.48      0.00      4.48     83.08
22:18:27        all     30.85      0.00      5.97      0.50     10.45     52.24
22:18:28        all      5.97      0.00      1.49      0.00      5.47     87.06
22:18:29        all      3.02      0.00      1.01      0.00      1.51     94.47
22:18:30        all     24.75      0.00      6.44      0.00      7.43     61.39
22:18:31        all      1.01      0.00      0.00      0.00      0.00     98.99
22:18:32        all     11.82      0.00      4.93      0.00      5.42     77.83
22:18:33        all     24.38      0.00      2.99      0.00      9.45     63.18
22:18:34        all     10.89      0.00      4.95      0.00      8.42     75.74
22:18:35        all     20.40      0.00      3.48      0.00     13.93     62.19
22:18:36        all     11.27      0.00      3.92      0.00      6.86     77.94
22:18:37        all      7.92      0.00      4.95      0.00      6.44     80.69
22:18:38        all     14.57      0.00      0.50      0.00      6.03     78.89
22:18:39        all     26.24      0.00      8.42      0.00     12.87     52.48
22:18:40        all      2.48      0.00      0.99      0.00      0.99     95.54
22:18:41        all     24.00      0.00      5.00      0.00      3.50     67.50
22:18:42        all      6.50      0.00      4.00      0.50      2.00     87.00
22:18:43        all      3.48      0.00      1.49      0.00      1.49     93.53
22:18:44        all     24.26      0.00      4.46      0.00      6.93     64.36
22:18:45        all     12.44      0.00      3.98      0.00      6.47     77.11
22:18:46        all     23.27      0.00      6.93      0.00      7.92     61.88
22:18:47        all      2.50      0.00      1.00      0.00      2.50     94.00
22:18:48        all      4.02      0.00      1.01      0.00      5.53     89.45
22:18:49        all     21.78      0.00      3.47      0.00      4.95     69.80
22:18:50        all     11.11      0.00      4.35      0.00     12.08     72.46
22:18:51        all     14.14      0.00      2.53      0.00      6.06     77.27
22:18:52        all     20.30      0.00      8.91      0.00     10.40     60.40
22:18:53        all      1.99      0.00      1.49      0.00      1.49     95.02
22:18:54        all      0.50      0.00      0.50      0.00      0.50     98.50
22:18:55        all      9.00      0.00      6.50      0.00      7.50     77.00
22:18:56        all     12.94      0.00      1.00      0.00      4.98     81.09
22:18:57        all     20.50      0.00      7.50      0.00     10.00     62.00
22:18:58        all     14.22      0.00      1.96      0.49     11.76     71.57
22:18:59        all     17.00      0.00      7.50      0.00     16.00     59.50
22:19:00        all      4.46      0.00      1.49      0.00      2.97     91.09
22:19:01        all     24.04      0.00      6.73      0.00     22.12     47.12
22:19:02        all     10.00      0.00      1.50      0.00      6.00     82.50
22:19:03        all     17.24      0.00      5.91      0.49     11.33     65.02
22:19:04        all     27.09      0.00      9.85      0.00     13.79     49.26
22:19:05        all      0.50      0.00      0.50      0.00      0.50     98.50
22:19:06        all      1.49      0.00      0.50      0.00      1.00     97.01
22:19:07        all      1.50      0.00      1.00      0.00      1.00     96.50
22:19:08        all     15.76      0.00      6.90      0.00     11.33     66.01
22:19:09        all     16.42      0.00      1.99      0.00      3.98     77.61
22:19:10        all     24.75      0.00      5.45      0.00      5.94     63.86
22:19:11        all     18.00      0.00      8.50      0.00      2.50     71.00
22:19:12        all      1.00      0.00      0.50      0.00      0.00     98.50
22:19:13        all      1.98      0.00      0.50      0.50      1.49     95.54
22:19:14        all      0.51      0.00      0.00      0.00      0.51     98.99
22:19:15        all      5.47      0.00      4.48      0.00      1.49     88.56
22:19:16        all     16.42      0.00      0.50      0.00      6.47     76.62
22:19:17        all     15.27      0.00      6.40      0.00     11.33     67.00
22:19:18        all      9.45      0.00      1.99      0.00      3.98     84.58
22:19:19        all     20.90      0.00      8.96      0.00      9.95     60.20
22:19:20        all      4.95      0.00      2.97      0.00      7.92     84.16
22:19:21        all      7.43      0.00      5.45      0.00      5.94     81.19
22:19:22        all     28.22      0.00      5.94      0.00     10.40     55.45
22:19:23        all      8.00      0.00      2.50      0.50      2.00     87.00
22:19:24        all     25.87      0.00      5.97      0.00      9.45     58.71
22:19:25        all      7.00      0.00      2.50      0.00      5.00     85.50
22:19:26        all      8.42      0.00      5.45      0.00      4.46     81.68
22:19:27        all     18.41      0.00      0.50      0.00      3.48     77.61
22:19:28        all     12.69      0.00      5.58      0.00      4.57     77.16
22:19:29        all      7.54      0.00      1.51      0.00      1.51     89.45
22:19:30        all     24.50      0.00      9.00      0.00      7.50     59.00
22:19:31        all      1.99      0.00      0.50      0.00      0.50     97.01
22:19:32        all      0.50      0.00      0.00      0.00      0.00     99.50
22:19:33        all     17.33      0.00      6.44      0.50      8.42     67.33
22:19:34        all     14.50      0.00      3.00      0.00      5.50     77.00
22:19:35        all     10.29      0.00      3.92      0.00      8.82     76.96
22:19:36        all     36.76      0.00     14.22      0.00     16.67     32.35
22:19:37        all      5.94      0.00      2.48      0.00      0.99     90.59
22:19:38        all      1.00      0.00      0.50      0.00      0.00     98.50
22:19:39        all      1.00      0.00      0.50      0.00      0.00     98.50
22:19:40        all     13.66      0.00      4.88      0.00      4.39     77.07
22:19:41        all     17.00      0.00      1.50      0.00      4.50     77.00
22:19:42        all     27.72      0.00      6.93      0.00      9.41     55.94
22:19:43        all     20.10      0.00      6.03      0.00      5.53     68.34
22:19:44        all      2.96      0.00      0.99      0.49      1.48     94.09
22:19:45        all      0.50      0.00      0.50      0.00      1.50     97.50
22:19:46        all      9.95      0.00      5.97      0.00      7.46     76.62
22:19:47        all     20.00      0.00      2.00      0.00      7.50     70.50
22:19:48        all     14.43      0.00      5.97      0.00      5.97     73.63
22:19:49        all     32.34      0.00      8.96      0.00     11.44     47.26
22:19:50        all      1.99      0.00      0.50      0.00      1.49     96.02
22:19:51        all      0.00      0.00      0.00      0.00      0.00    100.00
22:19:52        all      6.93      0.00      2.48      0.00      4.95     85.64
22:19:53        all     23.88      0.00      3.98      0.00      9.45     62.69
22:19:54        all     12.50      0.00      5.00      0.00      7.00     75.50
22:19:55        all     24.50      0.00      5.00      0.00      6.50     64.00
22:19:56        all     15.92      0.00      6.97      0.00      4.48     72.64
22:19:57        all      1.50      0.00      0.50      0.00      0.00     98.00
22:19:58        all      0.50      0.00      0.00      0.00      0.50     99.00
22:19:59        all      7.00      0.00      4.50      0.00      2.50     86.00
22:20:00        all     24.14      0.00      2.96      0.00     10.84     62.07
22:20:01        all      9.45      0.00      3.48      0.00     13.93     73.13
22:20:02        all     24.41      0.00     10.33      0.47     31.46     33.33
22:20:03        all     24.26      0.00     10.89      0.00     19.31     45.54
22:20:04        all      0.50      0.00      0.00      0.00      0.00     99.50
22:20:05        all      1.01      0.00      0.00      0.00      0.00     98.99
22:20:06        all      1.50      0.00      0.50      0.00      1.00     97.00
22:20:07        all     17.33      0.00      6.44      0.00      5.94     70.30
22:20:08        all     14.50      0.00      1.00      0.00      5.00     79.50
22:20:09        all     18.63      0.00      8.82      0.49     13.73     58.33
22:20:10        all     29.56      0.00      7.39      0.00     10.34     52.71
22:20:11        all      1.00      0.00      0.50      0.00      1.00     97.50
22:20:12        all      1.00      0.00      0.50      0.00      1.50     97.00
22:20:13        all      0.50      0.00      0.00      0.00      0.50     98.99
22:20:14        all     18.45      0.00      8.74      0.49     11.65     60.68
22:20:15        all     15.50      0.00      1.50      0.00      7.50     75.50
22:20:16        all     19.02      0.00      7.32      0.00     11.22     62.44
22:20:17        all     21.11      0.00      5.03      0.00      9.55     64.32
22:20:18        all      9.00      0.00      3.50      0.00      2.00     85.50
22:20:19        all      0.99      0.00      0.50      0.00      0.99     97.52
22:20:20        all     11.33      0.00      7.88      0.00     10.84     69.95
22:20:21        all     19.00      0.00      2.00      0.00     10.00     69.00
22:20:22        all     22.66      0.00      6.90      0.00     12.32     58.13
22:20:23        all     30.00      0.00      6.50      0.00     11.00     52.50
22:20:24        all      2.99      0.00      1.99      0.00      1.49     93.53
22:20:25        all      1.50      0.00      0.50      0.00      0.00     98.00
22:20:26        all      6.44      0.00      6.93      0.00      6.93     79.70
22:20:27        all     21.00      0.00      1.00      0.00      8.50     69.50
22:20:28        all     13.79      0.00      6.90      0.00     11.33     67.98
22:20:29        all     28.57      0.00     10.34      0.00      9.85     51.23
22:20:30        all      6.50      0.00      3.00      0.50      2.50     87.50
22:20:31        all      2.50      0.00      0.50      0.00      1.50     95.50
22:20:32        all     10.50      0.00      4.50      0.00      6.00     79.00
22:20:33        all     18.91      0.00      0.50      0.00      5.97     74.63
22:20:34        all     18.59      0.00      6.53      0.00      8.54     66.33
22:20:35        all     29.85      0.00      8.96      1.00     14.43     45.77
22:20:36        all      4.48      0.00      1.49      0.00      1.00     93.03
22:20:37        all      1.00      0.00      1.00      0.00      1.99     96.02
22:20:38        all      0.00      0.00      0.50      0.00      0.00     99.50
22:20:39        all      8.78      0.00      5.85      0.00      7.80     77.56
22:20:40        all     18.09      0.00      0.50      0.00      5.53     75.88
22:20:41        all     20.20      0.00      7.39      0.00      9.85     62.56
22:20:42        all     28.64      0.00      7.04      0.00      6.53     57.79
22:20:43        all      2.97      0.00      1.49      0.00      1.49     94.06
22:20:44        all      0.50      0.00      0.00      0.00      0.00     99.50
22:20:45        all      3.48      0.00      1.99      0.00      1.99     92.54
22:20:46        all     27.23      0.00      5.45      0.00     16.34     50.99
22:20:47        all      9.95      0.00      3.48      0.00      5.47     81.09
22:20:48        all     33.99      0.00      9.85      0.00     10.34     45.81
22:20:49        all     11.44      0.00      4.98      0.00      3.98     79.60
22:20:50        all      2.00      0.00      0.50      0.50      0.50     96.50
22:20:51        all      0.50      0.00      0.50      0.00      0.50     98.50
22:20:52        all     11.59      0.00      6.28      0.00     12.08     70.05
22:20:53        all     18.32      0.00      2.48      0.00      3.47     75.74
22:20:54        all     13.71      0.00      3.55      0.00      1.02     81.73
22:20:55        all     34.33      0.00      9.45      0.00      3.48     52.74
22:20:56        all      8.50      0.00      1.50      0.00      2.50     87.50
22:20:57        all      0.50      0.00      0.00      0.00      0.50     99.00
22:20:58        all      0.50      0.00      0.00      0.00      0.00     99.50
22:20:59        all      5.39      0.00      2.94      0.00      8.33     83.33
22:21:00        all     24.00      0.00      4.50      0.00      8.00     63.50
22:21:01        all      7.00      0.00      3.00      0.00      9.00     81.00
22:21:02        all     18.48      0.00      8.53      0.00     28.91     44.08
22:21:03        all     25.13      0.00      9.05      0.00      7.54     58.29
22:21:04        all      0.50      0.00      0.00      0.00      0.50     98.99
22:21:05        all      1.50      0.00      0.50      0.00      0.50     97.50
22:21:06        all      0.99      0.00      0.50      0.50      0.99     97.03
22:21:07        all     13.73      0.00      6.86      0.00      9.80     69.61
22:21:08        all     24.00      0.00      5.00      0.00      9.00     62.00
22:21:09        all     13.93      0.00      5.47      0.00      8.46     72.14
22:21:10        all      0.50      0.00      0.00      0.00      1.50     98.00
22:21:11        all     13.00      0.00      1.00      0.00      9.50     76.50
22:21:12        all     23.38      0.00      8.96      0.00     15.42     52.24
22:21:13        all      1.01      0.00      0.00      0.00      0.50     98.49
22:21:14        all     33.83      0.00      7.96      0.00     16.42     41.79
22:21:15        all      9.90      0.00      3.96      0.00      7.43     78.71
22:21:16        all     15.76      0.00      3.94      0.00     13.30     67.00
22:21:17        all     27.72      0.00     13.37      0.00     19.31     39.60
22:21:18        all      1.98      0.00      0.99      0.00      1.98     95.05
22:21:19        all      1.00      0.00      0.00      0.00      0.50     98.50
22:21:20        all      3.02      0.00      2.01      0.00      2.01     92.96
22:21:21        all     24.88      0.00      3.98      0.50      4.98     65.67
22:21:22        all     11.00      0.00      3.00      0.00      1.50     84.50
22:21:23        all     30.00      0.00      8.50      0.00      4.50     57.00
22:21:24        all     15.84      0.00      6.44      0.00      4.95     72.77
22:21:25        all      1.99      0.00      0.50      0.00      1.49     96.02
22:21:26        all      1.01      0.00      0.00      0.50      0.50     97.99
22:21:27        all      9.41      0.00      4.95      0.00      8.91     76.73
22:21:28        all     21.18      0.00      2.46      0.00     11.33     65.02
22:21:29        all     14.00      0.00      6.00      0.00      7.00     73.00
22:21:30        all     24.14      0.00      5.42      0.00     10.84     59.61
22:21:31        all     14.22      0.00      9.80      0.00      8.33     67.65
22:21:32        all      1.99      0.00      0.00      0.00      0.50     97.51
22:21:33        all      3.98      0.00      1.99      0.00      1.49     92.54
22:21:34        all     23.88      0.00      4.98      0.00     11.44     59.70
22:21:35        all     11.39      0.00      5.45      0.00      5.94     77.23
22:21:36        all      7.50      0.00      2.50      0.00      5.00     85.00
22:21:37        all     32.34      0.00      9.45      0.00      7.46     50.75
22:21:38        all      0.00      0.00      0.00      0.00      0.00    100.00
22:21:39        all      1.00      0.00      0.50      0.00      0.50     98.01
22:21:40        all      6.53      0.00      2.51      0.00      3.52     87.44
22:21:41        all     23.50      0.00      3.00      0.00      6.00     67.50
22:21:42        all     12.81      0.00      6.90      0.00      6.90     73.40
22:21:43        all     25.00      0.00      7.50      0.00      9.50     58.00
22:21:44        all     14.50      0.00      5.00      0.00      4.00     76.50
22:21:45        all      1.00      0.00      0.50      0.00      0.50     98.01
22:21:46        all      0.50      0.00      0.50      0.00      0.00     99.00
22:21:47        all     11.82      0.00      4.43      0.49      8.87     74.38
22:21:48        all     17.00      0.00      1.50      0.00      7.00     74.50
22:21:49        all     18.91      0.00      6.97      0.00      9.45     64.68
22:21:50        all     32.67      0.00      9.90      0.00     16.34     41.09
22:21:51        all      5.94      0.00      2.48      0.00      3.47     88.12
22:21:52        all      0.51      0.00      0.51      0.00      0.00     98.99
22:21:53        all     13.30      0.00      4.93      0.00      6.40     75.37
22:21:54        all     17.00      0.00      1.00      0.00      7.00     75.00
22:21:55        all     20.30      0.00      6.44      0.00     12.38     60.89
22:21:56        all     27.59      0.00      8.87      0.00     18.23     45.32
22:21:57        all      7.92      0.00      2.97      0.50      5.94     82.67
22:21:58        all      1.99      0.00      0.00      0.00      1.49     96.52
22:21:59        all      3.50      0.00      1.50      0.00      3.50     91.50
22:22:00        all     30.35      0.00      5.97      0.00     19.40     44.28
22:22:01        all      5.91      0.00      1.97      0.00      8.37     83.74
22:22:02        all     20.30      0.00      9.41      0.50     11.39     58.42
22:22:03        all     31.00      0.00      9.00      0.00      8.00     52.00
22:22:04        all      1.00      0.00      0.00      0.00      0.00     99.00
22:22:05        all      1.00      0.00      0.50      0.00      2.00     96.50
22:22:06        all      0.50      0.00      1.00      0.00      0.50     98.00
22:22:07        all      7.39      0.00      4.93      0.00      9.36     78.33
22:22:08        all     22.00      0.00      1.00      0.00      8.50     68.50
22:22:09        all     21.18      0.00      5.91      0.00     13.30     59.61
22:22:10        all     13.07      0.00      3.52      0.00      8.54     74.87
22:22:11        all     14.43      0.00      5.97      0.00      7.96     71.64
22:22:12        all      1.51      0.00      0.50      0.00      1.01     96.98
22:22:13        all     10.50      0.00      6.50      0.00     10.00     73.00
22:22:14        all     20.30      0.00      0.99      0.00      7.43     71.29
22:22:15        all     14.85      0.00      8.42      0.00     14.36     62.38
22:22:16        all      3.96      0.00      1.49      0.00      3.47     91.09
22:22:17        all     27.72      0.00      8.42      0.50     14.85     48.51
22:22:18        all      8.00      0.00      3.00      0.00      2.00     87.00
22:22:19        all      1.00      0.00      0.00      0.00      0.00     99.00
22:22:20        all     11.94      0.00      4.98      0.00      1.00     82.09
22:22:21        all     14.43      0.00      1.00      0.00      1.49     83.08
22:22:22        all     34.17      0.00     11.56      0.00      5.03     49.25
22:22:23        all     28.50      0.00     12.50      0.00      7.00     52.00
22:22:24        all      0.50      0.00      0.50      0.00      0.50     98.50
22:22:25        all      1.49      0.00      0.99      0.00      0.50     97.03
22:22:26        all      5.03      0.00      2.01      0.00      1.51     91.46
22:22:27        all     19.50      0.00      3.00      0.00      2.00     75.50
22:22:28        all     25.50      0.00      8.00      0.00      6.00     60.50
22:22:29        all     32.00      0.00      9.00      0.00      2.50     56.50
22:22:30        all      1.99      0.00      0.50      0.00      0.50     97.01
22:22:31        all      1.01      0.00      0.00      0.00      0.51     98.48
22:22:32        all      0.00      0.00      0.00      0.00      0.00    100.00
22:22:33        all      3.50      0.00      3.50      0.00      0.50     92.50
22:22:34        all     22.61      0.00      5.53      0.00      4.02     67.84
22:22:35        all     12.87      0.00      2.48      0.00      3.47     81.19
22:22:36        all     32.51      0.00     14.29      0.00     14.29     38.92
22:22:37        all     17.91      0.00      6.47      0.00      8.96     66.67
22:22:38        all      1.00      0.00      0.00      0.50      0.50     98.00
22:22:39        all      1.00      0.00      1.00      0.00      0.50     97.51
22:22:40        all      1.01      0.00      0.50      0.00      0.00     98.49
22:22:41        all     26.60      0.00      6.40      0.00      9.36     57.64
22:22:42        all      9.00      0.00      4.00      0.00      8.00     79.00
22:22:43        all     19.40      0.00      3.48      0.00      8.46     68.66
22:22:44        all     25.63      0.00      9.55      0.00      9.55     55.28
22:22:45        all      2.49      0.00      0.00      0.00      1.00     96.52
22:22:46        all      0.50      0.00      0.00      0.00      0.00     99.50
22:22:47        all      2.99      0.00      1.99      0.00      2.99     92.04
22:22:48        all     26.87      0.00      3.98      0.50      9.45     59.20
22:22:49        all     16.75      0.00      7.39      0.00      8.37     67.49
22:22:50        all     18.05      0.00      3.90      0.00     10.24     67.80
22:22:51        all     25.37      0.00      7.46      0.00     10.45     56.72
22:22:52        all      1.51      0.00      0.50      0.00      0.50     97.49
22:22:53        all      0.00      0.00      0.00      0.50      0.00     99.50
22:22:54        all      1.00      0.00      0.00      0.00      0.50     98.50
22:22:55        all     27.09      0.00      5.42      0.00     12.81     54.68
22:22:56        all     10.55      0.00      4.02      0.00      4.52     80.90
22:22:57        all     17.91      0.00      5.47      0.00      6.47     70.15
22:22:58        all     33.01      0.00     15.53      0.00     15.53     35.92
22:22:59        all      6.00      0.00      1.50      0.00      1.50     91.00
22:23:00        all      1.50      0.00      0.00      0.00      1.50     97.00
22:23:01        all      0.50      0.00      1.00      0.00      1.50     97.00
22:23:02        all     11.11      0.00      7.73      0.00     15.94     65.22
22:23:03        all     22.61      0.00      2.01      0.00      4.52     70.85
22:23:04        all     11.50      0.00      3.00      0.00      4.00     81.50
22:23:05        all     37.50      0.00     13.00      0.00     16.00     33.50
22:23:06        all     13.13      0.00      4.04      0.00      4.55     78.28
22:23:07        all      1.49      0.00      0.50      0.00      0.50     97.51
22:23:08        all      0.50      0.00      0.00      0.50      1.00     98.00
22:23:09        all      4.00      0.00      2.00      0.00      1.00     93.00
22:23:10        all     23.38      0.00      3.48      0.00      3.98     69.15
22:23:11        all     14.36      0.00      4.95      0.00      3.96     76.73
22:23:12        all     27.86      0.00      7.96      0.00      7.96     56.22
22:23:13        all     17.68      0.00      8.59      0.00      2.02     71.72
22:23:14        all      1.50      0.00      0.00      0.00      0.50     98.00
22:23:15        all      0.99      0.00      0.50      0.00      0.00     98.51
22:23:16        all      9.55      0.00      6.53      0.00      4.52     79.40
22:23:17        all     19.70      0.00      0.51      0.00      6.57     73.23
22:23:18        all     18.91      0.00      6.97      0.00      8.46     65.67
22:23:19        all     30.35      0.00      8.96      0.50      6.47     53.73
22:23:20        all      8.46      0.00      3.98      0.00      3.98     83.58
22:23:21        all      2.00      0.00      0.00      0.00      0.50     97.50
22:23:22        all      0.50      0.00      0.00      0.00      0.00     99.50
22:23:23        all      5.50      0.00      4.50      0.00      6.50     83.50
22:23:24        all     23.04      0.00      3.43      0.49      4.90     68.14
22:23:25        all     18.91      0.00      6.47      0.00      5.47     69.15
22:23:26        all     21.50      0.00      6.00      0.00      4.50     68.00
22:23:27        all     15.35      0.00      5.94      0.00      7.43     71.29
22:23:28        all      2.99      0.00      1.49      0.00      1.99     93.53
22:23:29        all     16.26      0.00      5.91      0.00      7.39     70.44
22:23:30        all     13.43      0.00      1.00      0.00      3.48     82.09
22:23:31        all     13.86      0.00      4.46      0.00      7.43     74.26
22:23:32        all     33.50      0.00     10.50      0.00     11.50     44.50
22:23:33        all     17.73      0.00     10.34      0.00      7.39     64.53
22:23:34        all      1.01      0.00      0.00      0.00      0.50     98.49
22:23:35        all      0.50      0.00      0.00      0.00      0.00     99.50
22:23:36        all     11.33      0.00      5.91      0.00      6.90     75.86
22:23:37        all     18.00      0.00      1.00      0.00      3.00     78.00
22:23:38        all     13.43      0.00      6.47      0.00      7.46     72.64
22:23:39        all     25.62      0.00      8.37      0.49     15.76     49.75
22:23:40        all     15.84      0.00      5.94      0.00      5.94     72.28
22:23:41        all      1.01      0.00      0.50      0.00      0.50     97.99
22:23:42        all      1.49      0.00      0.50      0.00      0.50     97.52
22:23:43        all      2.51      0.00      1.51      0.00      3.02     92.96
22:23:44        all     26.73      0.00      7.43      0.00     12.38     53.47
22:23:45        all     16.34      0.00      7.43      0.00      3.96     72.28
22:23:46        all     34.33      0.00      6.97      0.00      7.46     51.24
22:23:47        all     11.00      0.00      3.00      0.00      5.00     81.00
22:23:48        all      1.99      0.00      0.50      0.00      0.00     97.51
22:23:49        all      0.50      0.00      0.00      0.50      0.50     98.51
22:23:50        all      0.00      0.00      0.00      0.00      0.00    100.00
22:23:51        all     12.94      0.00      4.48      0.00      4.98     77.61
22:23:52        all     15.08      0.00      0.00      0.00      3.02     81.91
22:23:53        all     30.00      0.00      7.50      0.00     17.50     45.00
22:23:54        all     30.00      0.00      9.50      0.00     10.50     50.00
22:23:55        all      1.00      0.00      0.50      0.00      0.00     98.51
22:23:56        all      1.99      0.00      0.00      0.00      1.99     96.02
22:23:57        all      0.50      0.00      0.00      0.00      0.50     99.00
22:23:58        all      9.90      0.00      6.44      0.00      6.44     77.23
22:23:59        all     20.59      0.00      1.96      0.00      6.86     70.59
22:24:00        all     18.14      0.00      5.88      0.49     13.73     61.76
22:24:01        all      5.00      0.00      1.50      0.00      3.00     90.50
22:24:02        all     20.30      0.00      5.94      0.00     13.86     59.90
22:24:03        all     20.00      0.00      4.50      0.00      4.50     71.00
22:24:04        all      1.00      0.00      1.00      0.00      0.50     97.50
22:24:05        all      0.50      0.00      0.00      0.00      0.00     99.50
22:24:06        all     17.82      0.00      7.43      0.00      3.47     71.29
22:24:07        all     13.07      0.00      1.51      0.00      3.02     82.41
22:24:08        all      7.92      0.00      4.46      0.00      4.46     83.17
22:24:09        all     32.50      0.00     10.50      0.00      7.50     49.50
22:24:10        all      9.00      0.00      4.00      0.50      1.00     85.50
22:24:11        all      0.50      0.00      0.00      0.00      0.50     99.00
22:24:12        all      0.50      0.00      0.00      0.00      0.50     98.99
22:24:13        all      3.48      0.00      2.99      0.00      4.48     89.05
22:24:14        all     23.65      0.00      4.93      0.00     10.84     60.59
22:24:15        all     18.09      0.00      6.03      0.00     11.56     64.32
22:24:16        all     25.25      0.00      7.92      0.00     13.86     52.97
22:24:17        all     18.91      0.00     11.94      0.00     13.43     55.72
22:24:18        all      1.50      0.00      0.50      0.00      1.00     97.00
22:24:19        all      0.50      0.00      0.00      0.00      0.00     99.50
22:24:20        all      0.00      0.00      0.50      0.00      0.50     99.00
22:24:21        all      8.91      0.00      2.97      0.00      9.90     78.22
22:24:22        all     21.29      0.00      2.48      0.00     10.89     65.35
22:24:23        all     15.92      0.00      4.98      0.00     11.94     67.16
22:24:24        all     25.87      0.00      6.97      0.00     12.44     54.73
22:24:25        all     18.91      0.00      6.47      0.50      3.48     70.65
22:24:26        all      1.00      0.00      1.00      0.00      1.00     97.00
22:24:27        all      1.00      0.00      0.00      0.00      0.50     98.50
22:24:28        all      1.00      0.00      0.00      0.00      0.00     99.00
22:24:29        all     28.50      0.00      6.50      0.00      5.00     60.00
22:24:30        all      5.97      0.00      3.48      0.00      1.49     89.05
22:24:31        all     43.72      0.00     13.07      0.00      5.03     38.19
22:24:32        all     14.85      0.00      6.44      0.00      3.47     75.25
22:24:33        all      1.99      0.00      0.50      0.00      0.50     97.01
22:24:34        all      0.51      0.00      0.00      0.00      0.00     99.49
22:24:35        all      0.50      0.00      0.50      0.00      0.50     98.51
22:24:36        all     21.67      0.00      7.39      0.00     13.30     57.64
22:24:37        all     11.44      0.00      1.99      0.00      1.49     85.07
22:24:38        all     40.70      0.00     10.05      0.00     12.06     37.19
22:24:39        all     26.50      0.00      9.50      0.00      8.50     55.50
22:24:40        all      0.50      0.00      0.50      0.00      0.50     98.50
22:24:41        all      1.98      0.00      0.50      0.50      0.50     96.53
22:24:42        all      8.37      0.00      5.91      0.00      9.85     75.86
22:24:43        all     11.50      0.00      1.50      0.00      4.00     83.00
22:24:44        all     22.39      0.00      7.46      0.00      8.46     61.69
22:24:45        all      4.50      0.00      1.50      0.00      2.50     91.50
22:24:46        all      6.97      0.00      1.49      0.00      1.99     89.55
22:24:47        all     28.50      0.00      9.00      0.00     13.50     49.00
22:24:48        all      8.54      0.00      2.01      0.00      3.02     86.43
22:24:49        all     31.03      0.00      7.39      0.00      9.36     52.22
22:24:50        all      8.54      0.00      1.51      0.00      3.52     86.43
22:24:51        all     21.29      0.00      7.92      0.00      9.90     60.89
22:24:52        all     27.86      0.00      9.95      0.00     11.94     50.25
22:24:53        all      5.00      0.00      1.00      0.00      2.50     91.50
22:24:54        all      0.00      0.00      0.50      0.00      0.50     99.00
22:24:55        all      1.00      0.00      0.00      0.00      0.00     99.00
22:24:56        all      6.47      0.00      3.48      0.50      2.99     86.57
22:24:57        all     26.37      0.00      4.48      0.00     11.44     57.71
22:24:58        all     20.30      0.00      7.92      0.00     10.40     61.39
22:24:59        all     29.50      0.00     10.00      0.00     11.00     49.50
22:25:00        all      7.50      0.00      2.50      0.00      7.00     83.00
22:25:01        all      0.50      0.00      0.50      0.00      0.50     98.51
22:25:02        all      2.49      0.00      1.00      0.00      3.98     92.54
22:25:03        all      6.97      0.00      4.48      0.00      5.97     82.59
22:25:04        all     14.78      0.00      0.99      0.00      7.88     76.35
22:25:05        all     20.10      0.00      7.54      0.00      8.54     63.82
22:25:06        all     16.42      0.00      1.99      0.50      6.97     74.13
22:25:07        all     27.86      0.00     11.44      0.00      9.45     51.24
22:25:08        all      1.00      0.00      0.00      0.00      0.00     99.00
22:25:09        all      1.50      0.00      0.00      0.00      1.50     97.00
22:25:10        all      0.50      0.00      0.00      0.00      1.00     98.50
22:25:11        all      8.46      0.00      5.97      0.00      6.97     78.61
22:25:12        all     19.31      0.00      1.49      0.00      2.48     76.73
22:25:13        all     17.59      0.00      7.54      0.00      5.53     69.35
22:25:14        all     29.50      0.00     10.50      0.00      8.50     51.50
22:25:15        all      7.04      0.00      2.51      0.00      1.01     89.45
22:25:16        all      0.50      0.00      0.00      0.00      0.00     99.50
22:25:17        all      8.37      0.00      5.91      0.00      6.90     78.82
22:25:18        all     21.00      0.00      1.50      0.00      6.50     71.00
22:25:19        all     17.50      0.00      7.50      0.00      6.50     68.50
22:25:20        all     30.69      0.00      8.42      0.00     15.84     45.05
22:25:21        all     13.00      0.00      6.50      0.00      9.00     71.50
22:25:22        all      0.50      0.00      0.50      0.50      0.50     97.99
22:25:23        all      0.00      0.00      0.00      0.00      0.00    100.00
22:25:24        all      1.00      0.00      0.00      0.00      0.50     98.50
22:25:25        all     11.33      0.00      6.40      0.00      4.43     77.83
22:25:26        all     17.41      0.00      1.49      0.00      3.98     77.11
22:25:27        all     24.14      0.00      8.87      0.49     10.84     55.67
22:25:28        all     36.00      0.00     10.50      0.00      7.00     46.50
22:25:29        all      2.00      0.00      1.00      0.00      0.50     96.50
22:25:30        all      1.99      0.00      0.00      0.00      0.50     97.51
22:25:31        all      0.00      0.00      0.00      0.00      0.00    100.00
22:25:32        all      9.31      0.00      6.86      0.49      5.39     77.94
22:25:33        all     18.91      0.00      1.00      0.00      6.97     73.13
22:25:34        all     11.06      0.00      3.02      0.00      2.01     83.92
22:25:35        all     10.84      0.00      3.45      0.00     13.79     71.92
22:25:36        all     28.43      0.00     11.27      0.00     12.25     48.04
22:25:37        all      9.00      0.00      2.50      0.00      6.00     82.50
22:25:38        all      1.01      0.00      0.00      0.00      0.00     98.99
22:25:39        all      0.99      0.00      0.99      0.00      0.99     97.03
22:25:40        all      9.95      0.00      5.97      0.00      6.47     77.61
22:25:41        all     20.50      0.00      1.50      0.00      4.50     73.50
22:25:42        all     14.43      0.00      5.47      0.00      8.96     71.14
22:25:43        all     30.85      0.00     10.45      0.00     13.43     45.27
22:25:44        all     11.94      0.00      4.98      0.00      8.96     74.13
22:25:45        all      1.97      0.00      0.49      0.00      0.99     96.55
22:25:46        all      1.01      0.00      0.00      0.00      0.00     98.99
22:25:47        all      0.50      0.00      0.00      0.50      0.50     98.50
22:25:48        all      9.90      0.00      6.93      0.00      7.92     75.25
22:25:49        all     18.81      0.00      0.99      0.00      3.96     76.24
22:25:50        all     18.00      0.00      5.00      0.00      6.50     70.50
22:25:51        all     29.50      0.00      8.50      0.00      6.00     56.00
22:25:52        all     15.92      0.00      6.47      0.50      3.48     73.63
22:25:53        all      2.49      0.00      0.00      0.00      0.50     97.01
22:25:54        all      0.50      0.00      0.50      0.00      0.00     99.00
22:25:55        all     12.32      0.00      2.96      0.00      2.96     81.77
22:25:56        all     17.59      0.00      1.01      0.00      3.02     78.39
22:25:57        all     33.99      0.00     11.33      0.00     12.81     41.87
22:25:58        all     27.50      0.00     10.50      0.00     12.50     49.50
22:25:59        all      4.50      0.00      2.00      0.00      2.00     91.50
22:26:00        all      1.00      0.00      0.50      0.00      0.50     98.00
22:26:01        all      0.00      0.00      0.00      0.00      0.00    100.00
22:26:02        all      0.50      0.00      0.00      0.00      1.00     98.50
22:26:03        all      1.00      0.00      0.50      0.00      2.00     96.50
22:26:04        all      9.31      0.00      2.94      0.00      9.31     78.43
22:26:05        all     25.85      0.00      3.90      0.00     16.59     53.66
22:26:06        all     17.41      0.00      5.47      0.00      7.96     69.15
22:26:07        all      2.50      0.00      0.00      0.00      0.50     97.00
22:26:08        all     32.32      0.00     11.62      0.51      7.07     48.48
22:26:09        all      4.46      0.00      1.98      0.00      5.45     88.12
22:26:10        all     26.00      0.00      9.00      0.00     14.00     51.00
22:26:11        all     12.50      0.00      1.00      0.00      4.50     82.00
22:26:12        all     28.57      0.00      9.36      0.00     12.81     49.26
22:26:13        all     29.50      0.00     10.00      0.00     14.50     46.00
22:26:14        all      5.00      0.00      2.00      0.00      2.50     90.50
22:26:15        all      0.99      0.00      0.50      0.00      0.50     98.02
22:26:16        all      0.00      0.00      0.00      0.00      0.00    100.00
22:26:17        all      1.00      0.00      0.00      0.00      0.50     98.50
22:26:18        all     23.15      0.00      5.42      0.00      7.39     64.04
22:26:19        all      7.50      0.00      0.50      0.00      3.00     89.00
22:26:20        all     23.50      0.00      8.00      0.00     10.00     58.50
22:26:21        all     27.72      0.00     10.89      0.00     16.83     44.55
22:26:22        all     11.00      0.00      6.00      0.00      6.50     76.50
22:26:23        all      1.01      0.00      1.01      0.00      1.51     96.48
22:26:24        all      1.00      0.00      0.50      0.00      0.00     98.51
22:26:25        all      0.00      0.00      0.00      0.00      0.50     99.50
22:26:26        all      8.78      0.00      4.88      0.00     11.22     75.12
22:26:27        all     20.90      0.00      1.49      0.00     10.45     67.16
22:26:28        all     18.05      0.00      5.37      0.49     19.51     56.59
22:26:29        all     24.51      0.00      7.35      0.00     11.76     56.37
22:26:30        all     19.70      0.00      9.60      0.00      6.57     64.14
22:26:31        all      1.00      0.00      0.50      0.00      0.50     98.00
22:26:32        all      0.50      0.00      0.50      0.00      0.00     99.00
22:26:33        all      9.05      0.00      5.03      0.00      4.02     81.91
22:26:34        all     17.82      0.00      2.48      0.00      3.47     76.24
22:26:35        all     14.57      0.00      3.52      0.00      3.52     78.39
22:26:36        all      3.52      0.00      0.50      0.00      1.01     94.97
22:26:37        all      0.50      0.00      0.50      0.00      0.50     98.50
22:26:38        all     15.92      0.00      6.47      0.50      3.98     73.13
22:26:39        all     27.23      0.00      6.93      0.00     11.88     53.96
22:26:40        all      2.00      0.00      0.50      0.00      0.00     97.50
22:26:41        all      6.50      0.00      4.00      0.00      1.00     88.50
22:26:42        all     25.74      0.00      4.95      0.00      4.46     64.85
22:26:43        all     17.91      0.00      4.48      0.00      7.46     70.15
22:26:44        all     31.50      0.00     11.00      0.00      7.50     50.00
22:26:45        all      7.00      0.00      1.00      0.00      1.00     91.00
22:26:46        all      0.50      0.00      0.00      0.00      0.00     99.50
22:26:47        all      0.50      0.00      0.50      0.00      0.50     98.51
22:26:48        all     14.78      0.00      5.42      0.00      8.37     71.43
22:26:49        all     17.41      0.00      1.00      0.00     10.95     70.65
22:26:50        all     19.90      0.00      6.47      0.00     11.44     62.19
22:26:51        all     29.21      0.00      6.93      0.00     13.86     50.00
22:26:52        all     15.58      0.00      5.53      0.00     10.05     68.84
22:26:53        all      1.50      0.00      0.50      0.00      0.50     97.50
22:26:54        all      1.00      0.00      0.00      0.50      0.00     98.51
22:26:55        all     10.00      0.00      8.50      0.00      5.50     76.00
22:26:56        all     20.90      0.00      0.50      0.00      4.98     73.63
22:26:57        all     22.11      0.00      6.53      0.00      5.03     66.33
22:26:58        all     31.68      0.00     12.87      0.00     10.89     44.55
22:26:59        all      9.60      0.00      1.52      0.00      2.02     86.87
22:27:00        all      1.50      0.00      0.50      0.00      1.50     96.50
22:27:01        all      0.00      0.00      0.00      0.00      0.00    100.00
22:27:02        all      0.00      0.00      0.00      0.00      0.00    100.00
22:27:03        all      0.50      0.00      1.00      0.00      0.50     98.01
22:27:04        all     24.02      0.00      7.35      0.00     19.12     49.51
22:27:05        all     10.84      0.00      3.45      0.00      3.94     81.77
22:27:06        all     24.62      0.00      5.53      0.00     13.07     56.78
22:27:07        all     25.50      0.00     12.50      0.00     12.50     49.50
22:27:08        all      6.53      0.00      1.01      0.00      2.01     90.45
22:27:09        all      1.00      0.00      0.50      0.50      0.50     97.50
22:27:10        all      0.00      0.00      0.50      0.00      0.00     99.50
22:27:11        all      0.50      0.00      0.00      0.00      1.00     98.50
22:27:12        all     23.27      0.00      7.43      0.00     12.38     56.93
22:27:13        all     16.50      0.00      4.00      0.00      4.50     75.00
22:27:14        all     18.41      0.00      4.48      0.00      5.47     71.64
22:27:15        all     29.85      0.00     10.95      0.00      9.45     49.75
22:27:16        all      7.00      0.00      2.50      0.00      3.00     87.50
22:27:17        all      1.01      0.00      0.00      0.00      0.00     98.99
22:27:18        all     10.29      0.00      5.39      0.00      3.92     80.39
22:27:19        all     19.10      0.00      1.01      0.00      5.03     74.87
22:27:20        all     15.92      0.00      6.97      0.00      4.48     72.64
22:27:21        all     28.79      0.00      8.59      0.00      8.59     54.04
22:27:22        all     20.40      0.00      7.46      0.00      7.96     64.18
22:27:23        all      1.49      0.00      0.50      0.00      0.50     97.51
22:27:24        all      0.50      0.00      0.50      0.50      0.50     98.01
22:27:25        all      0.50      0.00      0.00      0.00      0.00     99.50
22:27:26        all      9.36      0.00      6.90      0.00      9.85     73.89
22:27:27        all     18.59      0.00      1.01      0.00      1.01     79.40
22:27:28        all     19.90      0.00      4.48      0.00      1.99     73.63
22:27:29        all     38.31      0.00     11.94      0.00      4.98     44.78
