Linux 5.10.234-225.910.amzn2.x86_64 (ip-10-0-149-128.us-west-2.compute.internal) 	03/25/25 	_x86_64_	(2 CPU)

22:13:06    kbmemfree kbmemused  %memused kbbuffers  kbcached  kbcommit   %commit  kbactive   kbinact   kbdirty
22:13:07      2810556   1132744     28.73      2088    901396    373916      9.48    179500    854668    172932
22:13:08      2717096   1226204     31.10      2088    902960    503492     12.77    179624    949004    174400
22:13:09      2733976   1209324     30.67      2088    914296    428104     10.86    179624    932324    171336
22:13:10      2668532   1274768     32.33      2088    914364    493036     12.50    179664    997512    171392
22:13:11      2652404   1290896     32.74      2088    914364    508232     12.89    179664   1012596    172792
22:13:12      2652152   1291148     32.74      2088    914364    509768     12.93    179664   1014096    172816
22:13:13      2650388   1292912     32.79      2088    914364    511276     12.97    179664   1015556    172816
22:13:14      2860292   1083008     27.46      2088    914364    297536      7.55    179764    804776    172816
22:13:15      2860440   1082860     27.46      2088    914292    297536      7.55    179788    804640    172816
22:13:16      2860440   1082860     27.46      2088    914292    297536      7.55    179788    804640    172816
22:13:17      2860440   1082860     27.46      2088    914292    297536      7.55    179788    804640    172816
22:13:18      2860440   1082860     27.46      2088    914292    297536      7.55    179788    804640    172816
22:13:19      2859424   1083876     27.49      2088    914392    305156      7.74    179888    806940    172816
22:13:20      2858672   1084628     27.51      2088    914448    304528      7.72    180068    806920    172812
22:13:21      2884380   1058920     26.85      2088    914484    277236      7.03    180084    781492    173056
22:13:22      2882852   1060448     26.89      2088    914496    279624      7.09    180084    783644    173068
22:13:23      2853760   1089540     27.63      2088    914504    311680      7.90    180084    812300    173076
22:13:24      2834164   1109136     28.13      2088    914512    331888      8.42    180084    831584    173076
22:13:25      2822304   1120996     28.43      2088    914520    345432      8.76    180084    845876    173084
22:13:26      2805304   1137996     28.86      2088    914532    361300      9.16    180084    860912    173096
22:13:27      2796132   1147168     29.09      2088    914532    372880      9.46    180084    871368    173096
22:13:28      2780936   1162364     29.48      2088    914540    387092      9.82    180084    886600    173104
22:13:29      2792220   1151080     29.19      2088    914540    374492      9.50    180084    875008    157604
22:13:30      2813532   1129768     28.65      2088    914576    346876      8.80    180084    847436     88352
22:13:31      2839964   1103336     27.98      2088    914596    321416      8.15    180084    821992     88372
22:13:32      2854404   1088896     27.61      2088    918192    305136      7.74    180084    807636     91968
22:13:33      2845940   1097360     27.83      2088    918212    314356      7.97    180084    815472     91988
22:13:34      2839104   1104196     28.00      2088    918216    319808      8.11    180084    821640     91992
22:13:35      2834812   1108488     28.11      2088    918228    324168      8.22    180084    825896     21708
22:13:36      2832812   1110488     28.16      2088    920836    321412      8.15    180084    826196     24316
22:13:37      2852996   1090304     27.65      2088    920912    300924      7.63    180084    806632     24396
22:13:38      2852996   1090304     27.65      2088    920932    301212      7.64    180084    806696     24416
22:13:39      2829796   1113504     28.24      2088    920932    326856      8.29    180084    831640     24416
22:13:40      2821880   1121420     28.44      2088    920944    334428      8.48    180084    837452      7708
22:13:41      2817700   1125600     28.54      2088    920956    341000      8.65    180084    843944      7732
22:13:42      2805492   1137808     28.85      2088    920972    350176      8.88    180084    854824      7748
22:13:43      2808312   1134988     28.78      2088    920976    345648      8.77    180084    850416      7752
22:13:44      2793040   1150260     29.17      2088    920992    362108      9.18    180084    866736      7768
22:13:45      2783608   1159692     29.41      2088    920992    372328      9.44    180084    877612      6368
22:13:46      2842572   1100728     27.91      2088    923668    309824      7.86    180172    816572      9012
22:13:47      2840656   1102644     27.96      2088    923704    313236      7.94    180172    819572      9048
22:13:48      2836836   1106464     28.06      2088    923712    316480      8.03    180172    823180      9056
22:13:49      2826840   1116460     28.31      2088    923724    328004      8.32    180172    833756      9068
22:13:50      2823500   1119800     28.40      2088    923728    331580      8.41    180172    836788      9056
22:13:51      2809640   1133660     28.75      2088    923736    344708      8.74    180172    850220      9064
22:13:52      2814708   1128592     28.62      2088    926348    337452      8.56    180172    844928     11676
22:13:53      2837052   1106248     28.05      2088    926420    315392      8.00    180172    824176     11760
22:13:54      2827068   1116232     28.31      2088    926448    325396      8.25    180172    834624     11788
22:13:55      2818760   1124540     28.52      2088    926452    329904      8.37    180172    838776     11792
22:13:56      2807448   1135852     28.80      2088    926472    346440      8.79    180172    853780     11764
22:13:57      2815604   1127696     28.60      2088    926472    335784      8.52    180172    844736     11764
22:13:58      2833144   1110156     28.15      2088    926504    319624      8.11    180172    828516     11796
22:13:59      2809448   1133852     28.75      2088    926512    344664      8.74    180172    852460     11804
22:14:00      2832316   1110984     28.17      2088    929112    317340      8.05    180172    828668     14404
22:14:01      2831876   1111424     28.19      2088    929192    317288      8.05    180172    828720     14484
22:14:02      2831876   1111424     28.19      2088    929192    317288      8.05    180172    828904     14484
22:14:03      2828348   1114952     28.27      2088    929200    321528      8.15    180172    833080     14492
22:14:04      2832128   1111172     28.18      2088    929208    316752      8.03    180172    828656     14500
22:14:05      2823020   1120280     28.41      2088    929212    322992      8.19    180172    834820     14504
22:14:06      2827552   1115748     28.29      2088    929224    324928      8.24    180172    835096     10964
22:14:07      2815148   1128152     28.61      2088    929228    335560      8.51    180172    845960     10968
22:14:08      2803888   1139412     28.89      2088    929232    348612      8.84    180172    858804     10972
22:14:09      2788336   1154964     29.29      2088    929236    365152      9.26    180172    873780     10976
22:14:10      2786568   1156732     29.33      2088    929244    362496      9.19    180172    875400     10984
22:14:11      2817560   1125740     28.55      2088    932248    331168      8.40    180172    845036     10984
22:14:12      2797680   1145620     29.05      2088    932256    349036      8.85    180172    863788     11000
22:14:13      2795944   1147356     29.10      2088    932268    353176      8.96    180172    866084     11012
22:14:14      2796448   1146852     29.08      2088    932284    353616      8.97    180172    867028     11028
22:14:15      2778024   1165276     29.55      2088    932284    370464      9.39    180172    883676     11028
22:14:16      2783540   1159760     29.41      2088    932288    364720      9.25    180172    878776     11032
22:14:17      2817608   1125692     28.55      2088    934984    328152      8.32    180172    844932     13728
22:14:18      2816412   1126888     28.58      2088    934988    328132      8.32    180172    845524     13732
22:14:19      2806268   1137032     28.83      2088    935008    338964      8.60    180172    856092     13752
22:14:20      2788816   1154484     29.28      2088    935012    357900      9.08    180172    873688     13756
22:14:21      2768964   1174336     29.78      2088    935024    375344      9.52    180172    892372     11104
22:14:22      2767192   1176108     29.83      2088    935032    380540      9.65    180172    896048     11112
22:14:23      2779000   1164300     29.53      2088    935040    359844      9.13    180172    877628     11120
22:14:24      2803988   1139312     28.89      2088    935072    338524      8.58    180172    856880     11152
22:14:25      2809276   1134024     28.76      2088    937760    331260      8.40    180172    852096     13840
22:14:26      2809556   1133744     28.75      2088    937760    331132      8.40    180172    852076     11232
22:14:27      2810528   1132772     28.73      2088    937788    329452      8.35    180172    851204     11188
22:14:28      2809784   1133516     28.75      2088    937788    329368      8.35    180172    851088     11188
22:14:29      2798472   1144828     29.03      2088    937800    344068      8.73    180172    863544     11200
22:14:30      2786116   1157184     29.35      2088    937804    356692      9.05    180172    875496     11204
22:14:31      2784036   1159264     29.40      2088    937804    359652      9.12    180172    879784      8604
22:14:32      2803772   1139528     28.90      2088    940500    334776      8.49    180172    857768     11236
22:14:33      2793836   1149464     29.15      2088    940504    345092      8.75    180172    867940     11240
22:14:34      2780520   1162780     29.49      2088    940516    358712      9.10    180172    881116     11252
22:14:35      2771504   1171796     29.72      2088    940528    368512      9.35    180172    889328     11368
22:14:36      2769548   1173752     29.77      2088    940528    371432      9.42    180172    892384     11368
22:14:37      2785832   1157468     29.35      2088    940536    353400      8.96    180172    876080     11376
22:14:38      2795792   1147508     29.10      2088    943540    339176      8.60    180172    865124     14380
22:14:39      2793908   1149392     29.15      2088    943544    341764      8.67    180172    867532     14384
22:14:40      2785272   1158028     29.37      2088    943560    351004      8.90    180172    876836     14400
22:14:41      2793668   1149632     29.15      2088    946248    338276      8.58    180172    867716     17092
22:14:42      2783580   1159720     29.41      2088    946256    348208      8.83    180172    876988     13736
22:14:43      2776752   1166548     29.58      2088    946268    359160      9.11    180172    886272     13756
22:14:44      2764900   1178400     29.88      2088    946272    366836      9.30    180172    895404     13760
22:14:45      2788588   1154712     29.28      2088    948964    340724      8.64    180172    872380     16452
22:14:46      2780256   1163044     29.49      2088    948964    350396      8.89    180172    881596     16452
22:14:47      2784540   1158760     29.39      2088    948984    350168      8.88    180172    877424     13808
22:14:48      2774956   1168344     29.63      2088    948988    359332      9.11    180172    887132     13812
22:14:49      2786084   1157216     29.35      2088    951600    342848      8.69    180172    875228     16424
22:14:50      2785848   1157452     29.35      2088    951684    342748      8.69    180172    875216     16508
22:14:51      2776488   1166812     29.59      2088    951688    353260      8.96    180172    885748     16512
22:14:52      2761656   1181644     29.97      2088    951700    371692      9.43    180172    902532     16524
22:14:53      2781532   1161768     29.46      2088    954316    345552      8.76    180172    880312     19140
22:14:54      2770704   1172596     29.74      2088    954400    356416      9.04    180172    890488     19224
22:14:55      2774420   1168880     29.64      2088    954420    355024      9.00    180172    887460     19244
22:14:56      2762520   1180780     29.94      2088    954424    366504      9.29    180172    898940     19248
22:14:57      2770548   1172752     29.74      2088    957036    353032      8.95    180172    890232     19260
22:14:58      2775688   1167612     29.61      2088    957116    347396      8.81    180172    884984     19284
22:14:59      2765716   1177584     29.86      2088    957124    350476      8.89    180172    888036     19292
22:15:00      2762888   1180412     29.93      2088    957136    360900      9.15    180172    896032     19304
22:15:01      2757984   1185316     30.06      2088    957136    367712      9.32    180172    903128     19304
22:15:02      2757984   1185316     30.06      2088    957136    369136      9.36    180172    904672     16640
22:15:03      2757200   1186100     30.08      2088    957140    365632      9.27    180172    903224     16644
22:15:04      2768512   1174788     29.79      2088    959816    351712      8.92    180172    892484     19320
22:15:05      2755448   1187852     30.12      2088    959836    365004      9.26    180172    905932     19340
22:15:06      2761148   1182152     29.98      2088    959848    361608      9.17    180172    900620     19352
22:15:07      2750524   1192776     30.25      2088    959852    372776      9.45    180172    911128     19256
22:15:08      2762944   1180356     29.93      2088    962468    354852      9.00    180172    897304     21872
22:15:09      2759384   1183916     30.02      2088    962532    359588      9.12    180172    902816     21936
22:15:10      2755128   1188172     30.13      2088    962564    364828      9.25    180172    906056     21968
22:15:11      2746084   1197216     30.36      2088    962568    374816      9.51    180172    915192     21972
22:15:12      2744564   1198736     30.40      2088    962568    377784      9.58    180172    918300     16012
22:15:13      2736176   1207124     30.61      2088    965240    382788      9.71    180172    927688     18688
22:15:14      2751092   1192208     30.23      2088    965268    366688      9.30    180172    911604     18720
22:15:15      2744416   1198884     30.40      2088    965280    375200      9.51    180172    918008     18732
22:15:16      2744852   1198448     30.39      2088    965284    374960      9.51    180172    917792     18736
22:15:17      2748060   1195240     30.31      2088    967956    364896      9.25    180172    912724     18728
22:15:18      2750076   1193224     30.26      2088    967972    362572      9.19    180172    910536     18752
22:15:19      2750012   1193288     30.26      2088    967972    364236      9.24    180172    911936     18752
22:15:20      2743772   1199528     30.42      2088    967980    369964      9.38    180172    918104     18760
22:15:21      2741180   1202120     30.49      2088    967992    373308      9.47    180172    920420     18772
22:15:22      2736892   1206408     30.59      2088    967992    379164      9.62    180172    925328     18772
22:15:23      2731324   1211976     30.74      2088    970656    379008      9.61    180172    929144     18772
22:15:24      2744972   1198328     30.39      2088    970676    364972      9.26    180172    915476     18792
22:15:25      2742760   1200540     30.45      2088    970688    367164      9.31    180172    917964     18804
22:15:26      2735400   1207900     30.63      2088    970692    374988      9.51    180172    926008     18808
22:15:27      2738384   1204916     30.56      2088    970704    372916      9.46    180172    923088     18820
22:15:28      2726632   1216668     30.85      2088    970704    387668      9.83    180172    935408     13484
22:15:29      2741672   1201628     30.47      2088    973320    367400      9.32    180172    919696     16100
22:15:30      2738972   1204328     30.54      2088    973396    370416      9.39    180172    923084     16184
22:15:31      2734152   1209148     30.66      2088    973404    375376      9.52    180172    928036     16192
22:15:32      2721500   1221800     30.98      2088    973420    389544      9.88    180172    940004     16208
22:15:33      2720768   1222532     31.00      2088    973424    388912      9.86    180172    939744     16212
22:15:34      2735696   1207604     30.62      2088    976100    369896      9.38    180172    925116     18888
22:15:35      2734888   1208412     30.64      2088    976108    370180      9.39    180172    925920     18896
22:15:36      2732072   1211228     30.72      2088    976116    373196      9.46    180172    929160     18904
22:15:37      2725348   1217952     30.89      2088    976120    381156      9.67    180172    936004     18908
22:15:38      2725260   1218040     30.89      2088    976136    381016      9.66    180172    936068     16256
22:15:39      2686556   1256744     31.87      2088    976148    421112     10.68    180172    975652     16268
22:15:40      2730396   1212904     30.76      2088    978820    372524      9.45    180172    930616     18940
22:15:41      2730396   1212904     30.76      2088    978832    372584      9.45    180172    931000     18952
22:15:42      2727748   1215552     30.83      2088    978836    375748      9.53    180172    934068     18956
22:15:43      2721432   1221868     30.99      2088    978836    381000      9.66    180172    938764     16008
22:15:44      2716232   1227068     31.12      2088    978852    387652      9.83    180172    943700     16028
22:15:45      2714468   1228832     31.16      2088    978856    389232      9.87    180172    946868     16032
22:15:46      2723080   1220220     30.94      2088    981528    376984      9.56    180172    937608     18704
22:15:47      2723332   1219968     30.94      2088    981544    377328      9.57    180172    938044     18720
22:15:48      2708756   1234544     31.31      2088    981548    391644      9.93    180172    952612     13424
22:15:49      2714260   1229040     31.17      2088    981564    388768      9.86    180172    948104     13400
22:15:50      2706196   1237104     31.37      2088    981564    397260     10.07    180172    956296     13400
22:15:51      2701660   1241640     31.49      2088    981564    395800     10.04    180172    956352     13400
22:15:52      2716016   1227284     31.12      2088    984244    380632      9.65    180172    944640     16080
22:15:53      2716772   1226528     31.10      2088    984256    380088      9.64    180172    944204     16092
22:15:54      2712032   1231268     31.22      2088    984260    386120      9.79    180172    949944     16096
22:15:55      2714488   1228812     31.16      2088    984264    383520      9.73    180172    947136     16100
22:15:56      2702060   1241240     31.48      2088    984276    398836     10.11    180172    960344     16112
22:15:57      2706192   1237108     31.37      2088    984280    392080      9.94    180172    955392     16116
22:15:58      2709096   1234204     31.30      2088    986888    385832      9.78    180172    952100     16224
22:15:59      2709960   1233340     31.28      2088    986968    384640      9.75    180172    951052     16140
22:16:00      2710148   1233152     31.27      2088    986972    384520      9.75    180172    951196     16144
22:16:01      2706780   1236520     31.36      2088    986972    389636      9.88    180172    956068     16144
22:16:02      2701844   1241456     31.48      2088    986976    392456      9.95    180172    958212     16152
22:16:03      2701484   1241816     31.49      2088    986988    397336     10.08    180172    961504     16164
22:16:04      2696552   1246748     31.62      2088    986992    398036     10.09    180172    964084     13496
22:16:05      2705668   1237632     31.39      2088    989668    386800      9.81    180172    955608     16172
22:16:06      2704912   1238388     31.40      2088    989680    387348      9.82    180172    956332     16184
22:16:07      2704092   1239208     31.43      2088    989680    387540      9.83    180172    956532     16184
22:16:08      2697604   1245696     31.59      2088    989692    395360     10.03    180172    964340     16196
22:16:09      2696596   1246704     31.62      2088    989704    397996     10.09    180172    966504     13544
22:16:10      2693268   1250032     31.70      2088    989708    397588     10.08    180172    965540     13548
22:16:11      2687516   1255784     31.85      2088    989708    408632     10.36    180172    975292     13548
22:16:12      2699604   1243696     31.54      2088    992384    390072      9.89    180172    961964     16228
22:16:13      2698792   1244508     31.56      2088    992400    389992      9.89    180172    962256     16244
22:16:14      2699232   1244068     31.55      2088    992404    390056      9.89    180172    962356     13344
22:16:15      2689716   1253584     31.79      2088    992408    399996     10.14    180172    971132     13352
22:16:16      2689776   1253524     31.79      2088    992424    401652     10.19    180172    971968     13368
22:16:17      2686344   1256956     31.88      2088    992424    405720     10.29    180172    975740     13368
22:16:18      2659096   1284204     32.57      2088    995100    431096     10.93    180172   1004752     16048
22:16:19      2694124   1249176     31.68      2088    995112    393032      9.97    180172    967404     13384
22:16:20      2692864   1250436     31.71      2088    995120    393368      9.98    180172    968004     13400
22:16:21      2691856   1251444     31.74      2088    995120    396348     10.05    180172    971016     13400
22:16:22      2685304   1257996     31.90      2088    995136    405224     10.28    180172    977960     13416
22:16:23      2668280   1275020     32.33      2088    995140    419088     10.63    180172    991860     13420
22:16:24      2675728   1267572     32.14      2088    995140    413568     10.49    180172    987828     10756
22:16:25      2687816   1255484     31.84      2088    997816    395760     10.04    180172    972860     13432
22:16:26      2688572   1254728     31.82      2088    997828    396256     10.05    180172    973608     13444
22:16:27      2685420   1257880     31.90      2088    997832    399064     10.12    180172    976528     13556
22:16:28      2674912   1268388     32.17      2088    997836    408696     10.36    180172    985836     13560
22:16:29      2671384   1271916     32.26      2088    997852    414464     10.51    180172    990512     10976
22:16:30      2673136   1270164     32.21      2088    997856    410128     10.40    180172    987960     10916
22:16:31      2682916   1260384     31.96      2088   1000532    398212     10.10    180172    978492     13592
22:16:32      2681996   1261304     31.99      2088   1000548    399084     10.12    180172    979476     13608
22:16:33      2680232   1263068     32.03      2088   1000548    401436     10.18    180172    981948     13608
22:16:34      2668036   1275264     32.34      2088   1000556    414696     10.52    180172    994636     13612
22:16:35      2668380   1274920     32.33      2088   1000568    416392     10.56    180172    994240     13624
22:16:36      2659316   1283984     32.56      2088   1000568    422416     10.71    180172   1001404     13624
22:16:37      2663528   1279772     32.45      2088   1000568    414172     10.50    180172    994900     13624
22:16:38      2673412   1269888     32.20      2088   1003248    404016     10.25    180172    988072     16304
22:16:39      2669632   1273668     32.30      2088   1003264    408640     10.36    180172    991972     13656
22:16:40      2668816   1274484     32.32      2088   1003280    409248     10.38    180172    992020     13672
22:16:41      2663740   1279560     32.45      2088   1003280    416888     10.57    180172    998456     13672
22:16:42      2603600   1339700     33.97      2088   1003292    477344     12.11    180172   1059240     13684
22:16:43      2671240   1272060     32.26      2088   1005960    404916     10.27    180172    990620     16352
22:16:44      2670632   1272668     32.27      2088   1005972    405000     10.27    180172    991144     13764
22:16:45      2665256   1278044     32.41      2088   1005980    410708     10.42    180172    996148     13456
22:16:46      2661560   1281740     32.50      2088   1005988    418520     10.61    180172   1001660     13464
22:16:47      2655464   1287836     32.66      2088   1006000    423508     10.74    180172   1006768     13476
22:16:48      2649652   1293648     32.81      2088   1008672    423724     10.75    180172   1011228     16148
22:16:49      2664292   1279008     32.43      2088   1008676    409052     10.37    180172    997052     16152
22:16:50      2663768   1279532     32.45      2088   1008688    409120     10.38    180172    997404     13492
22:16:51      2657964   1285336     32.60      2088   1008688    415924     10.55    180172   1003580     13496
22:16:52      2654196   1289104     32.69      2088   1008712    421940     10.70    180172   1007476     13524
22:16:53      2647724   1295576     32.86      2088   1008712    428900     10.88    180172   1014740     13524
22:16:54      2651164   1292136     32.77      2088   1011324    419212     10.63    180172   1009692     16136
22:16:55      2658552   1284748     32.58      2088   1011400    411696     10.44    180172   1002452     13548
22:16:56      2658048   1285252     32.59      2088   1011404    412016     10.45    180172   1002856     13552
22:16:57      2646116   1297184     32.90      2088   1011412    425304     10.79    180172   1015720     13560
22:16:58      2649228   1294072     32.82      2088   1011424    424308     10.76    180172   1013152     13572
22:16:59      2640860   1302440     33.03      2088   1011428    430120     10.91    180172   1021896     13576
22:17:00      2653252   1290048     32.71      2088   1014104    414236     10.50    180172   1008448     16144
22:17:01      2652748   1290552     32.73      2088   1014116    414360     10.51    180172   1008932     16156
22:17:02      2652748   1290552     32.73      2088   1014116    414336     10.51    180172   1009208     16156
22:17:03      2646700   1296600     32.88      2088   1014120    421540     10.69    180172   1016116     16160
22:17:04      2638584   1304716     33.09      2088   1014124    430152     10.91    180172   1023084     16164
22:17:05      2645188   1298112     32.92      2088   1014136    426340     10.81    180172   1017660     13576
22:17:06      2629284   1314016     33.32      2088   1014140    440176     11.16    180172   1032008     13516
22:17:07      2646880   1296420     32.88      2088   1016748    417764     10.59    180172   1014028     16124
22:17:08      2645936   1297364     32.90      2088   1016828    418004     10.60    180172   1014472     16204
22:17:09      2644368   1298932     32.94      2088   1016832    421212     10.68    180172   1017760     16208
22:17:10      2632232   1311068     33.25      2088   1016836    435096     11.03    180172   1030828     13548
22:17:11      2639312   1303988     33.07      2088   1016844    425492     10.79    180172   1021192     13556
22:17:12      2627936   1315364     33.36      2088   1016852    438168     11.11    180172   1033700     13564
22:17:13      2591236   1352064     34.29      2088   1019460    472628     11.99    180172   1070708     16172
22:17:14      2640324   1302976     33.04      2088   1019532    422436     10.71    180172   1021504     16244
22:17:15      2638076   1305224     33.10      2088   1019544    424788     10.77    180172   1023552     13356
22:17:16      2624580   1318720     33.44      2088   1019548    438152     11.11    180172   1036772     13348
22:17:17      2626768   1316532     33.39      2088   1019564    437396     11.09    180172   1034660     13364
22:17:18      2620720   1322580     33.54      2088   1019564    444100     11.26    180172   1041900     13364
22:17:19      2634824   1308476     33.18      2088   1022244    423284     10.73    180172   1025544     16044
22:17:20      2634312   1308988     33.20      2088   1022252    423636     10.74    180172   1025816     13452
22:17:21      2631516   1311784     33.27      2088   1022264    427164     10.83    180172   1029356     13388
22:17:22      2628020   1315280     33.35      2088   1022268    429688     10.90    180172   1031772     13392
22:17:23      2623596   1319704     33.47      2088   1022288    436152     11.06    180172   1035892     13424
22:17:24      2620436   1322864     33.55      2088   1022292    438356     11.12    180172   1040568     13428
22:17:25      2628508   1314792     33.34      2088   1024968    426756     10.82    180172   1032076     13424
22:17:26      2628760   1314540     33.34      2088   1024976    426024     10.80    180172   1031392     13440
22:17:27      2628760   1314540     33.34      2088   1024980    426432     10.81    180172   1031756     13444
22:17:28      2626196   1317104     33.40      2088   1024984    429860     10.90    180172   1035112     13448
22:17:29      2619592   1323708     33.57      2088   1025000    439204     11.14    180172   1041356     13464
22:17:30      2615348   1327952     33.68      2088   1025000    442204     11.21    180172   1046072     13464
22:17:31      2624452   1318848     33.45      2088   1027616    429028     10.88    180172   1036232     13416
22:17:32      2624452   1318848     33.45      2088   1027684    428784     10.87    180172   1036400     13484
22:17:33      2623192   1320108     33.48      2088   1027692    429360     10.89    180172   1037116     13492
22:17:34      2620468   1322832     33.55      2088   1027696    433168     10.98    180172   1040768     13496
22:17:35      2615548   1327752     33.67      2088   1027700    439224     11.14    180172   1045624     13500
22:17:36      2611136   1332164     33.78      2088   1027716    446764     11.33    180172   1051164     13516
22:17:37      2613136   1330164     33.73      2088   1030392    440236     11.16    180172   1048576     16192
22:17:38      2617372   1325928     33.62      2088   1030392    434620     11.02    180172   1043352     16192
22:17:39      2617984   1325316     33.61      2088   1030396    434280     11.01    180172   1043352     16196
22:17:40      2616080   1327220     33.66      2088   1030412    437616     11.10    180172   1046612     16212
22:17:41      2603480   1339820     33.98      2088   1030412    451312     11.45    180172   1059740     13548
22:17:42      2604628   1338672     33.95      2088   1030424    450432     11.42    180172   1057920     13560
22:17:43      2604316   1338984     33.96      2088   1030428    447284     11.34    180172   1057472     13564
22:17:44      2611128   1332172     33.78      2088   1033108    436364     11.07    180172   1049396     16244
22:17:45      2611884   1331416     33.76      2088   1033120    436460     11.07    180172   1049456     16256
22:17:46      2608052   1335248     33.86      2088   1033124    439844     11.15    180172   1053064     13364
22:17:47      2600288   1343012     34.06      2088   1033128    450072     11.41    180172   1061692     13356
22:17:48      2597208   1346092     34.14      2088   1033140    453668     11.50    180172   1064656     13368
22:17:49      2589708   1353592     34.33      2088   1033144    462140     11.72    180172   1073452     13372
22:17:50      2605820   1337480     33.92      2088   1035756    439384     11.14    180172   1054956     15984
22:17:51      2605828   1337472     33.92      2088   1035836    439728     11.15    180172   1055432     13400
22:17:52      2590656   1352644     34.30      2088   1035836    454864     11.54    180172   1070188     13400
22:17:53      2596000   1347300     34.17      2088   1035856    452944     11.49    180172   1066208     13420
22:17:54      2584608   1358692     34.46      2088   1035856    463244     11.75    180172   1076032     13420
22:17:55      2599516   1343784     34.08      2088   1038456    445244     11.29    180172   1062216     16020
22:17:56      2600812   1342488     34.04      2088   1038532    443100     11.24    180172   1060592     13496
22:17:57      2600024   1343276     34.06      2088   1038548    443356     11.24    180172   1061104     13432
22:17:58      2599520   1343780     34.08      2088   1038552    443332     11.24    180172   1061296     13436
22:17:59      2583912   1359388     34.47      2088   1038556    459288     11.65    180172   1077052     13440
22:18:00      2592348   1350952     34.26      2088   1038556    451484     11.45    180172   1068988     13440
22:18:01      2584336   1358964     34.46      2088   1038572    462840     11.74    180172   1077040     10856
22:18:02      2579108   1364192     34.60      2088   1038572    466072     11.82    180172   1082084     10792
22:18:03      2578780   1364520     34.60      2088   1038572    462308     11.72    180172   1079888     10792
22:18:04      2594724   1348576     34.20      2088   1041252    446056     11.31    180172   1066256     13472
22:18:05      2587868   1355432     34.37      2088   1041256    452968     11.49    180172   1073152     13476
22:18:06      2593212   1350088     34.24      2088   1041268    446536     11.32    180172   1067024     13488
22:18:07      2576328   1366972     34.67      2088   1041268    464840     11.79    180172   1085116     13488
22:18:08      2587164   1356136     34.39      2088   1041284    453984     11.51    180172   1073284     13504
22:18:09      2576044   1367256     34.67      2088   1041284    466824     11.84    180172   1085996     13504
22:18:10      2578544   1364756     34.61      2088   1041288    462856     11.74    180172   1082964     13508
22:18:11      2588148   1355152     34.37      2088   1043960    449032     11.39    180172   1072084     16192
22:18:12      2581848   1361452     34.53      2088   1043980    455424     11.55    180172   1078964     13548
22:18:13      2571864   1371436     34.78      2088   1043980    466360     11.83    180172   1090080     13548
22:18:14      2578320   1364980     34.62      2088   1043996    461788     11.71    180172   1083696     13564
22:18:15      2571804   1371496     34.78      2088   1044000    465276     11.80    180172   1088668     13568
22:18:16      2582400   1360900     34.51      2088   1046676    452216     11.47    180172   1078120     16244
22:18:17      2582400   1360900     34.51      2088   1046680    452112     11.47    180172   1078320     13356
22:18:18      2581644   1361656     34.53      2088   1046688    452912     11.49    180172   1079208     13364
22:18:19      2573272   1370028     34.74      2088   1046692    461164     11.69    180172   1087320     13368
22:18:20      2566020   1377280     34.93      2088   1046696    470940     11.94    180172   1096208     13372
22:18:21      2565516   1377784     34.94      2088   1046704    471292     11.95    180172   1095160     13380
22:18:22      2557912   1385388     35.13      2088   1046712    478628     12.14    180172   1102576     10724
22:18:23      2558444   1384856     35.12      2088   1046712    478740     12.14    180172   1102864     10724
22:18:24      2568536   1374764     34.86      2088   1049384    463924     11.76    180172   1092712     13396
22:18:25      2563928   1379372     34.98      2088   1049408    466812     11.84    180172   1095748     13420
22:18:26      2559600   1383700     35.09      2088   1049412    474232     12.03    180172   1102620     13424
22:18:27      2547296   1396004     35.40      2088   1049416    487648     12.37    180172   1113824     10748
22:18:28      2551580   1391720     35.29      2088   1049424    481944     12.22    180172   1108912     10764
22:18:29      2553648   1389652     35.24      2088   1049428    482136     12.23    180172   1108984     10768
22:18:30      2564916   1378384     34.96      2088   1052112    464328     11.78    180172   1095624     13556
22:18:31      2564476   1378824     34.97      2088   1052120    465416     11.80    180172   1096788     13564
22:18:32      2553640   1389660     35.24      2088   1052124    477320     12.10    180172   1108152     13568
22:18:33      2546836   1396464     35.41      2088   1052140    484808     12.29    180172   1114152     13584
22:18:34      2547844   1395456     35.39      2088   1052140    485364     12.31    180172   1114792     13584
22:18:35      2555364   1387936     35.20      2088   1054816    471172     11.95    180172   1105224     16260
22:18:36      2558672   1384628     35.11      2088   1054824    468528     11.88    180172   1102768     16268
22:18:37      2547740   1395560     35.39      2088   1054840    480936     12.20    180172   1114212     13620
22:18:38      2549820   1393480     35.34      2088   1054844    475740     12.06    180172   1109148     13624
22:18:39      2541252   1402048     35.56      2088   1054856    488748     12.39    180172   1120636     13636
22:18:40      2541788   1401512     35.54      2088   1054856    488732     12.39    180172   1120684     13636
22:18:41      2553120   1390180     35.25      2088   1057536    470988     11.94    180172   1107580     16316
22:18:42      2544300   1399000     35.48      2088   1057552    480456     12.18    180172   1117164     13660
22:18:43      2541432   1401868     35.55      2088   1057556    483628     12.26    180172   1120512     13660
22:18:44      2539964   1403336     35.59      2088   1057568    485104     12.30    180172   1119916     13684
22:18:45      2533412   1409888     35.75      2088   1057568    492452     12.49    180172   1127072     13684
22:18:46      2548332   1394968     35.38      2088   1060248    472840     11.99    180172   1112072     16364
22:18:47      2547828   1395472     35.39      2088   1060264    472792     11.99    180172   1112496     13452
22:18:48      2538756   1404544     35.62      2088   1060264    483792     12.27    180172   1122900     13452
22:18:49      2541528   1401772     35.55      2088   1060280    481944     12.22    180172   1119660     13468
22:18:50      2533320   1409980     35.76      2088   1060284    489272     12.41    180172   1126876     13472
22:18:51      2518564   1424736     36.13      2088   1060284    505176     12.81    180172   1144060     13472
22:18:52      2543480   1399820     35.50      2088   1062960    474828     12.04    180172   1116924     16148
22:18:53      2542728   1400572     35.52      2088   1062976    475308     12.05    180172   1117644     16164
22:18:54      2539968   1403332     35.59      2088   1062976    478468     12.13    180172   1120660     16164
22:18:55      2529076   1414224     35.86      2088   1062980    490100     12.43    180172   1131924     16168
22:18:56      2534900   1408400     35.72      2088   1062980    484548     12.29    180172   1126344     16168
22:18:57      2522564   1420736     36.03      2088   1062996    498680     12.65    180172   1138776     16184
22:18:58      2522368   1420932     36.03      2088   1062996    498404     12.64    180172   1139932     13508
22:18:59      2532188   1411112     35.79      2088   1065676    483524     12.26    180172   1128456     16196
22:19:00      2528660   1414640     35.87      2088   1065692    487984     12.38    180172   1132668     16212
22:19:01      2528152   1415148     35.89      2088   1065696    488856     12.40    180172   1132904     16216
22:19:02      2525888   1417412     35.94      2088   1065708    493392     12.51    180172   1135804     16228
22:19:03      2525384   1417916     35.96      2088   1065716    491268     12.46    180172   1135728     13468
22:19:04      2530416   1412884     35.83      2088   1068392    482500     12.24    180172   1129608     16144
22:19:05      2530384   1412916     35.83      2088   1068392    482200     12.23    180172   1129852     16144
22:19:06      2530364   1412936     35.83      2088   1068408    482160     12.23    180172   1130036     16160
22:19:07      2528304   1414996     35.88      2088   1068408    485176     12.30    180172   1132848     16160
22:19:08      2520824   1422476     36.07      2088   1068412    492040     12.48    180172   1139372     13500
22:19:09      2520936   1422364     36.07      2088   1068424    494428     12.54    180172   1139976     13512
22:19:10      2421012   1522288     38.60      2088   1068428    591432     15.00    180172   1239008     13516
22:19:11      2525052   1418248     35.97      2088   1071108    484584     12.29    180172   1135344     16196
22:19:12      2525148   1418152     35.96      2088   1071116    484596     12.29    180172   1135548     16204
22:19:13      2525336   1417964     35.96      2088   1071120    484840     12.30    180172   1135584     13544
22:19:14      2522164   1421136     36.04      2088   1071124    488052     12.38    180172   1138700     13548
22:19:15      2512652   1430648     36.28      2088   1071128    498212     12.63    180172   1148280     13552
22:19:16      2517268   1426032     36.16      2088   1071128    490912     12.45    180172   1141136     13552
22:19:17      2508776   1434524     36.38      2088   1071144    505232     12.81    180172   1153380     13568
22:19:18      2513608   1429692     36.26      2088   1071144    498484     12.64    180172   1147776     10748
22:19:19      2515572   1427728     36.21      2088   1073820    492132     12.48    180172   1144920     13352
22:19:20      2509128   1434172     36.37      2088   1073836    497764     12.62    180172   1150676     13368
22:19:21      2504200   1439100     36.49      2088   1073840    505468     12.82    180172   1157800     13372
22:19:22      2497864   1445436     36.66      2088   1073848    512384     12.99    180172   1163104     13380
22:19:23      2497640   1445660     36.66      2088   1073856    513500     13.02    180172   1164480     10724
22:19:24      2500628   1442672     36.59      2088   1076468    504636     12.80    180172   1160332     13336
22:19:25      2509760   1433540     36.35      2088   1076540    494484     12.54    180172   1150552     13408
22:19:26      2496408   1446892     36.69      2088   1076552    508108     12.89    180172   1163752     13428
22:19:27      2502280   1441020     36.54      2088   1076556    505520     12.82    180172   1159556     13432
22:19:28      2494492   1448808     36.74      2088   1076568    510648     12.95    180172   1166728     13444
22:19:29      2496940   1446360     36.68      2088   1076568    508452     12.89    180172   1164460     13444
22:19:30      2500884   1442416     36.58      2088   1079248    500220     12.69    180172   1159560     16124
22:19:31      2502892   1440408     36.53      2088   1079256    497592     12.62    180172   1157316     16132
22:19:32      2501892   1441408     36.55      2088   1079268    499432     12.67    180172   1159064     16148
22:19:33      2492568   1450732     36.79      2088   1079276    508912     12.91    180172   1167624     13476
22:19:34      2491012   1452288     36.83      2088   1079284    511092     12.96    180172   1167752     13492
22:19:35      2492060   1451240     36.80      2088   1079284    508904     12.91    180172   1167160     13492
22:19:36      2468164   1475136     37.41      2088   1081960    532224     13.50    180172   1193164     16168
22:19:37      2499224   1444076     36.62      2088   1081964    499340     12.66    180172   1161144     16172
22:19:38      2498856   1444444     36.63      2088   1081972    499204     12.66    180172   1161188     16180
22:19:39      2496388   1446912     36.69      2088   1081980    501856     12.73    180172   1163872     13524
22:19:40      2489068   1454232     36.88      2088   1081984    510260     12.94    180172   1171860     13528
22:19:41      2489836   1453464     36.86      2088   1082000    511392     12.97    180172   1171144     13544
22:19:42      2481016   1462284     37.08      2088   1082000    518212     13.14    180172   1178896     13544
22:19:43      2493956   1449344     36.75      2088   1084676    502612     12.75    180172   1166184     16220
22:19:44      2493860   1449440     36.76      2088   1084684    502392     12.74    180172   1166444     13564
22:19:45      2491592   1451708     36.81      2088   1084692    505376     12.82    180172   1169368     13572
22:19:46      2481764   1461536     37.06      2088   1084700    516000     13.09    180172   1179960     13580
22:19:47      2482460   1460840     37.05      2088   1084712    516104     13.09    180172   1178180     13592
22:19:48      2476184   1467116     37.21      2088   1084720    523476     13.28    180172   1185512     13600
22:19:49      2488440   1454860     36.89      2088   1087400    505304     12.81    180172   1171608     13360
22:19:50      2488032   1455268     36.90      2088   1087416    505768     12.83    180172   1172620     13376
22:19:51      2487780   1455520     36.91      2088   1087416    505768     12.83    180172   1172640     13376
22:19:52      2476544   1466756     37.20      2088   1087416    518720     13.15    180172   1184648     13376
22:19:53      2478456   1464844     37.15      2088   1087432    519336     13.17    180172   1183416     13392
22:19:54      2467016   1476284     37.44      2088   1087436    528528     13.40    180172   1193220     13396
22:19:55      2376520   1566780     39.73      2088   1090052    612428     15.53    180172   1282396     16012
22:19:56      2481912   1461388     37.06      2088   1090120    508092     12.88    180172   1178120     16080
22:19:57      2481944   1461356     37.06      2088   1090132    507952     12.88    180172   1178100     16092
22:19:58      2481692   1461608     37.07      2088   1090132    508128     12.89    180172   1178164     16092
22:19:59      2471632   1471668     37.32      2088   1090136    520952     13.21    180172   1189052     13496
22:20:00      2471936   1471364     37.31      2088   1090152    521764     13.23    180172   1189980     13440
22:20:01      2464560   1478740     37.50      2088   1090152    526548     13.35    180172   1195836     13440
22:20:02      2467888   1475412     37.42      2088   1090200    522724     13.26    180308   1191740     13680
22:20:03      2477064   1466236     37.18      2088   1092812    511444     12.97    180308   1182924     16292
22:20:04      2476944   1466356     37.19      2088   1092880    511464     12.97    180308   1183008     13684
22:20:05      2476724   1466576     37.19      2088   1092884    511324     12.97    180308   1183132     13688
22:20:06      2474204   1469096     37.26      2088   1092888    514660     13.05    180308   1186716     13692
22:20:07      2464560   1478740     37.50      2088   1092896    523924     13.29    180308   1196312     13704
22:20:08      2464840   1478460     37.49      2088   1092912    523232     13.27    180308   1195496     13720
22:20:09      2449688   1493612     37.88      2088   1092912    540120     13.70    180308   1210244     11056
22:20:10      2470856   1472444     37.34      2088   1095528    514572     13.05    180308   1189172     13672
22:20:11      2470108   1473192     37.36      2088   1095596    515144     13.06    180308   1190236     13740
22:20:12      2470360   1472940     37.35      2088   1095608    514700     13.05    180308   1189800     13752
22:20:13      2467840   1475460     37.42      2088   1095608    517892     13.13    180308   1192956     13752
22:20:14      2456988   1486312     37.69      2088   1095612    527828     13.39    180308   1202772     11156
22:20:15      2460580   1482720     37.60      2088   1095628    528880     13.41    180308   1201424     11108
22:20:16      2448208   1495092     37.91      2088   1095628    540244     13.70    180308   1212632     11108
22:20:17      2451476   1491824     37.83      2088   1098300    532244     13.50    180308   1209440     13780
22:20:18      2464388   1478912     37.50      2088   1098308    517600     13.13    180308   1195612     13788
22:20:19      2462312   1480988     37.56      2088   1098324    520808     13.21    180308   1199036     13804
22:20:20      2449428   1493872     37.88      2088   1098324    534704     13.56    180308   1211968     10920
22:20:21      2451452   1491848     37.83      2088   1098340    531128     13.47    180308   1208384     10936
22:20:22      2441396   1501904     38.09      2088   1098340    545136     13.82    180308   1220280     10936
22:20:23      2379628   1563672     39.65      2088   1100956    601724     15.26    180308   1281016     13552
22:20:24      2458776   1484524     37.65      2088   1101028    521144     13.22    180308   1201252     13624
22:20:25      2458524   1484776     37.65      2088   1101040    521052     13.21    180308   1201248     13636
22:20:26      2440128   1503172     38.12      2088   1101044    540484     13.71    180308   1220984     13640
22:20:27      2450208   1493092     37.86      2088   1101060    532164     13.50    180308   1211192     13656
22:20:28      2435436   1507864     38.24      2088   1101060    545764     13.84    180308   1223876     13656
22:20:29      2432536   1510764     38.31      2088   1103736    546336     13.85    180308   1228576     16364
22:20:30      2453420   1489880     37.78      2088   1103740    524104     13.29    180308   1206400     13704
22:20:31      2452948   1490352     37.79      2088   1103748    524460     13.30    180308   1207444     13712
22:20:32      2433528   1509772     38.29      2088   1103756    544232     13.80    180308   1226664     13720
22:20:33      2443120   1500180     38.04      2088   1103772    537468     13.63    180308   1218500     13736
22:20:34      2431780   1511520     38.33      2088   1103776    548496     13.91    180308   1228944     13740
22:20:35      2347100   1596200     40.48      2088   1106392    628288     15.93    180308   1313552     13456
22:20:36      2447680   1495620     37.93      2088   1106464    526548     13.35    180308   1212516     13488
22:20:37      2447144   1496156     37.94      2088   1106472    526520     13.35    180308   1212664     13500
22:20:38      2447144   1496156     37.94      2088   1106472    527036     13.37    180308   1212916     13500
22:20:39      2433584   1509716     38.29      2088   1106480    542552     13.76    180308   1228204     13508
22:20:40      2439096   1504204     38.15      2088   1106492    538484     13.66    180308   1222508     13520
22:20:41      2425940   1517360     38.48      2088   1106492    551436     13.98    180308   1234616     13516
22:20:42      2441388   1501912     38.09      2088   1109108    530832     13.46    180308   1218336     16132
22:20:43      2441348   1501952     38.09      2088   1109172    530864     13.46    180308   1218808     16196
22:20:44      2440636   1502664     38.11      2088   1109184    531184     13.47    180308   1219384     16208
22:20:45      2431304   1511996     38.34      2088   1109192    540092     13.70    180308   1228300     13552
22:20:46      2429472   1513828     38.39      2088   1109200    544512     13.81    180308   1230580     13560
22:20:47      2416352   1526948     38.72      2088   1109212    557824     14.15    180308   1243980     13572
22:20:48      2335188   1608112     40.78      2088   1111824    634368     16.09    180308   1324940     16184
22:20:49      2436112   1507188     38.22      2088   1111892    533204     13.52    180308   1224136     16252
22:20:50      2435544   1507756     38.24      2088   1111904    533352     13.53    180308   1224828     13352
22:20:51      2432764   1510536     38.31      2088   1111908    536608     13.61    180308   1227892     13356
22:20:52      2415628   1527672     38.74      2088   1111908    554064     14.05    180308   1244568     13356
22:20:53      2424008   1519292     38.53      2088   1111924    548016     13.90    180308   1236868     13372
22:20:54      2415912   1527388     38.73      2088   1111924    556120     14.10    180308   1246108     13372
22:20:55      2385168   1558132     39.51      2088   1114536    581744     14.75    180308   1275788     13384
22:20:56      2429976   1513324     38.38      2088   1114608    535300     13.57    180308   1229848     13380
22:20:57      2430024   1513276     38.38      2088   1114616    535192     13.57    180308   1229832     13388
22:20:58      2430024   1513276     38.38      2088   1114616    535416     13.58    180308   1230044     13388
22:20:59      2418432   1524868     38.67      2088   1114624    548728     13.92    180308   1242308     13396
22:21:00      2420840   1522460     38.61      2088   1114628    548336     13.91    180308   1240596     10800
22:21:01      2414048   1529252     38.78      2088   1114644    556656     14.12    180308   1246364     10752
22:21:02      2409256   1534044     38.90      2088   1114644    557800     14.15    180308   1250552     10752
22:21:03      2424164   1519136     38.52      2088   1117260    540244     13.70    180308   1235776     13368
22:21:04      2423668   1519632     38.54      2088   1117324    540368     13.70    180308   1236236     13432
22:21:05      2423416   1519884     38.54      2088   1117336    540228     13.70    180308   1236320     13444
22:21:06      2422408   1520892     38.57      2088   1117340    543240     13.78    180308   1239228     10768
22:21:07      2407524   1535776     38.95      2088   1117344    557736     14.14    180308   1253892     10780
22:21:08      2404240   1539060     39.03      2088   1117356    560904     14.22    180308   1255656     10792
22:21:09      2400248   1543052     39.13      2088   1117356    566144     14.36    180308   1261264     10792
22:21:10      2399176   1544124     39.16      2088   1117360    568192     14.41    180308   1262308     10804
22:21:11      2407332   1535968     38.95      2088   1117360    557688     14.14    180308   1253660     10800
22:21:12      2413352   1529948     38.80      2088   1120036    546796     13.87    180308   1246168     13476
22:21:13      2414896   1528404     38.76      2088   1120056    545364     13.83    180308   1244868     13496
22:21:14      2405772   1537528     38.99      2088   1120056    555504     14.09    180308   1253996     13496
22:21:15      2402016   1541284     39.09      2088   1120068    559804     14.20    180308   1256372     13508
22:21:16      2398740   1544560     39.17      2088   1120068    560644     14.22    180308   1259136     10844
22:21:17      2385620   1557680     39.50      2088   1122680    572604     14.52    180308   1274220     13456
22:21:18      2410580   1532720     38.87      2088   1122744    547000     13.87    180308   1249520     13520
22:21:19      2410580   1532720     38.87      2088   1122760    546764     13.87    180308   1249300     13536
22:21:20      2404496   1538804     39.02      2088   1122764    553844     14.05    180308   1256016     13540
22:21:21      2402516   1540784     39.07      2088   1122780    558584     14.17    180308   1258808     10688
22:21:22      2394388   1548912     39.28      2088   1122780    565680     14.35    180308   1266108     10688
22:21:23      2321616   1621684     41.13      2088   1125456    634172     16.08    180308   1339088     13364
22:21:24      2405060   1538240     39.01      2088   1125456    549656     13.94    180308   1255000     13364
22:21:25      2405228   1538072     39.00      2088   1125464    549228     13.93    180308   1254480     13376
22:21:26      2402532   1540768     39.07      2088   1125480    552276     14.01    180308   1257900     10792
22:21:27      2389148   1554152     39.41      2088   1125480    567104     14.38    180308   1271728     10728
22:21:28      2392924   1550376     39.32      2088   1125496    564948     14.33    180308   1267736     10744
22:21:29      2383568   1559732     39.55      2088   1125496    574716     14.57    180308   1277036     10744
22:21:30      2336916   1606384     40.74      2088   1128108    615716     15.61    180308   1322324     13356
22:21:31      2399224   1544076     39.16      2088   1128176    553860     14.05    180308   1261264     13424
22:21:32      2398720   1544580     39.17      2088   1128192    553640     14.04    180308   1261232     13440
22:21:33      2394432   1548868     39.28      2088   1128196    558340     14.16    180308   1265824     13444
22:21:34      2390656   1552644     39.37      2088   1128212    564536     14.32    180308   1270452     13460
22:21:35      2378208   1565092     39.69      2088   1128212    574984     14.58    180308   1281104     13460
22:21:36      2375284   1568016     39.76      2088   1128212    579380     14.69    180308   1285636     10796
22:21:37      2392248   1551052     39.33      2088   1130832    556776     14.12    180308   1267376     13416
22:21:38      2392064   1551236     39.34      2088   1130904    557012     14.13    180308   1267688     13488
22:21:39      2392664   1550636     39.32      2088   1130916    556416     14.11    180308   1267264     13500
22:21:40      2379812   1563488     39.65      2088   1130920    570828     14.48    180308   1280828     13504
22:21:41      2384600   1558700     39.53      2088   1130936    568448     14.42    180308   1277028     13496
22:21:42      2374044   1569256     39.80      2088   1130936    577700     14.65    180308   1285980     13504
22:21:43      2245480   1697820     43.06      2088   1133548    701596     17.79    180308   1414044     16116
22:21:44      2385852   1557448     39.50      2088   1133616    560808     14.22    180308   1273604     16184
22:21:45      2386452   1556848     39.48      2088   1133620    560284     14.21    180308   1273648     16188
22:21:46      2383388   1559912     39.56      2088   1133632    563300     14.28    180308   1276616     16200
22:21:47      2371992   1571308     39.85      2088   1133632    574380     14.57    180308   1287472     13536
22:21:48      2380540   1562760     39.63      2088   1133648    565340     14.34    180308   1279088     13552
22:21:49      2370464   1572836     39.89      2088   1133652    579724     14.70    180308   1291704     13556
22:21:50      2280940   1662360     42.16      2088   1136260    663880     16.84    180308   1379536     16164
22:21:51      2381040   1562260     39.62      2088   1136328    562884     14.27    180308   1279056     16232
22:21:52      2378236   1565064     39.69      2088   1136344    566028     14.35    180308   1282252     13344
22:21:53      2366372   1576928     39.99      2088   1136344    577364     14.64    180308   1293352     13344
22:21:54      2370708   1572592     39.88      2088   1136360    575944     14.61    180308   1290192     13360
22:21:55      2361596   1581704     40.11      2088   1136360    584100     14.81    180308   1299136     13360
22:21:56      2325300   1618000     41.03      2088   1138972    617704     15.66    180308   1335452     15972
22:21:57      2374960   1568340     39.77      2088   1139044    566644     14.37    180308   1285088     13372
22:21:58      2374708   1568592     39.78      2088   1139056    566456     14.37    180308   1285064     13396
22:21:59      2365332   1577968     40.02      2088   1139060    575804     14.60    180308   1294304     13400
22:22:00      2363872   1579428     40.05      2088   1139076    580224     14.71    180308   1296776     13416
22:22:01      2361904   1581396     40.10      2088   1139076    582528     14.77    180308   1298600     13416
22:22:02      2356556   1586744     40.24      2088   1139076    585196     14.84    180308   1303036     10752
22:22:03      2369952   1573348     39.90      2088   1141692    569076     14.43    180308   1289532     13368
22:22:04      2369456   1573844     39.91      2088   1141760    569396     14.44    180308   1290012     13436
22:22:05      2369708   1573592     39.91      2088   1141772    569448     14.44    180308   1290516     13448
22:22:06      2366904   1576396     39.98      2088   1141776    572528     14.52    180308   1293632     13452
22:22:07      2358708   1584592     40.18      2088   1141776    581344     14.74    180308   1302176     13452
22:22:08      2359628   1583672     40.16      2088   1141792    581480     14.75    180308   1300608     13468
22:22:09      2351468   1591832     40.37      2088   1141792    590896     14.98    180308   1310108     13468
22:22:10      2275104   1668196     42.30      2088   1144392    660520     16.75    180308   1384008     16068
22:22:11      2358864   1584436     40.18      2088   1144464    576864     14.63    180308   1300924     16140
22:22:12      2359872   1583428     40.15      2088   1144484    576228     14.61    180308   1300688     13488
22:22:13      2346516   1596784     40.49      2088   1144484    591320     15.00    180308   1314076     13496
22:22:14      2353808   1589492     40.31      2088   1144492    582548     14.77    180308   1305432     13504
22:22:15      2339924   1603376     40.66      2088   1144504    599288     15.20    180308   1320712     13516
22:22:16      2338324   1604976     40.70      2088   1144504    600712     15.23    180308   1322176     13516
22:22:17      2304896   1638404     41.55      2088   1147180    630252     15.98    180308   1355936     13592
22:22:18      2356052   1587248     40.25      2088   1147200    577652     14.65    180308   1303640     13548
22:22:19      2354036   1589264     40.30      2088   1147204    580284     14.72    180308   1306356     13552
22:22:20      2344152   1599148     40.55      2088   1147204    590212     14.97    180308   1316628     13552
22:22:21      2349996   1593304     40.41      2088   1147220    584228     14.82    180308   1310520     13568
22:22:22      2313180   1630120     41.34      2088   1147220    622452     15.79    180308   1348120     10968
22:22:23      2351388   1591912     40.37      2088   1149896    578632     14.67    180308   1307996     13580
22:22:24      2351484   1591816     40.37      2088   1149896    578408     14.67    180308   1308048     13580
22:22:25      2350980   1592320     40.38      2088   1149912    579004     14.68    180308   1308780     13596
22:22:26      2339640   1603660     40.67      2088   1149912    591068     14.99    180308   1320484     13596
22:22:27      2340144   1603156     40.66      2088   1149932    591664     15.00    180308   1319288     12316
22:22:28      2336360   1606940     40.75      2088   1149936    594168     15.07    180308   1323344     10688
22:22:29      2345484   1597816     40.52      2088   1152616    582964     14.78    180308   1314948     13368
22:22:30      2344676   1598624     40.54      2088   1152616    582972     14.78    180308   1315308     13368
22:22:31      2343720   1599580     40.56      2088   1152628    583248     14.79    180308   1315824     13380
22:22:32      2343720   1599580     40.56      2088   1152632    583232     14.79    180308   1315824     13384
22:22:33      2334840   1608460     40.79      2088   1152636    593160     15.04    180308   1325224     13376
22:22:34      2334552   1608748     40.80      2088   1152648    594944     15.09    180308   1325440     13496
22:22:35      2338932   1604368     40.69      2088   1152656    589256     14.94    180308   1321388     13504
22:22:36      2204868   1738432     44.09      2088   1152660    723028     18.34    180308   1455456     13508
22:22:37      2338768   1604532     40.69      2088   1155328    585700     14.85    180308   1320956     16176
22:22:38      2338420   1604880     40.70      2088   1155336    585576     14.85    180308   1320940     13520
22:22:39      2338420   1604880     40.70      2088   1155340    586016     14.86    180308   1321648     13524
22:22:40      2337104   1606196     40.73      2088   1155344    589140     14.94    180308   1324592     13536
22:22:41      2328324   1614976     40.95      2088   1155348    598784     15.18    180308   1331520     13540
22:22:42      2324732   1618568     41.05      2088   1155360    602928     15.29    180308   1335620     13552
22:22:43      2315212   1628088     41.29      2088   1155364    609472     15.46    180308   1343488     10876
22:22:44      2332844   1610456     40.84      2088   1158040    589240     14.94    180308   1326560     13560
22:22:45      2332340   1610960     40.85      2088   1158056    589708     14.95    180308   1327600     13580
22:22:46      2332088   1611212     40.86      2088   1158056    589476     14.95    180308   1327692     13580
22:22:47      2328004   1615296     40.96      2088   1158060    594724     15.08    180308   1331972     13588
22:22:48      2321536   1621764     41.13      2088   1158076    602460     15.28    180308   1338084     11004
22:22:49      2308864   1634436     41.45      2088   1158076    615056     15.60    180308   1350320     10940
22:22:50      2263292   1680008     42.60      2088   1158076    658664     16.70    180308   1395012     10940
22:22:51      2326284   1617016     41.01      2088   1160760    593432     15.05    180308   1332756     13624
22:22:52      2326284   1617016     41.01      2088   1160776    593688     15.06    180308   1333460     13640
22:22:53      2326284   1617016     41.01      2088   1160776    593688     15.06    180308   1333460     11040
22:22:54      2324016   1619284     41.06      2088   1160776    596784     15.13    180308   1336640     10976
22:22:55      2318464   1624836     41.20      2088   1160780    601248     15.25    180308   1341048     10980
22:22:56      2302104   1641196     41.62      2088   1160796    619372     15.71    180308   1357448     10996
22:22:57      2308884   1634416     41.45      2088   1160804    611240     15.50    180308   1351324     11004
22:22:58      2196740   1746560     44.29      2088   1163468    720400     18.27    180308   1463880     13452
22:22:59      2321228   1622072     41.13      2088   1163476    594640     15.08    180308   1338504     13464
22:23:00      2320724   1622576     41.15      2088   1163488    594692     15.08    180308   1338852     13476
22:23:01      2318204   1625096     41.21      2088   1163488    598052     15.17    180308   1341880     13476
22:23:02      2306360   1636940     41.51      2088   1163492    610772     15.49    180308   1352956     13480
22:23:03      2310448   1632852     41.41      2088   1163508    608984     15.44    180308   1349896     10832
22:23:04      2301108   1642192     41.65      2088   1163508    618740     15.69    180308   1359496     10832
22:23:05      2280404   1662896     42.17      2088   1166176    633532     16.07    180308   1379116     13500
22:23:06      2315052   1628248     41.29      2088   1166188    598772     15.18    180308   1344440     13512
22:23:07      2314960   1628340     41.29      2088   1166196    598936     15.19    180308   1344936     13520
22:23:08      2314456   1628844     41.31      2088   1166200    599128     15.19    180308   1345384     10752
22:23:09      2307684   1635616     41.48      2088   1166204    607532     15.41    180308   1353428     10756
22:23:10      2305380   1637920     41.54      2088   1166220    609696     15.46    180308   1353696     10772
22:23:11      2297312   1645988     41.74      2088   1166224    620364     15.73    180308   1364152     10776
22:23:12      2221896   1721404     43.65      2088   1168832    690524     17.51    180308   1438324     13384
22:23:13      2308636   1634664     41.45      2088   1168900    602584     15.28    180308   1350844     13452
22:23:14      2308888   1634412     41.45      2088   1168912    602316     15.27    180308   1351088     13444
22:23:15      2308332   1634968     41.46      2088   1168912    602508     15.28    180308   1351288     13452
22:23:16      2291920   1651380     41.88      2088   1168916    619528     15.71    180308   1368192     13456
22:23:17      2298556   1644744     41.71      2088   1168932    615636     15.61    180308   1362604     13472
22:23:18      2285948   1657352     42.03      2088   1168936    627872     15.92    180308   1374568     13484
22:23:19      2248636   1694664     42.98      2088   1171548    660792     16.76    180308   1411664     13424
22:23:20      2302512   1640788     41.61      2088   1171620    605860     15.36    180308   1356896     13496
22:23:21      2302564   1640736     41.61      2088   1171632    606120     15.37    180308   1357632     13508
22:23:22      2301808   1641492     41.63      2088   1171636    606184     15.37    180308   1357820     13512
22:23:23      2285172   1658128     42.05      2088   1171636    624112     15.83    180308   1374620     13512
22:23:24      2293736   1649564     41.83      2088   1171652    618440     15.68    180308   1366984     10864
22:23:25      2282592   1660708     42.11      2088   1171652    629264     15.96    180308   1378800     10864
22:23:26      2170932   1772368     44.95      2088   1174320    733756     18.61    180308   1487772     13532
22:23:27      2296256   1647044     41.77      2088   1174336    608908     15.44    180308   1363440     13548
22:23:28      2290712   1652588     41.91      2088   1174352    614144     15.57    180308   1368716     13564
22:23:29      2284400   1658900     42.07      2088   1174356    621796     15.77    180308   1375736     10684
22:23:30      2283936   1659364     42.08      2088   1174372    624384     15.83    180308   1376840     10700
22:23:31      2282628   1660672     42.11      2088   1174372    623660     15.82    180308   1377568     10700
22:23:32      2192172   1751128     44.41      2088   1176984    712384     18.07    180308   1468956     13312
22:23:33      2290672   1652628     41.91      2088   1177052    611716     15.51    180308   1369028     13380
22:23:34      2290200   1653100     41.92      2088   1177064    611112     15.50    180308   1368652     13392
22:23:35      2290700   1652600     41.91      2088   1177064    611356     15.50    180308   1368752     13392
22:23:36      2275804   1667496     42.29      2088   1177072    628488     15.94    180308   1384664     13404
22:23:37      2282136   1661164     42.13      2088   1177080    623860     15.82    180308   1378352     13412
22:23:38      2270488   1672812     42.42      2088   1177084    635392     16.11    180308   1390252     13416
22:23:39      2167092   1776208     45.04      2088   1179696    732564     18.58    180308   1491900     13364
22:23:40      2285088   1658212     42.05      2088   1179764    614996     15.60    180308   1374556     13432
22:23:41      2285216   1658084     42.05      2088   1179776    615044     15.60    180308   1374804     13444
22:23:42      2284396   1658904     42.07      2088   1179780    615620     15.61    180308   1375520     13448
22:23:43      2276832   1666468     42.26      2088   1179784    624500     15.84    180308   1383520     13452
22:23:44      2275072   1668228     42.31      2088   1179796    629644     15.97    180308   1386652     10800
22:23:45      2254344   1688956     42.83      2088   1179796    647772     16.43    180308   1405340     10800
22:23:46      2178808   1764492     44.75      2088   1182472    719664     18.25    180308   1481524     13476
22:23:47      2279860   1663440     42.18      2088   1182480    617792     15.67    180308   1380004     13484
22:23:48      2279304   1663996     42.20      2088   1182480    617564     15.66    180308   1380296     13484
22:23:49      2279104   1664196     42.20      2088   1182492    617596     15.66    180308   1380364     10808
22:23:50      2276584   1666716     42.27      2088   1182492    620644     15.74    180308   1383364     10816
22:23:51      2267436   1675864     42.50      2088   1182500    630132     15.98    180308   1392616     10832
22:23:52      2272960   1670340     42.36      2088   1182512    625100     15.85    180308   1387460     10844
22:23:53      2257424   1685876     42.75      2088   1182516    640240     16.24    180308   1402356     10848
22:23:54      2274244   1669056     42.33      2088   1185188    620612     15.74    180308   1385472     13520
22:23:55      2273552   1669748     42.34      2088   1185192    620868     15.74    180308   1385700     13524
22:23:56      2273300   1670000     42.35      2088   1185196    621048     15.75    180308   1386348     13528
22:23:57      2270296   1673004     42.43      2088   1185208    624192     15.83    180308   1389328     13540
22:23:58      2257172   1686128     42.76      2088   1185208    639692     16.22    180308   1404208     13540
22:23:59      2253088   1690212     42.86      2088   1185224    644612     16.35    180308   1406312     13556
22:24:00      2246176   1697124     43.04      2088   1185228    649776     16.48    180308   1412576     10676
22:24:01      2249360   1693940     42.96      2088   1185228    648932     16.46    180308   1411928     10680
22:24:02      2097152   1846148     46.82      2088   1185240    799480     20.27    180308   1564092     10692
22:24:03      2266488   1676812     42.52      2088   1187908    625272     15.86    180308   1392988     13360
22:24:04      2266688   1676612     42.52      2088   1187916    624936     15.85    180308   1393024     13368
22:24:05      2264724   1678576     42.57      2088   1187928    627824     15.92    180308   1395748     10712
22:24:06      2255092   1688208     42.81      2088   1187932    637632     16.17    180308   1404792     10716
22:24:07      2253132   1690168     42.86      2088   1187948    643124     16.31    180308   1406880     10732
22:24:08      2244060   1699240     43.09      2088   1187948    650688     16.50    180308   1415560     10736
22:24:09      2197920   1745380     44.26      2088   1190560    691672     17.54    180308   1462364     13348
22:24:10      2262244   1681056     42.63      2088   1190624    626064     15.88    180308   1397184     10812
22:24:11      2261928   1681372     42.64      2088   1190640    626736     15.89    180308   1397464     10764
22:24:12      2261928   1681372     42.64      2088   1190644    626644     15.89    180308   1397696     10768
22:24:13      2250580   1692720     42.93      2088   1190648    639076     16.21    180308   1409520     10772
22:24:14      2254172   1689128     42.84      2088   1190656    637260     16.16    180308   1405940     10780
22:24:15      2246288   1697012     43.04      2088   1190664    644008     16.33    180308   1413848     10788
22:24:16      2238424   1704876     43.23      2088   1193272    648376     16.44    180308   1420700     13396
22:24:17      2254352   1688948     42.83      2088   1193340    631396     16.01    180308   1404668     13464
22:24:18      2254652   1688648     42.82      2088   1193340    631148     16.01    180308   1404932     13464
22:24:19      2254604   1688696     42.82      2088   1193356    631132     16.01    180308   1404876     13480
22:24:20      2254604   1688696     42.82      2088   1193356    631372     16.01    180308   1404976     10808
22:24:21      2237972   1705328     43.25      2088   1193356    650164     16.49    180308   1423136     10808
22:24:22      2246288   1697012     43.04      2088   1193376    643084     16.31    180308   1414544     10828
22:24:23      2238728   1704572     43.23      2088   1193376    651492     16.52    180308   1422444     10828
22:24:24      2071312   1871988     47.47      2088   1195976    813072     20.62    180308   1588080     13428
22:24:25      2250556   1692744     42.93      2088   1196052    634512     16.09    180308   1409836     10832
22:24:26      2249044   1694256     42.97      2088   1196056    634720     16.10    180308   1410564     10836
22:24:27      2248740   1694560     42.97      2088   1196068    634848     16.10    180308   1410820     10848
22:24:28      2247436   1695864     43.01      2088   1196068    637860     16.18    180308   1413880     10848
22:24:29      2238712   1704588     43.23      2088   1196088    648808     16.45    180308   1422556     10868
22:24:30      2236720   1706580     43.28      2088   1196088    650276     16.49    180308   1424476     10668
22:24:31      2151960   1791340     45.43      2088   1198760    728768     18.48    180308   1507380     13344
22:24:32      2243396   1699904     43.11      2088   1198768    637524     16.17    180308   1416196     13352
22:24:33      2242736   1700564     43.13      2088   1198776    637752     16.17    180308   1416852     13360
22:24:34      2242484   1700816     43.13      2088   1198784    637912     16.18    180308   1417040     13468
22:24:35      2241476   1701824     43.16      2088   1198788    640772     16.25    180308   1419880     10880
22:24:36      2231384   1711916     43.41      2088   1198792    650288     16.49    180308   1428732     10820
22:24:37      2232232   1711068     43.39      2088   1198804    652484     16.55    180308   1428968     10832
22:24:38      2196920   1746380     44.29      2088   1198808    685796     17.39    180308   1463216     10836
22:24:39      2237580   1705720     43.26      2088   1201484    641296     16.26    180308   1421676     13512
22:24:40      2237484   1705816     43.26      2088   1201500    641100     16.26    180308   1421796     13536
22:24:41      2236980   1706320     43.27      2088   1201500    641516     16.27    180308   1422520     10868
22:24:42      2220036   1723264     43.70      2088   1201508    658408     16.70    180308   1438876     10876
22:24:43      2225332   1717968     43.57      2088   1201512    654020     16.59    180308   1434796     10880
22:24:44      2214804   1728496     43.83      2088   1201524    666328     16.90    180308   1445600     10892
22:24:45      2211268   1732032     43.92      2088   1201524    669588     16.98    180308   1448444     10892
22:24:46      2217252   1726048     43.77      2088   1201524    661764     16.78    180308   1442608     10892
22:24:47      2119768   1823532     46.24      2088   1204136    755856     19.17    180308   1539996     13504
22:24:48      2229596   1713704     43.46      2088   1204212    645080     16.36    180308   1429708     13580
22:24:49      2222588   1720712     43.64      2088   1204220    653212     16.57    180308   1437068     13588
22:24:50      2218308   1724992     43.74      2088   1204232    659728     16.73    180308   1441680     13600
22:24:51      2186808   1756492     44.54      2088   1204248    690508     17.51    180308   1473116     10940
22:24:52      2225084   1718216     43.57      2088   1206912    648700     16.45    180308   1434248     13612
22:24:53      2225020   1718280     43.57      2088   1206916    648020     16.43    180308   1434468     13616
22:24:54      2224852   1718448     43.58      2088   1206924    648020     16.43    180308   1434612     13624
22:24:55      2224852   1718448     43.58      2088   1206928    647988     16.43    180308   1434584     13628
22:24:56      2212952   1730348     43.88      2088   1206932    659848     16.73    180308   1446336     10972
22:24:57      2214016   1729284     43.85      2088   1206944    661820     16.78    180308   1446268     10984
22:24:58      2206356   1736944     44.05      2088   1206952    666656     16.91    180308   1452732     10992
22:24:59      2104372   1838928     46.63      2088   1209624    767012     19.45    180308   1556020     13664
22:25:00      2220796   1722504     43.68      2088   1209628    650216     16.49    180308   1439480     13668
22:25:01      2220196   1723104     43.70      2088   1209632    650520     16.50    180308   1440120     13476
22:25:02      2218780   1724520     43.73      2088   1209648    651712     16.53    180308   1441316     13472
22:25:03      2203864   1739436     44.11      2088   1209652    667492     16.93    180308   1456644     13476
22:25:04      2210136   1733164     43.95      2088   1209656    660444     16.75    180308   1449728     13480
22:25:05      2196736   1746564     44.29      2088   1209668    675996     17.14    180308   1462876     13492
22:25:06      2185748   1757552     44.57      2088   1209668    685788     17.39    180308   1474356     10792
22:25:07      2212504   1730796     43.89      2088   1212348    655068     16.61    180308   1446528     13404
22:25:08      2212536   1730764     43.89      2088   1212348    655176     16.61    180308   1447276     13404
22:25:09      2212504   1730796     43.89      2088   1212364    654716     16.60    180308   1446836     13420
22:25:10      2210488   1732812     43.94      2088   1212364    657860     16.68    180308   1449936     13420
22:25:11      2197792   1745508     44.27      2088   1212372    671208     17.02    180308   1463276     10760
22:25:12      2201364   1741936     44.17      2088   1212376    667204     16.92    180308   1457704     10764
22:25:13      2190548   1752752     44.45      2088   1212388    680104     17.25    180308   1470456     10776
22:25:14      2071376   1871924     47.47      2088   1215060    794032     20.14    180308   1588488     13448
22:25:15      2207424   1735876     44.02      2088   1215064    656968     16.66    180308   1452180     13452
22:25:16      2206952   1736348     44.03      2088   1215080    657192     16.67    180308   1452576     13468
22:25:17      2190972   1752328     44.44      2088   1215088    674388     17.10    180308   1468632     13476
22:25:18      2199140   1744160     44.23      2088   1215104    669368     16.97    180308   1461996     13492
22:25:19      2190240   1753060     44.46      2088   1215104    675404     17.13    180308   1469684     13492
22:25:20      2153016   1790284     45.40      2088   1217716    709824     18.00    180308   1506896     16104
22:25:21      2201716   1741584     44.17      2088   1217784    659996     16.74    180308   1457584     16172
22:25:22      2201400   1741900     44.17      2088   1217796    660272     16.74    180308   1458140     13504
22:25:23      2201400   1741900     44.17      2088   1217796    660272     16.74    180308   1458140     13512
22:25:24      2199132   1744168     44.23      2088   1217800    663684     16.83    180308   1461464     13516
22:25:25      2187748   1755552     44.52      2088   1217804    675436     17.13    180308   1472232     13520
22:25:26      2194776   1748524     44.34      2088   1217816    669992     16.99    180308   1466368     13532
22:25:27      2183708   1759592     44.62      2088   1217820    679212     17.22    180308   1476332     10868
22:25:28      2126560   1816740     46.07      2088   1220428    731980     18.56    180308   1532076     13480
22:25:29      2196084   1747216     44.31      2088   1220500    662980     16.81    180308   1463368     13552
22:25:30      2195580   1747720     44.32      2088   1220512    663232     16.82    180308   1463792     13564
22:25:31      2195580   1747720     44.32      2088   1220512    663232     16.82    180308   1463792     13564
22:25:32      2176376   1766924     44.81      2088   1220512    682516     17.31    180308   1482592     10764
22:25:33      2184492   1758808     44.60      2088   1220528    677584     17.18    180308   1476032     10704
22:25:34      2175860   1767440     44.82      2088   1220532    686312     17.40    180308   1484928     10708
22:25:35      2174064   1769236     44.87      2088   1220532    683940     17.34    180308   1483944     10708
22:25:36      2075368   1867932     47.37      2088   1223208    782228     19.84    180308   1584824     13384
22:25:37      2189776   1753524     44.47      2088   1223212    666040     16.89    180308   1469416     10720
22:25:38      2189776   1753524     44.47      2088   1223224    665884     16.89    180308   1469400     10732
22:25:39      2189524   1753776     44.47      2088   1223224    666704     16.91    180308   1469900     10732
22:25:40      2172232   1771068     44.91      2088   1223232    685940     17.40    180308   1488252     10740
22:25:41      2176668   1766632     44.80      2088   1223240    681952     17.29    180308   1482640     10748
22:25:42      2170056   1773244     44.97      2088   1223248    682444     17.31    180308   1484960     10744
22:25:43      2131052   1812248     45.96      2088   1225924    723300     18.34    180308   1529240     13420
22:25:44      2184600   1758700     44.60      2088   1225924    668344     16.95    180308   1474524     13424
22:25:45      2184380   1758920     44.61      2088   1225928    668268     16.95    180308   1474764     13428
22:25:46      2184120   1759180     44.61      2088   1225936    668740     16.96    180308   1475000     13436
22:25:47      2181200   1762100     44.69      2088   1225940    672652     17.06    180308   1478848     10776
22:25:48      2166504   1776796     45.06      2088   1225944    688864     17.47    180308   1494152     10780
22:25:49      2172616   1770684     44.90      2088   1225952    683692     17.34    180308   1487468     10788
22:25:50      2161568   1781732     45.18      2088   1225960    694988     17.62    180308   1499368     10796
22:25:51      2105560   1837740     46.60      2088   1228636    743712     18.86    180308   1553024     13472
22:25:52      2176876   1766424     44.80      2088   1228640    672632     17.06    180308   1482108     10812
22:25:53      2177940   1765360     44.77      2088   1228660    671984     17.04    180308   1481372     10832
22:25:54      2174916   1768384     44.85      2088   1228664    675736     17.14    180308   1485284     10840
22:25:55      2161096   1782204     45.20      2088   1228664    689912     17.50    180308   1498484     10840
22:25:56      2171384   1771916     44.93      2088   1228684    680160     17.25    180308   1488728     10860
22:25:57      2162000   1781300     45.17      2088   1228684    689932     17.50    180308   1497820     10844
22:25:58      1998664   1944636     49.31      2088   1231356    849576     21.54    180308   1660208     13524
22:25:59      2171488   1771812     44.93      2088   1231364    676768     17.16    180308   1487580     13532
22:26:00      2171364   1771936     44.94      2088   1231376    676612     17.16    180308   1487636     13544
22:26:01      2171364   1771936     44.94      2088   1231376    676612     17.16    180308   1487636     13544
22:26:02      2171112   1772188     44.94      2088   1231376    676740     17.16    180308   1488036     13544
22:26:03      2168104   1775196     45.02      2088   1231380    680552     17.26    180308   1491800     10680
22:26:04      2156732   1786568     45.31      2088   1231384    692668     17.57    180308   1503508     10684
22:26:05      2153464   1789836     45.39      2088   1231396    697704     17.69    180308   1506660     10696
22:26:06      2149628   1793672     45.49      2088   1231396    702376     17.81    180308   1511004     10696
22:26:07      2152420   1790880     45.42      2088   1231400    696932     17.67    180308   1507344     10700
22:26:08      2027624   1915676     48.58      2088   1234072    817788     20.74    180308   1631196     10708
22:26:09      2162188   1781112     45.17      2088   1234076    683012     17.32    180308   1496964     10712
22:26:10      2152624   1790676     45.41      2088   1234096    694172     17.60    180308   1506884     10732
22:26:11      2154692   1788608     45.36      2088   1234104    695192     17.63    180308   1505884     10740
22:26:12      2081360   1861940     47.22      2088   1234104    766816     19.45    180308   1579260     10740
22:26:13      2109568   1833732     46.50      2088   1236780    733864     18.61    180308   1549032     13416
22:26:14      2157716   1785584     45.28      2088   1236784    685752     17.39    180308   1501476     13420
22:26:15      2157716   1785584     45.28      2088   1236796    685484     17.38    180308   1501284     13432
22:26:16      2157716   1785584     45.28      2088   1236796    685452     17.38    180308   1501276     13432
22:26:17      2155764   1787536     45.33      2088   1236800    688084     17.45    180308   1503804     13440
22:26:18      2146808   1796492     45.56      2088   1236804    695196     17.63    180308   1511908     10776
22:26:19      2149212   1794088     45.50      2088   1236816    696648     17.67    180308   1511504     10788
22:26:20      2141028   1802272     45.70      2088   1236820    700660     17.77    180308   1517780     10792
22:26:21      2125956   1817344     46.09      2088   1239492    715200     18.14    180308   1534360     13464
22:26:22      2152636   1790664     45.41      2088   1239496    687308     17.43    180308   1506704     13468
22:26:23      2152416   1790884     45.42      2088   1239508    687236     17.43    180308   1506932     10816
22:26:24      2152164   1791136     45.42      2088   1239508    687444     17.43    180308   1507332     10816
22:26:25      2149896   1793404     45.48      2088   1239512    690444     17.51    180308   1510232     10820
22:26:26      2137044   1806256     45.81      2088   1239516    704328     17.86    180308   1522656     10824
22:26:27      2142272   1801028     45.67      2088   1239532    700644     17.77    180308   1517320     10840
22:26:28      2133556   1809744     45.89      2088   1239532    710764     18.02    180308   1527252      8164
22:26:29      1952368   1990932     50.49      2088   1239532    890024     22.57    180308   1708068      8172
22:26:30      2146400   1796900     45.57      2088   1242212    691520     17.54    180308   1512600     10852
22:26:31      2146368   1796932     45.57      2088   1242228    691356     17.53    180308   1512880     10968
22:26:32      2145896   1797404     45.58      2088   1242232    691580     17.54    180308   1513340     10988
22:26:33      2131280   1812020     45.95      2088   1242236    707832     17.95    180308   1528988     10796
22:26:34      2137108   1806192     45.80      2088   1242252    703156     17.83    180308   1522660     10812
22:26:35      2122212   1821088     46.18      2088   1242252    716504     18.17    180308   1536436     10812
22:26:36      2123972   1819328     46.14      2088   1242252    716792     18.18    180308   1536884     10812
22:26:37      2123876   1819424     46.14      2088   1242252    716776     18.18    180308   1536868     10812
22:26:38      1990624   1952676     49.52      2088   1242252    847940     21.50    180308   1669652      8212
22:26:39      2139076   1804224     45.75      2088   1244940    695336     17.63    180308   1520256     10836
22:26:40      2137580   1805720     45.79      2088   1244952    697124     17.68    180308   1522168     10848
22:26:41      2124932   1818368     46.11      2088   1244952    710984     18.03    180308   1535260     10848
22:26:42      2117656   1825644     46.30      2088   1244968    719904     18.26    180308   1542408     10864
22:26:43      2122644   1820656     46.17      2088   1244968    712520     18.07    180308   1537140      8264
22:26:44      1964620   1978680     50.18      2088   1247584    866392     21.97    180308   1693776     10816
22:26:45      2134060   1809240     45.88      2088   1247664    697112     17.68    180308   1524708     10896
22:26:46      2134280   1809020     45.88      2088   1247668    697080     17.68    180308   1524848     10900
22:26:47      2132264   1811036     45.93      2088   1247668    700064     17.75    180308   1527648     10900
22:26:48      2121652   1821648     46.20      2088   1247668    710984     18.03    180308   1538248     10900
22:26:49      2124452   1818848     46.13      2088   1247688    709776     18.00    180308   1535192     10920
22:26:50      2112808   1830492     46.42      2088   1247688    721932     18.31    180308   1546984     10920
22:26:51      2123316   1819984     46.15      2088   1250296    706028     17.90    180308   1535344     13528
22:26:52      2128980   1814320     46.01      2088   1250368    700780     17.77    180308   1530104     13600
22:26:53      2128632   1814668     46.02      2088   1250380    701052     17.78    180308   1530652     13612
22:26:54      2125956   1817344     46.09      2088   1250380    704164     17.86    180308   1533864     10948
22:26:55      2112592   1830708     46.43      2088   1250388    719112     18.24    180308   1548368     10956
22:26:56      2116332   1826968     46.33      2088   1250400    715732     18.15    180308   1543304     10968
22:26:57      2113016   1830284     46.42      2088   1250400    717392     18.19    180308   1546928     10968
22:26:58      1932880   2010420     50.98      2088   1253016    895412     22.71    180308   1726924     13584
22:26:59      2122892   1820408     46.16      2088   1253084    703876     17.85    180308   1535976     13636
22:27:00      2122388   1820912     46.18      2088   1253096    703928     17.85    180308   1536556     13656
22:27:01      2122388   1820912     46.18      2088   1253096    703928     17.85    180308   1536496     13656
22:27:02      2122388   1820912     46.18      2088   1253096    703928     17.85    180308   1536496     13656
22:27:03      2120876   1822424     46.22      2088   1253100    707004     17.93    180308   1539624     13660
22:27:04      2110984   1832316     46.47      2088   1253100    715584     18.15    180308   1548052     10680
22:27:05      2113768   1829532     46.40      2088   1253116    714140     18.11    180308   1546248     10696
22:27:06      2096372   1846928     46.84      2088   1253116    726708     18.43    180308   1558120     10696
22:27:07      1930852   2012448     51.03      2088   1255732    894796     22.69    180308   1730080     13312
22:27:08      2118748   1824552     46.27      2088   1255796    705764     17.90    180308   1541368     13376
22:27:09      2116576   1826724     46.32      2088   1255812    706232     17.91    180308   1542412     10792
22:27:10      2116324   1826976     46.33      2088   1255812    706408     17.91    180308   1542436     10728
22:27:11      2114056   1829244     46.39      2088   1255812    709524     17.99    180308   1545336     10728
22:27:12      2107208   1836092     46.56      2088   1255820    716868     18.18    180308   1552444     10736
22:27:13      2097408   1845892     46.81      2088   1255832    728912     18.48    180308   1562340     10748
22:27:14      2098904   1844396     46.77      2088   1255836    725448     18.40    180308   1560816      8088
22:27:15      1935808   2007492     50.91      2088   1258444    885924     22.47    180308   1723772     10696
22:27:16      2110944   1832356     46.47      2088   1258512    710084     18.01    180308   1548396     10764
22:27:17      2111008   1832292     46.47      2088   1258528    709944     18.00    180308   1548336     10780
22:27:18      2093580   1849720     46.91      2088   1258532    727636     18.45    180308   1565032     10784
22:27:19      2102000   1841300     46.69      2088   1258548    722992     18.33    180308   1558576     10796
22:27:20      2091068   1852232     46.97      2088   1258548    734248     18.62    180308   1569984     10796
22:27:21      2094684   1848616     46.88      2088   1261216    726324     18.42    180312   1566528     13616
22:27:22      2106240   1837060     46.59      2088   1261224    712868     18.08    180312   1553596     13624
22:27:23      2105928   1837372     46.59      2088   1261236    712528     18.07    180312   1553440     13636
22:27:24      2105772   1837528     46.60      2088   1261240    712768     18.08    180312   1553884     11040
22:27:25      2105520   1837780     46.61      2088   1261240    713040     18.08    180312   1554020     10976
22:27:26      2092620   1850680     46.93      2088   1261244    728352     18.47    180312   1568128     10980
22:27:27      2094936   1848364     46.87      2088   1261260    728048     18.46    180312   1566256     10996
22:27:28      2089532   1853768     47.01      2088   1261260    730088     18.51    180312   1570608     10996
22:27:29      2064308   1878992     47.65      2088   1263932    753732     19.11    180512   1596340     13668
