Linux 5.10.234-225.910.amzn2.x86_64 (ip-10-0-181-16.ec2.internal) 	03/21/25 	_x86_64_	(2 CPU)

00:56:50        CPU     %user     %nice   %system   %iowait    %steal     %idle
00:56:51        all     76.00      0.00      5.50      0.00     13.00      5.50
00:56:52        all     44.88      0.00      7.80      0.00     11.71     35.61
00:56:53        all     42.29      0.00      4.48      0.00     11.94     41.29
00:56:54        all     36.14      0.00      3.47      0.00     10.89     49.50
00:56:55        all     32.51      0.00      3.45     16.26     17.24     30.54
00:56:56        all     34.65      0.00      4.46      0.00     14.36     46.53
00:56:57        all     31.71      0.00      4.39      0.00     18.54     45.37
00:56:58        all     38.16      0.00      3.38      0.00     19.81     38.65
00:56:59        all     26.47      0.00      3.92      0.00      9.80     59.80
00:57:00        all      0.00      0.00      0.00      0.00      0.00    100.00
00:57:01        all      0.00      0.00      0.50      0.00      0.00     99.50
00:57:02        all      0.00      0.00      0.00      0.00      0.00    100.00
00:57:03        all      0.00      0.00      0.00      0.00      0.00    100.00
00:57:04        all      0.00      0.00      0.00      0.00      0.00    100.00
00:57:05        all      0.00      0.00      0.00      0.00      0.00    100.00
00:57:06        all      0.00      0.00      0.00      0.00      0.00    100.00
00:57:07        all      0.00      0.00      0.00      0.50      0.50     99.00
00:57:08        all      0.00      0.00      0.00      0.00      0.00    100.00
00:57:09        all      0.00      0.00      0.00      0.00      0.00    100.00
00:57:10        all      0.50      0.00      0.00      0.00      0.00     99.50
00:57:11        all      0.00      0.00      0.00      0.00      0.00    100.00
00:57:12        all      1.49      0.00      0.50      0.00      0.50     97.52
00:57:13        all      0.00      0.00      0.00      0.00      0.00    100.00
00:57:14        all      0.00      0.00      0.00      0.00      0.00    100.00
00:57:15        all      0.00      0.00      2.91      5.83      1.46     89.81
00:57:16        all      0.00      0.00      1.50      2.50      0.50     95.50
00:57:17        all      0.00      0.00      0.50      0.00      0.00     99.50
00:57:18        all      0.00      0.00      0.00      0.00      0.00    100.00
00:57:19        all      0.50      0.00      0.50      0.00      0.00     99.01
00:57:20        all      0.00      0.00      0.50      0.00      0.00     99.50
00:57:21        all      0.00      0.00      1.98      4.95      0.50     92.57
00:57:22        all      0.00      0.00      0.00      0.00      0.00    100.00
