Linux 5.10.234-225.910.amzn2.x86_64 (ip-10-0-181-16.ec2.internal) 	03/21/25 	_x86_64_	(2 CPU)

00:56:50    kbmemfree kbmemused  %memused kbbuffers  kbcached  kbcommit   %commit  kbactive   kbinact   kbdirty
00:56:51      2801224   1142076     28.96      2088    903280    407916     10.34    179656    862856    300884
00:56:52      2744012   1199288     30.41      2088    914068    413640     10.49    179876    920920    311536
00:56:53      2750556   1192744     30.25      2088    914108    407220     10.33    180024    915644    311624
00:56:54      2682768   1260532     31.97      2088    914108    475720     12.06    180024    984316    311624
00:56:55      2676468   1266832     32.13      2088    914108    481128     12.20    180024    989584    173740
00:56:56      2676216   1267084     32.13      2088    914108    482692     12.24    180024    991020    173764
00:56:57      2675176   1268124     32.16      2088    914112    483716     12.27    180024    991908    173768
00:56:58      2671340   1271960     32.26      2088    914556    492868     12.50    180024    995020    174212
00:56:59      2882092   1061208     26.91      2088    914516    278604      7.07    180228    783656    174340
00:57:00      2882148   1061152     26.91      2088    914484    278604      7.07    180196    783592    173304
00:57:01      2882148   1061152     26.91      2088    914484    278604      7.07    180196    783592    173304
00:57:02      2882148   1061152     26.91      2088    914484    278604      7.07    180196    783592    173304
00:57:03      2882148   1061152     26.91      2088    914484    278604      7.07    180196    783592    173304
00:57:04      2882148   1061152     26.91      2088    914484    278604      7.07    180196    783592    173304
00:57:05      2882148   1061152     26.91      2088    914484    278604      7.07    180196    783592    173304
00:57:06      2882148   1061152     26.91      2088    914484    278604      7.07    180196    783592    173288
00:57:07      2882436   1060864     26.90      2088    914484    278604      7.07    180196    783592    173288
00:57:08      2882484   1060816     26.90      2088    914484    274464      6.96    180196    783588    173288
00:57:09      2882484   1060816     26.90      2088    914484    274464      6.96    180196    783588    173288
00:57:10      2882484   1060816     26.90      2088    914484    274464      6.96    180196    783588    173288
00:57:11      2882484   1060816     26.90      2088    914484    274464      6.96    180196    783588    173208
00:57:12      2882232   1061068     26.91      2088    914484    278560      7.06    180292    783668    173248
00:57:13      2882232   1061068     26.91      2088    914484    278560      7.06    180292    783668    173248
00:57:14      2882232   1061068     26.91      2088    914484    278560      7.06    180292    783668    173248
00:57:15      2879256   1064044     26.98      2088    914484    278560      7.06    180292    783672     97556
00:57:16      2876208   1067092     27.06      2088    914484    278560      7.06    180292    783672     68804
00:57:17      2876208   1067092     27.06      2088    914484    278560      7.06    180292    783672     68804
00:57:18      2876192   1067108     27.06      2088    914484    278560      7.06    180292    783672     68804
00:57:19      2876192   1067108     27.06      2088    914484    278560      7.06    180292    783672     68804
00:57:20      2876192   1067108     27.06      2088    914484    278560      7.06    180292    783672     68816
00:57:21      2875736   1067564     27.07      2088    914484    278560      7.06    180292    783672     14956
00:57:22      2875736   1067564     27.07      2088    914484    278560      7.06    180292    783672     14956
00:57:23      2830052   1113248     28.23      2088    914484    344584      8.74    181092    828272     14868
