Linux 5.10.234-225.910.amzn2.x86_64 (ip-10-0-161-222.us-west-2.compute.internal) 	03/25/25 	_x86_64_	(2 CPU)

22:13:04        CPU     %user     %nice   %system   %iowait    %steal     %idle
22:13:05        all     73.00      0.00      6.00      0.50     14.00      6.50
22:13:06        all     42.79      0.00      4.98      0.00      8.46     43.78
22:13:07        all     43.72      0.00      3.52      0.00     11.56     41.21
22:13:08        all     36.50      0.00      2.00      0.00     12.00     49.50
22:13:09        all     38.50      0.00      2.00      0.00      9.50     50.00
22:13:10        all     39.71      0.00      7.35     14.71      9.31     28.92
22:13:11        all     39.30      0.00      3.98      0.00     10.45     46.27
22:13:12        all     36.63      0.00      4.46      0.00     12.87     46.04
22:13:13        all      0.00      0.00      0.00      0.00      0.50     99.50
22:13:14        all      0.00      0.00      0.00      0.00      0.00    100.00
22:13:15        all      0.00      0.00      0.00      0.00      0.00    100.00
22:13:16        all      0.00      0.00      0.00      0.00      0.00    100.00
22:13:17        all      0.50      0.00      0.50      0.00      0.00     99.00
22:13:18        all      0.00      0.00      0.00      0.00      0.50     99.50
22:13:19        all      0.00      0.00      0.00      0.00      0.00    100.00
22:13:20        all      0.00      0.00      0.00      0.00      0.50     99.50
22:13:21        all      0.00      0.00      0.00      0.00      0.00    100.00
22:13:22        all      1.51      0.00      0.50      0.00      1.01     96.98
22:13:23        all      6.44      0.00      3.96      0.50      7.43     81.68
22:13:24        all     11.65      0.00      6.80      0.00     12.62     68.93
22:13:25        all     11.88      0.00      5.45      3.47      5.45     73.76
22:13:26        all     12.38      0.00      5.94      0.00      8.91     72.77
22:13:27        all      8.87      0.00      4.43      0.00      6.40     80.30
22:13:28        all     18.41      0.00      3.48      0.00      4.98     73.13
22:13:29        all     19.21      0.00      9.85      0.00     12.81     58.13
22:13:30        all      4.41      0.00      3.43      5.39      6.37     80.39
22:13:31        all     44.28      0.00      1.49      3.98      5.97     44.28
22:13:32        all     46.77      0.00      1.00      0.00      2.99     49.25
22:13:33        all     14.85      0.00      3.47      0.00      2.97     78.71
22:13:34        all     27.23      0.00      5.94      0.00      8.42     58.42
22:13:35        all     11.56      0.00      2.01      0.00      4.52     81.91
22:13:36        all     19.21      0.00      5.42      2.96      3.94     68.47
22:13:37        all     11.82      0.00      4.43      0.00      2.46     81.28
22:13:38        all     11.44      0.00      4.98      0.00      6.97     76.62
22:13:39        all      6.50      0.00      1.50      0.00      6.50     85.50
22:13:40        all     15.84      0.00      9.41      0.00     10.40     64.36
22:13:41        all      2.00      0.00      2.50      1.50      2.00     92.00
22:13:42        all     35.29      0.00      8.33      0.00     13.24     43.14
22:13:43        all     16.42      0.00      7.96      0.00      5.47     70.15
22:13:44        all      9.50      0.00      2.00      0.00      3.00     85.50
22:13:45        all     35.82      0.00      4.98      0.00      5.97     53.23
22:13:46        all      5.50      0.00      3.50      1.00      3.50     86.50
22:13:47        all     10.95      0.00      1.00      0.00      1.99     86.07
22:13:48        all     23.88      0.00      3.48      0.00      5.97     66.67
22:13:49        all     14.07      0.00      1.51      0.00      5.53     78.89
22:13:50        all     21.95      0.00      8.78      0.00     16.10     53.17
22:13:51        all      2.97      0.00      0.99      0.00      2.97     93.07
22:13:52        all     12.87      0.00      4.95      0.00      4.95     77.23
22:13:53        all     18.59      0.00      6.03      0.00      6.53     68.84
22:13:54        all     12.38      0.00      4.95      0.00      7.43     75.25
22:13:55        all     10.89      0.00      5.94      0.00      9.90     73.27
22:13:56        all      8.91      0.00      2.97      0.00      4.46     83.66
22:13:57        all      8.87      0.00      6.90      0.00      5.91     78.33
22:13:58        all     21.57      0.00      4.41      0.00      6.86     67.16
22:13:59        all      2.51      0.00      0.50      0.00      0.50     96.48
22:14:00        all     23.79      0.00      6.80      0.00     15.53     53.88
22:14:01        all     24.75      0.00      2.48      0.00     10.89     61.88
22:14:02        all      5.53      0.00      0.50      0.00      4.02     89.95
22:14:03        all      6.40      0.00      1.48      0.00     12.32     79.80
22:14:04        all     16.83      0.00      4.46      0.00     16.83     61.88
22:14:05        all      4.95      0.00      4.46      0.00      6.93     83.66
22:14:06        all      4.50      0.00      1.50      0.50      2.00     91.50
22:14:07        all      8.96      0.00      2.99      0.00      7.96     80.10
22:14:08        all     33.17      0.00     10.24      0.00     11.22     45.37
22:14:09        all     15.35      0.00      5.94      0.00      8.91     69.80
22:14:10        all     16.34      0.00      4.95      0.00     10.89     67.82
22:14:11        all     13.37      0.00      3.96      0.00     10.40     72.28
22:14:12        all     21.78      0.00      5.45      0.50      5.94     66.34
22:14:13        all     11.22      0.00      6.34      0.00      7.32     75.12
22:14:14        all     20.50      0.00      2.00      0.00      5.50     72.00
22:14:15        all     21.78      0.00      4.95      0.00      5.45     67.82
22:14:16        all     16.83      0.00      2.97      0.00      9.41     70.79
22:14:17        all      6.40      0.00      3.45      0.00      9.36     80.79
22:14:18        all     21.78      0.00      1.98      0.00     12.38     63.86
22:14:19        all     12.38      0.00      2.48      0.00      2.97     82.18
22:14:20        all     12.62      0.00      7.77      0.00      9.22     70.39
22:14:21        all     12.87      0.00      8.42      0.00      8.42     70.30
22:14:22        all     12.44      0.00      3.98      0.00      2.99     80.60
22:14:23        all     23.15      0.00      4.43      0.00      8.37     64.04
22:14:24        all      9.55      0.00      2.51      0.00      7.54     80.40
22:14:25        all     35.78      0.00      1.96      0.49     13.73     48.04
22:14:26        all     39.30      0.00      3.98      0.00     11.44     45.27
22:14:27        all      3.98      0.00      0.50      0.00      2.99     92.54
22:14:28        all      9.36      0.00      3.45      0.00      6.90     80.30
22:14:29        all     14.85      0.00      1.98      0.00      4.95     78.22
22:14:30        all     19.80      0.00      7.92      0.00      6.93     65.35
22:14:31        all     21.50      0.00      6.50      0.00     12.50     59.50
22:14:32        all      6.90      0.00      1.48      0.00      4.93     86.70
22:14:33        all      0.51      0.00      0.00      0.00      0.51     98.99
22:14:34        all     16.18      0.00      6.37      0.00      9.31     68.14
22:14:35        all     21.57      0.00      6.37      0.00      4.41     67.65
22:14:36        all     14.78      0.00      5.42      0.00      5.91     73.89
22:14:37        all     39.50      0.00      6.00      0.50      1.00     53.00
22:14:38        all      2.50      0.00      0.00      0.00      0.00     97.50
22:14:39        all      8.37      0.00      3.45      0.00      5.91     82.27
22:14:40        all     20.59      0.00      1.96      0.00      9.31     68.14
22:14:41        all     26.73      0.00      9.90      0.00     10.89     52.48
22:14:42        all      9.62      0.00      4.33      0.00     12.02     74.04
22:14:43        all      7.88      0.00      4.93      0.00      5.91     81.28
22:14:44        all     23.50      0.00      6.00      0.00      6.00     64.50
22:14:45        all     27.86      0.00      5.47      0.00      8.46     58.21
22:14:46        all      5.45      0.00      2.48      0.00      3.96     88.12
22:14:47        all      7.96      0.00      4.48      0.00      4.48     83.08
22:14:48        all     21.39      0.00      1.99      0.00      5.47     71.14
22:14:49        all     19.31      0.00      7.43      0.00     13.86     59.41
22:14:50        all      9.85      0.00      2.46      0.00      7.88     79.80
22:14:51        all     16.42      0.00      4.48      0.00      2.99     76.12
22:14:52        all     26.70      0.00      7.28      0.49     11.65     53.88
22:14:53        all     14.78      0.00      7.39      0.00     10.84     67.00
22:14:54        all     24.88      0.00      7.46      0.00     11.44     56.22
22:14:55        all     10.24      0.00      4.39      0.00      5.85     79.51
22:14:56        all     22.50      0.00      4.00      0.00     11.00     62.50
22:14:57        all     18.23      0.00      8.37      0.00     10.34     63.05
22:14:58        all     19.40      0.00      5.47      0.50      8.96     65.67
22:14:59        all      2.00      0.00      0.50      0.00      0.50     97.00
22:15:00        all      3.98      0.00      1.99      0.00      2.49     91.54
22:15:01        all     12.44      0.00      2.99      0.00      9.45     75.12
22:15:02        all     25.98      0.00      6.86      0.00     21.08     46.08
22:15:03        all      3.48      0.00      1.00      0.00      4.48     91.04
22:15:04        all      8.50      0.00      1.00      0.00      7.50     83.00
22:15:05        all     19.61      0.00      6.37      0.00     12.25     61.76
22:15:06        all     13.17      0.00      6.83      0.00     13.17     66.83
22:15:07        all     18.81      0.00      1.49      0.00      8.42     71.29
22:15:08        all     15.84      0.00      6.44      0.50     11.88     65.35
22:15:09        all     18.91      0.00      3.98      0.00      3.98     73.13
22:15:10        all     10.84      0.00      4.93      0.00      8.87     75.37
22:15:11        all      2.97      0.00      0.99      0.00      1.49     94.55
22:15:12        all     35.12      0.00      5.37      0.00     18.05     41.46
22:15:13        all      7.92      0.00      2.48      0.50      6.44     82.67
22:15:14        all     17.82      0.00      4.46      0.00      5.45     72.28
22:15:15        all     18.00      0.00      3.50      0.00      7.00     71.50
22:15:16        all     18.32      0.00      4.95      0.00      6.93     69.80
22:15:17        all     14.36      0.00      2.97      0.00      8.42     74.26
22:15:18        all     12.44      0.00      3.98      0.50      3.48     79.60
22:15:19        all      0.50      0.00      0.00      0.00      0.50     99.00
22:15:20        all      2.00      0.00      0.50      0.00      1.00     96.50
22:15:21        all      7.96      0.00      4.98      0.00      4.48     82.59
22:15:22        all     10.50      0.00      0.50      0.00      9.00     80.00
22:15:23        all     22.50      0.00      8.50      0.00     11.50     57.50
22:15:24        all      4.50      0.00      2.00      0.00      3.00     90.50
22:15:25        all     18.41      0.00      3.98      0.00     12.44     65.17
22:15:26        all      2.01      0.00      0.00      0.00      2.01     95.98
22:15:27        all     12.81      0.00      6.90      0.00      9.36     70.94
22:15:28        all     14.85      0.00      1.98      0.99      5.45     76.73
22:15:29        all     15.08      0.00      7.54      0.00      8.04     69.35
22:15:30        all     19.80      0.00      2.97      0.00      9.90     67.33
22:15:31        all      1.51      0.00      0.50      0.00      0.50     97.49
22:15:32        all      9.00      0.00      5.50      0.00      8.00     77.50
22:15:33        all     12.44      0.00      1.00      0.00      5.47     81.09
22:15:34        all     22.17      0.00      7.39      0.00      6.40     64.04
22:15:35        all      3.50      0.00      0.50      0.00      1.00     95.00
22:15:36        all     19.10      0.00      2.51      0.00      4.52     73.87
22:15:37        all      2.49      0.00      1.00      0.00      2.49     94.03
22:15:38        all      7.39      0.00      4.93      0.00     10.34     77.34
22:15:39        all     23.00      0.00      3.00      0.00     10.00     64.00
22:15:40        all      8.04      0.00      2.51      0.00      4.02     85.43
22:15:41        all     27.09      0.00      6.90      0.00     12.81     53.20
22:15:42        all      2.00      0.00      0.50      0.00      2.50     95.00
22:15:43        all      1.99      0.00      1.00      0.00      1.49     95.52
22:15:44        all     16.26      0.00      4.43      0.49      9.85     68.97
22:15:45        all     11.94      0.00      1.99      0.00      4.98     81.09
22:15:46        all     23.76      0.00      9.41      0.00     13.37     53.47
22:15:47        all     10.34      0.00      3.45      0.00      5.42     80.79
22:15:48        all      2.49      0.00      1.00      0.00      1.00     95.52
22:15:49        all     12.75      0.00      6.86      0.98     10.29     69.12
22:15:50        all     20.60      0.00      1.51      0.00      5.53     72.36
22:15:51        all     14.22      0.00      6.37      0.00      8.33     71.08
22:15:52        all     17.73      0.00      4.93      0.00     25.62     51.72
22:15:53        all      9.22      0.00      5.34      0.00     10.19     75.24
22:15:54        all      1.00      0.00      0.50      0.00      2.00     96.50
22:15:55        all      4.00      0.00      2.00      0.00      3.50     90.50
22:15:56        all     19.90      0.00      1.00      0.00      7.46     71.64
22:15:57        all     18.72      0.00      6.40      0.00     10.84     64.04
22:15:58        all     13.93      0.00      1.49      0.00      9.45     75.12
22:15:59        all     11.56      0.00      4.02      0.00     11.06     73.37
22:16:00        all      1.98      0.00      0.00      0.00      1.49     96.53
22:16:01        all      1.50      0.00      1.00      0.00      2.50     95.00
22:16:02        all      1.51      0.00      1.51      0.00      3.52     93.47
22:16:03        all      5.91      0.00      3.45      0.00      8.37     82.27
22:16:04        all     21.29      0.00      1.49      0.50     12.38     64.36
22:16:05        all      7.88      0.00      4.93      0.00      5.42     81.77
22:16:06        all     19.80      0.00      4.95      0.00      8.91     66.34
22:16:07        all      5.50      0.00      1.00      0.00      2.00     91.50
22:16:08        all      1.51      0.00      0.00      0.00      1.01     97.49
22:16:09        all      4.50      0.00      2.00      0.50      2.00     91.00
22:16:10        all     21.29      0.00      4.46      0.00      5.45     68.81
22:16:11        all      5.50      0.00      3.50      0.00      5.50     85.50
22:16:12        all     24.88      0.00      6.97      0.00     14.43     53.73
22:16:13        all      8.46      0.00      3.48      0.00      2.49     85.57
22:16:14        all      1.01      0.00      0.00      0.00      0.50     98.49
22:16:15        all      0.50      0.00      0.00      0.00      0.00     99.50
22:16:16        all      9.45      0.00      3.48      0.00      3.98     83.08
22:16:17        all     14.22      0.00      2.94      0.00      8.33     74.51
22:16:18        all     17.07      0.00      4.39      0.00     14.63     63.90
22:16:19        all      7.43      0.00      2.97      0.50      4.95     84.16
22:16:20        all      2.00      0.00      0.50      0.00      2.50     95.00
22:16:21        all     21.39      0.00      5.47      0.00      8.46     64.68
22:16:22        all      2.00      0.00      1.00      0.00      2.50     94.50
22:16:23        all      7.92      0.00      5.45      0.00      8.91     77.72
22:16:24        all     13.79      0.00      3.94      0.00     13.30     68.97
22:16:25        all     18.41      0.00      4.98      0.00      9.45     67.16
22:16:26        all      4.93      0.00      2.46      0.00      6.90     85.71
22:16:27        all     22.44      0.00      4.88      0.00     17.07     55.61
22:16:28        all      2.48      0.00      0.00      0.00      1.98     95.54
22:16:29        all     14.85      0.00      3.96      0.00     10.89     70.30
22:16:30        all     15.84      0.00      1.98      0.50      9.90     71.78
22:16:31        all     15.42      0.00      7.46      0.00     12.44     64.68
22:16:32        all     19.00      0.00      4.50      0.00      7.50     69.00
22:16:33        all      2.97      0.00      0.50      0.00      1.98     94.55
22:16:34        all      1.01      0.00      1.51      0.00      0.50     96.98
22:16:35        all     20.40      0.00      2.99      0.00      2.99     73.63
22:16:36        all      5.42      0.00      0.99      0.00      4.93     88.67
22:16:37        all     15.84      0.00      6.44      0.00      2.97     74.75
22:16:38        all     18.50      0.00      3.50      0.00      9.00     69.00
22:16:39        all      3.94      0.00      2.46      0.00      4.93     88.67
22:16:40        all      1.98      0.00      0.50      0.50      1.98     95.05
22:16:41        all     10.10      0.00      5.29      0.00     15.38     69.23
22:16:42        all     25.00      0.00      4.41      0.00     17.16     53.43
22:16:43        all      8.00      0.00      2.00      0.00      3.50     86.50
22:16:44        all      9.00      0.00      1.00      0.00      6.50     83.50
22:16:45        all     17.00      0.00      4.00      0.00      8.00     71.00
22:16:46        all      5.91      0.00      1.97      0.00      5.42     86.70
22:16:47        all     21.50      0.00      4.50      0.00     11.00     63.00
22:16:48        all     10.95      0.00      4.48      0.00      9.45     75.12
22:16:49        all     22.77      0.00      9.41      0.00      8.42     59.41
22:16:50        all      9.60      0.00      3.54      0.00      2.02     84.85
22:16:51        all      0.50      0.00      0.00      0.00      0.50     99.00
22:16:52        all      4.00      0.00      2.00      0.00      3.50     90.50
22:16:53        all     27.14      0.00      5.03      0.00     12.56     55.28
22:16:54        all     12.32      0.00      5.91      0.00      6.40     75.37
22:16:55        all     22.17      0.00      4.93      0.49      5.42     67.00
22:16:56        all      6.93      0.00      2.48      0.00      6.44     84.16
22:16:57        all      1.51      0.00      0.00      0.00      1.51     96.98
22:16:58        all      6.50      0.00      2.50      0.00      2.50     88.50
22:16:59        all     18.00      0.00      1.50      0.00      4.00     76.50
22:17:00        all     18.63      0.00      6.37      0.49     13.24     61.27
22:17:01        all     20.00      0.00      5.50      0.00     11.00     63.50
22:17:02        all      5.97      0.00      1.99      0.00      2.49     89.55
22:17:03        all      1.00      0.00      1.00      0.00      1.99     96.02
22:17:04        all      2.00      0.00      0.50      0.00      2.50     95.00
22:17:05        all      8.42      0.00      3.47      0.00      4.95     83.17
22:17:06        all     18.81      0.00      1.49      0.50     11.88     67.33
22:17:07        all      8.50      0.00      3.00      0.00      5.00     83.50
22:17:08        all     21.39      0.00      7.96      0.00     20.40     50.25
22:17:09        all      7.46      0.00      3.48      0.00      2.49     86.57
22:17:10        all      2.00      0.00      2.00      0.00      3.00     93.00
22:17:11        all      7.54      0.00      4.52      0.00      3.52     84.42
22:17:12        all     17.07      0.00      0.98      0.00      8.78     73.17
22:17:13        all     13.43      0.00      5.47      0.00      2.49     78.61
22:17:14        all     22.11      0.00      5.53      0.00      4.52     67.84
22:17:15        all      2.48      0.00      0.50      0.00      1.98     95.05
22:17:16        all      1.50      0.00      0.50      0.50      1.00     96.50
22:17:17        all     19.31      0.00      4.46      0.00      5.45     70.79
22:17:18        all     11.00      0.00      1.50      0.00      6.50     81.00
22:17:19        all     28.00      0.00     10.50      0.00      7.50     54.00
22:17:20        all     10.45      0.00      3.98      0.00      3.48     82.09
22:17:21        all      1.00      0.00      1.00      0.00      2.00     96.00
22:17:22        all      1.49      0.00      0.00      0.50      1.00     97.01
22:17:23        all      6.47      0.00      2.99      0.00      4.98     85.57
22:17:24        all     23.53      0.00      4.90      0.00     11.76     59.80
22:17:25        all     11.88      0.00      4.46      0.00     11.88     71.78
22:17:26        all     19.40      0.00      3.98      0.00     13.43     63.18
22:17:27        all     13.24      0.00      3.92      0.00      8.33     74.51
22:17:28        all      2.48      0.00      1.98      0.00      0.99     94.55
22:17:29        all      0.50      0.00      0.50      0.00      0.50     98.50
22:17:30        all     20.30      0.00      5.45      0.00      6.93     67.33
22:17:31        all     11.06      0.00      2.01      0.00      7.04     79.90
22:17:32        all     15.76      0.00      5.91      0.00     10.34     67.98
22:17:33        all     22.66      0.00     11.33      0.00     10.84     55.17
22:17:34        all      2.46      0.00      0.49      0.00      1.97     95.07
22:17:35        all      1.01      0.00      0.00      0.00      0.51     98.48
22:17:36        all      9.22      0.00      5.83      0.49     11.65     72.82
22:17:37        all     25.87      0.00      5.97      0.00     10.95     57.21
22:17:38        all      5.45      0.00      1.98      0.00      4.95     87.62
22:17:39        all     10.89      0.00      2.97      0.00      4.46     81.68
22:17:40        all     18.00      0.00      6.00      0.00      8.50     67.50
22:17:41        all      2.49      0.00      1.00      0.00      1.00     95.52
22:17:42        all     17.96      0.00      6.80      0.00     16.50     58.74
22:17:43        all     16.34      0.00      2.48      0.00      3.96     77.23
22:17:44        all     22.61      0.00      5.03      0.00      3.52     68.84
22:17:45        all     16.58      0.00      6.03      0.00      2.51     74.87
22:17:46        all      2.00      0.00      0.50      0.00      1.50     96.00
22:17:47        all      1.00      0.00      1.00      0.50      0.50     97.01
22:17:48        all     12.06      0.00      3.52      0.00      3.02     81.41
22:17:49        all     19.21      0.00      5.42      0.00     13.79     61.58
22:17:50        all     10.00      0.00      3.50      0.00      7.50     79.00
22:17:51        all     19.90      0.00      5.47      0.00      7.96     66.67
22:17:52        all      5.94      0.00      2.48      0.00      4.46     87.13
22:17:53        all      8.42      0.00      3.96      0.00      3.47     84.16
22:17:54        all     18.81      0.00      1.49      0.00      9.41     70.30
22:17:55        all     15.35      0.00      3.47      0.00      6.93     74.26
22:17:56        all     14.00      0.00      4.00      0.00      5.00     77.00
22:17:57        all     13.50      0.00      7.00      0.50      4.00     75.00
22:17:58        all      1.00      0.00      0.00      0.00      0.50     98.50
22:17:59        all      1.00      0.00      1.00      0.00      1.49     96.52
22:18:00        all      5.91      0.00      2.46      0.00      3.94     87.68
22:18:01        all     21.57      0.00      3.43      0.00     14.22     60.78
22:18:02        all      0.50      0.00      0.50      0.00      1.51     97.49
22:18:03        all     10.29      0.00      3.43      0.00     12.25     74.02
22:18:04        all     22.00      0.00      5.00      0.00      6.00     67.00
22:18:05        all      9.36      0.00      5.91      0.00      3.45     81.28
22:18:06        all      0.50      0.00      0.00      0.00      0.50     99.00
22:18:07        all      1.49      0.00      1.00      0.50      1.49     95.52
22:18:08        all      5.45      0.00      2.97      0.00      2.48     89.11
22:18:09        all     19.10      0.00      1.01      0.00      6.03     73.87
22:18:10        all      3.96      0.00      2.48      0.00      4.46     89.11
22:18:11        all     38.73      0.00     12.25      0.00     13.24     35.78
22:18:12        all      8.46      0.00      2.99      0.00      3.98     84.58
22:18:13        all      3.48      0.00      1.49      0.00      1.99     93.03
22:18:14        all      9.00      0.00      4.00      0.00      8.00     79.00
22:18:15        all      0.99      0.00      0.50      0.00      0.99     97.52
22:18:16        all     28.92      0.00      6.86      0.00     16.18     48.04
22:18:17        all      6.00      0.00      3.00      0.50      4.00     86.50
22:18:18        all      5.50      0.00      0.50      0.00      1.50     92.50
22:18:19        all     22.28      0.00      6.44      0.00      4.46     66.83
22:18:20        all      5.03      0.00      1.51      0.00      1.01     92.46
22:18:21        all     11.94      0.00      2.99      0.00      5.47     79.60
22:18:22        all     16.83      0.00      3.96      0.00      6.44     72.77
22:18:23        all     11.94      0.00      3.98      0.00      8.46     75.62
22:18:24        all     25.25      0.00      7.92      0.00     16.34     50.50
22:18:25        all      1.99      0.00      1.00      0.00      1.49     95.52
22:18:26        all      3.00      0.00      3.00      0.00      2.00     92.00
22:18:27        all      6.44      0.00      2.97      0.50      3.96     86.14
22:18:28        all     21.89      0.00      3.98      0.00     13.43     60.70
22:18:29        all     12.25      0.00      2.45      0.00      8.33     76.96
22:18:30        all      8.00      0.00      2.00      0.00      2.00     88.00
22:18:31        all     22.22      0.00      5.56      0.00      6.06     66.16
22:18:32        all      1.99      0.00      1.00      0.00      1.00     96.02
22:18:33        all     25.49      0.00      4.90      0.00     17.16     52.45
22:18:34        all     12.38      0.00      4.95      0.00     11.88     70.79
22:18:35        all      8.96      0.00      3.98      0.00      1.49     85.57
22:18:36        all     23.00      0.00      5.50      0.00     10.50     61.00
22:18:37        all      3.98      0.00      1.49      0.00      1.00     93.53
22:18:38        all      8.37      0.00      5.42      0.00      8.87     77.34
22:18:39        all     17.82      0.00      0.99      0.00      6.44     74.75
22:18:40        all     17.24      0.00      9.36      0.00     12.32     61.08
22:18:41        all      9.85      0.00      1.48      0.00      7.88     80.79
22:18:42        all     16.16      0.00      4.55      0.00      3.03     76.26
22:18:43        all      8.33      0.00      5.88      0.49      8.82     76.47
22:18:44        all      1.49      0.00      0.50      0.00      1.99     96.02
22:18:45        all     24.26      0.00      4.46      0.00      8.42     62.87
22:18:46        all     12.44      0.00      5.47      0.00      9.95     72.14
22:18:47        all     16.34      0.00      3.47      0.00     14.85     65.35
22:18:48        all     13.86      0.00      3.96      0.00     10.40     71.78
22:18:49        all      5.00      0.00      3.00      0.00      3.00     89.00
22:18:50        all      4.93      0.00      3.45      0.00      2.96     88.67
22:18:51        all     19.40      0.00      1.99      0.00      7.46     71.14
22:18:52        all     11.44      0.00      3.48      0.00      3.98     81.09
22:18:53        all     11.00      0.00      1.50      0.50      4.50     82.50
22:18:54        all     22.39      0.00      7.46      0.00     11.44     58.71
22:18:55        all      1.97      0.00      0.49      0.00      0.99     96.55
22:18:56        all     11.17      0.00      5.34      0.00     10.68     72.82
22:18:57        all     17.59      0.00      0.50      0.00      3.52     78.39
22:18:58        all     14.29      0.00      9.36      0.00     11.33     65.02
22:18:59        all     31.50      0.00      6.50      0.00      3.50     58.50
22:19:00        all      0.99      0.00      0.99      0.00      0.50     97.52
22:19:01        all      6.83      0.00      2.93      0.00      4.88     85.37
22:19:02        all     21.90      0.00      4.76      0.00     28.10     45.24
22:19:03        all      4.93      0.00      2.46      0.49      8.87     83.25
22:19:04        all     10.63      0.00      4.83      0.00     15.94     68.60
22:19:05        all     24.62      0.00      9.55      0.00      1.51     64.32
22:19:06        all     10.00      0.00      2.00      0.00      1.00     87.00
22:19:07        all      0.50      0.00      0.00      0.00      0.00     99.50
22:19:08        all      2.01      0.00      0.00      0.00      1.51     96.48
22:19:09        all     18.81      0.00      3.47      0.00     12.38     65.35
22:19:10        all     15.74      0.00      5.58      0.00      3.05     75.63
22:19:11        all     18.81      0.00      3.47      0.00      8.42     69.31
22:19:12        all     22.89      0.00      9.45      0.00     12.44     55.22
22:19:13        all      1.50      0.00      0.50      0.00      1.50     96.50
22:19:14        all      1.49      0.00      1.00      0.50      0.50     96.52
22:19:15        all      0.50      0.00      0.50      0.00      1.00     98.00
22:19:16        all     16.26      0.00      4.93      0.00      8.37     70.44
22:19:17        all     12.56      0.00      0.50      0.00      3.02     83.92
22:19:18        all     17.96      0.00      8.25      0.00     11.17     62.62
22:19:19        all     21.61      0.00      6.03      0.50      4.52     67.34
22:19:20        all      3.94      0.00      1.97      0.00      2.96     91.13
22:19:21        all      2.48      0.00      2.97      0.00      3.47     91.09
22:19:22        all     27.36      0.00      4.48      0.00     14.93     53.23
22:19:23        all     11.76      0.00      5.39      0.00     12.75     70.10
22:19:24        all      8.29      0.00      4.88      0.00      9.76     77.07
22:19:25        all     24.88      0.00      6.47      0.00     19.40     49.25
22:19:26        all      6.86      0.00      3.43      0.00      9.31     80.39
22:19:27        all      8.96      0.00      7.46      0.00      7.96     75.62
22:19:28        all     10.84      0.00      1.97      0.00      7.39     79.80
22:19:29        all     28.22      0.00      8.42      0.00     16.83     46.53
22:19:30        all      1.51      0.00      0.00      0.00      2.01     96.48
22:19:31        all      9.85      0.00      2.46      0.00      7.88     79.80
22:19:32        all     24.88      0.00      8.46      0.00     12.94     53.73
22:19:33        all      1.00      0.00      0.00      0.00      1.99     97.01
22:19:34        all      9.85      0.00      5.42      0.49     10.34     73.89
22:19:35        all     18.09      0.00      1.01      0.00      5.53     75.38
22:19:36        all     12.75      0.00      4.90      0.00     10.29     72.06
22:19:37        all      9.41      0.00      2.97      0.00      6.44     81.19
22:19:38        all     24.38      0.00      4.98      0.00     11.44     59.20
22:19:39        all      5.97      0.00      2.99      0.00      2.99     88.06
22:19:40        all      0.50      0.00      0.50      0.00      0.50     98.50
22:19:41        all     20.39      0.00      6.80      0.00     15.53     57.28
22:19:42        all     13.37      0.00      1.98      0.00      6.93     77.72
22:19:43        all     27.23      0.00      5.45      0.00     12.87     54.46
22:19:44        all     18.81      0.00      6.44      0.50      6.44     67.82
22:19:45        all      1.52      0.00      1.01      0.00      0.51     96.97
22:19:46        all      0.50      0.00      0.50      0.00      0.50     98.51
22:19:47        all     13.24      0.00      3.43      0.00     11.76     71.57
22:19:48        all     17.00      0.00      2.00      0.00      9.00     72.00
22:19:49        all     17.82      0.00      5.45      0.00      9.41     67.33
22:19:50        all     30.54      0.00     11.82      0.00      8.37     49.26
22:19:51        all      2.46      0.00      0.99      0.00      1.48     95.07
22:19:52        all      0.50      0.00      0.00      0.00      0.50     98.99
22:19:53        all      4.95      0.00      3.47      0.00      1.49     90.10
22:19:54        all      2.02      0.00      3.03      0.00      0.00     94.95
22:19:55        all     31.53      0.00      8.37      0.00     15.27     44.83
22:19:56        all      1.51      0.00      0.50      0.00      1.51     96.48
22:19:57        all      4.93      0.00      1.97      0.00      4.93     88.18
22:19:58        all     20.79      0.00      5.94      0.00     13.37     59.90
22:19:59        all     12.06      0.00      4.02      0.00      7.54     76.38
22:20:00        all      7.77      0.00      5.34      0.49     11.65     74.76
22:20:01        all     17.82      0.00      0.99      0.00     10.40     70.79
22:20:02        all      6.76      0.00      2.90      0.00     22.71     67.63
22:20:03        all      9.00      0.00      6.16      0.00     31.28     53.55
22:20:04        all     10.68      0.00      4.85      0.00     18.93     65.53
22:20:05        all     16.26      0.00      2.96      0.49     20.20     60.10
22:20:06        all     16.75      0.00      7.88      0.00     18.72     56.65
22:20:07        all      1.99      0.00      1.00      0.00      2.49     94.53
22:20:08        all     17.22      0.00      6.22      0.00     15.31     61.24
22:20:09        all     13.07      0.00      1.01      0.00      3.52     82.41
22:20:10        all     24.00      0.00      6.00      0.00      9.00     61.00
22:20:11        all     25.25      0.00      8.42      0.00      4.46     61.88
22:20:12        all      1.99      0.00      0.50      0.00      1.00     96.52
22:20:13        all      0.50      0.00      0.50      0.00      0.00     99.00
22:20:14        all      0.50      0.00      0.00      0.00      1.00     98.50
22:20:15        all      8.37      0.00      4.93      0.49     11.33     74.88
22:20:16        all     18.14      0.00      1.96      0.00      8.82     71.08
22:20:17        all     16.59      0.00      7.80      0.00     13.66     61.95
22:20:18        all      4.46      0.00      0.99      0.00      3.47     91.09
22:20:19        all     27.64      0.00      8.04      0.00     11.06     53.27
22:20:20        all      1.51      0.00      0.00      0.00      1.01     97.49
22:20:21        all     17.07      0.00      7.32      0.00     16.10     59.51
22:20:22        all     12.50      0.00      1.50      0.00      7.50     78.50
22:20:23        all     17.24      0.00      8.37      0.00     12.32     62.07
22:20:24        all     29.50      0.00      7.00      0.00      7.50     56.00
22:20:25        all      2.99      0.00      0.50      0.00      1.00     95.52
22:20:26        all      1.00      0.00      0.50      0.00      1.49     97.01
22:20:27        all      7.43      0.00      6.44      0.00      6.44     79.70
22:20:28        all     15.84      0.00      0.99      0.00      5.94     77.23
22:20:29        all      7.04      0.00      2.01      0.00      1.01     89.95
22:20:30        all     13.86      0.00      4.95      0.50      6.93     73.76
22:20:31        all     28.00      0.00      8.00      0.00     11.00     53.00
22:20:32        all      2.45      0.00      1.96      0.00      1.47     94.12
22:20:33        all      8.96      0.00      5.97      0.00      8.46     76.62
22:20:34        all     12.44      0.00      0.50      0.00      9.95     77.11
22:20:35        all     21.78      0.00      5.94      0.50     16.34     55.45
22:20:36        all      1.99      0.00      1.49      0.00      4.48     92.04
22:20:37        all      2.51      0.00      1.01      0.00      2.51     93.97
22:20:38        all     26.11      0.00      5.91      0.00     17.24     50.74
22:20:39        all      7.32      0.00      3.90      0.00      4.88     83.90
22:20:40        all     18.18      0.00      7.07      0.00      9.60     65.15
22:20:41        all     15.76      0.00      2.96      0.49      5.42     75.37
22:20:42        all     18.23      0.00      8.37      0.00      8.87     64.53
22:20:43        all     26.37      0.00      8.96      0.00      7.96     56.72
22:20:44        all      3.43      0.00      1.47      0.00      3.92     91.18
22:20:45        all      0.00      0.00      0.50      0.00      0.00     99.50
22:20:46        all      4.98      0.00      4.98      0.50      5.47     84.08
22:20:47        all     21.46      0.00      2.93      0.00     11.22     64.39
22:20:48        all      7.43      0.00      2.48      0.00      4.95     85.15
22:20:49        all     18.81      0.00      4.46      0.00      9.90     66.83
22:20:50        all     25.37      0.00      8.96      0.00      5.47     60.20
22:20:51        all      2.48      0.00      0.99      0.00      0.99     95.54
22:20:52        all      1.00      0.00      0.00      0.00      0.00     99.00
22:20:53        all      8.46      0.00      4.48      0.00      3.48     83.58
22:20:54        all      0.50      0.00      0.50      0.00      1.00     98.00
22:20:55        all     31.84      0.00      6.47      0.00      7.96     53.73
22:20:56        all      4.43      0.00      1.97      0.49      4.43     88.67
22:20:57        all      4.43      0.00      1.97      0.00      7.88     85.71
22:20:58        all     22.50      0.00      5.00      0.00     12.50     60.00
22:20:59        all     11.44      0.00      5.97      0.00      7.46     75.12
22:21:00        all      5.45      0.00      2.97      0.00      4.46     87.13
22:21:01        all     13.50      0.00      1.50      0.00     10.00     75.00
22:21:02        all     11.88      0.00      2.48      0.00      8.42     77.23
22:21:03        all     13.04      0.00      4.83      0.00     18.36     63.77
22:21:04        all     16.50      0.00      2.50      0.00     17.50     63.50
22:21:05        all     20.98      0.00      5.85      0.00     17.56     55.61
22:21:06        all      1.50      0.00      0.00      0.00      0.50     98.00
22:21:07        all      1.00      0.00      1.00      0.00      1.00     97.00
22:21:08        all     10.73      0.00      7.32      0.00      6.83     75.12
22:21:09        all     22.61      0.00      3.02      0.00      5.03     69.35
22:21:10        all     13.43      0.00      4.48      0.00      3.98     78.11
22:21:11        all     28.22      0.00      7.43      0.50      5.94     57.92
22:21:12        all      4.95      0.00      1.49      0.00      2.48     91.09
22:21:13        all      0.50      0.00      0.50      0.00      0.50     98.49
22:21:14        all      1.50      0.00      0.00      0.00      0.50     98.00
22:21:15        all     26.87      0.00      4.48      0.00      5.47     63.18
22:21:16        all      2.50      0.00      1.50      0.00      2.00     94.00
22:21:17        all     29.21      0.00     11.88      0.00     15.84     43.07
22:21:18        all     20.87      0.00      9.22      0.00     16.02     53.88
22:21:19        all      2.99      0.00      1.00      0.00      3.98     92.04
22:21:20        all      0.50      0.00      0.00      0.00      0.50     99.00
22:21:21        all      3.98      0.00      2.49      0.00      2.99     90.55
22:21:22        all      6.37      0.00      1.96      0.49      6.37     84.80
22:21:23        all     30.54      0.00      6.90      0.00     23.15     39.41
22:21:24        all      3.00      0.00      0.50      0.00      3.00     93.50
22:21:25        all      4.00      0.00      3.50      0.00      2.50     90.00
22:21:26        all     23.00      0.00      7.50      0.00      3.50     66.00
22:21:27        all      6.50      0.00      2.00      0.00      2.50     89.00
22:21:28        all      9.85      0.00      4.93      0.00     10.34     74.88
22:21:29        all     19.50      0.00      0.50      0.00      5.00     75.00
22:21:30        all     20.50      0.00      7.50      0.00      7.00     65.00
22:21:31        all     29.50      0.00      9.00      0.00      2.00     59.50
22:21:32        all      4.43      0.00      0.99      0.49      1.97     92.12
22:21:33        all      0.50      0.00      0.00      0.00      0.00     99.50
22:21:34        all      3.94      0.00      1.48      0.00      4.43     90.15
22:21:35        all     25.85      0.00      4.39      0.00     15.12     54.63
22:21:36        all     11.88      0.00      3.47      0.00     10.89     73.76
22:21:37        all     16.83      0.00      4.46      0.00      8.42     70.30
22:21:38        all     27.72      0.00      9.41      0.00      9.90     52.97
22:21:39        all      1.50      0.00      0.50      0.00      0.50     97.50
22:21:40        all      1.00      0.00      0.50      0.00      1.00     97.51
22:21:41        all      4.98      0.00      1.99      0.00      2.99     90.05
22:21:42        all     18.72      0.00      1.97      0.49      8.87     69.95
22:21:43        all     13.57      0.00      6.53      0.00      4.02     75.88
22:21:44        all     25.12      0.00      5.91      0.00     10.84     58.13
22:21:45        all     12.25      0.00      4.90      0.00      7.84     75.00
22:21:46        all      0.51      0.00      0.00      0.00      0.00     99.49
22:21:47        all      0.50      0.00      0.50      0.00      0.50     98.51
22:21:48        all      9.95      0.00      4.98      0.00      2.99     82.09
22:21:49        all     17.50      0.00      1.00      0.00      3.00     78.50
22:21:50        all     20.90      0.00      5.97      0.00      5.47     67.66
22:21:51        all     29.00      0.00      9.00      0.00      8.50     53.50
22:21:52        all      3.96      0.00      1.49      0.00      3.47     91.09
22:21:53        all      0.99      0.00      0.50      0.00      0.99     97.52
22:21:54        all      9.41      0.00      2.97      0.00      4.46     83.17
22:21:55        all     17.73      0.00      2.46      0.00      4.43     75.37
22:21:56        all     21.08      0.00      6.86      0.00      8.33     63.73
22:21:57        all     29.35      0.00      8.96      0.50      4.98     56.22
22:21:58        all      1.99      0.00      1.49      0.00      0.50     96.02
22:21:59        all      0.50      0.00      0.50      0.00      0.00     99.01
22:22:00        all      2.97      0.00      1.98      0.00      1.98     93.07
22:22:01        all     27.59      0.00      6.40      0.00     11.82     54.19
22:22:02        all      2.49      0.00      1.99      0.00      4.98     90.55
22:22:03        all     10.34      0.00      3.94      0.00     15.76     69.95
22:22:04        all     38.61      0.00     12.87      0.00     15.84     32.67
22:22:05        all     11.62      0.00      5.56      0.00      4.55     78.28
22:22:06        all      1.49      0.00      0.50      0.00      1.49     96.52
22:22:07        all      0.50      0.00      0.50      0.00      0.50     98.50
22:22:08        all      7.92      0.00      3.47      0.00      1.98     86.63
22:22:09        all     16.92      0.00      1.99      0.00      2.49     78.61
22:22:10        all     27.36      0.00      9.45      0.00      5.97     57.21
22:22:11        all     17.50      0.00      6.50      0.00      4.00     72.00
22:22:12        all      1.98      0.00      0.50      0.00      0.99     96.53
22:22:13        all      1.00      0.00      0.50      0.50      1.00     97.00
22:22:14        all      6.93      0.00      4.95      0.00      4.46     83.66
22:22:15        all     17.09      0.00      0.50      0.00      3.52     78.89
22:22:16        all     15.92      0.00      8.46      0.00      4.48     71.14
22:22:17        all     19.40      0.00      4.98      0.00      6.97     68.66
22:22:18        all     17.09      0.00      9.05      0.00      4.52     69.35
22:22:19        all      2.48      0.00      0.50      0.00      0.50     96.53
22:22:20        all      0.50      0.00      0.00      0.00      0.50     99.00
22:22:21        all      8.54      0.00      5.53      0.00      4.02     81.91
22:22:22        all     20.90      0.00      1.49      0.00     14.43     63.18
22:22:23        all     11.56      0.00      5.03      0.50      9.05     73.87
22:22:24        all      6.40      0.00      2.96      0.00      5.91     84.73
22:22:25        all     31.84      0.00      7.96      0.00     12.44     47.76
22:22:26        all      5.45      0.00      1.49      0.00      2.48     90.59
22:22:27        all      6.90      0.00      4.43      0.00      6.40     82.27
22:22:28        all     21.61      0.00      2.51      0.00      9.05     66.83
22:22:29        all     20.79      0.00      4.95      0.00      4.95     69.31
22:22:30        all     33.99      0.00     15.27      0.00     12.81     37.93
22:22:31        all      3.50      0.00      1.50      0.00      2.50     92.50
22:22:32        all      1.49      0.00      0.50      0.00      1.00     97.01
22:22:33        all      0.00      0.00      0.00      0.00      0.00    100.00
22:22:34        all      4.46      0.00      1.98      0.00      5.45     88.12
22:22:35        all     26.60      0.00      4.93      0.00      7.88     60.59
22:22:36        all      4.50      0.00      1.00      0.00      2.00     92.50
22:22:37        all     29.06      0.00     12.32      0.00     19.21     39.41
22:22:38        all     29.41      0.00     12.75      0.49     16.18     41.18
22:22:39        all      0.00      0.00      0.00      0.00      0.00    100.00
22:22:40        all      2.49      0.00      0.00      0.00      1.49     96.02
22:22:41        all      1.49      0.00      1.49      0.00      1.49     95.54
22:22:42        all      7.35      0.00      5.39      0.00      7.84     79.41
22:22:43        all     25.63      0.00      3.02      0.50      3.02     67.84
22:22:44        all     16.34      0.00      4.95      0.00      7.92     70.79
22:22:45        all     25.74      0.00     10.40      0.00     18.81     45.05
22:22:46        all      6.00      0.00      2.50      0.00      3.50     88.00
22:22:47        all      0.50      0.00      0.00      0.00      1.00     98.51
22:22:48        all      3.54      0.00      3.03      0.00      2.02     91.41
22:22:49        all     25.12      0.00      5.42      0.00      5.91     63.55
22:22:50        all     11.44      0.00      3.98      0.00      7.46     77.11
22:22:51        all     23.65      0.00      6.40      0.00      7.88     62.07
22:22:52        all     19.00      0.00      6.50      0.00      2.50     72.00
22:22:53        all      1.50      0.00      0.50      0.00      1.00     97.00
22:22:54        all      0.50      0.00      0.50      0.00      0.00     99.00
22:22:55        all      0.50      0.00      0.00      0.00      0.50     99.00
22:22:56        all      6.93      0.00      3.47      0.00      5.94     83.66
22:22:57        all     17.50      0.00      0.50      0.00      2.00     80.00
22:22:58        all     10.61      0.00      4.55      0.00      2.02     82.83
22:22:59        all     24.26      0.00      7.92      0.50      8.42     58.91
22:23:00        all     19.19      0.00      9.09      0.00      2.02     69.70
22:23:01        all      1.01      0.00      0.00      0.00      0.50     98.49
22:23:02        all      1.00      0.00      0.50      0.00      1.00     97.51
22:23:03        all      3.98      0.00      2.49      0.00      2.49     91.04
22:23:04        all     21.78      0.00      2.97      0.50      7.43     67.33
22:23:05        all     10.05      0.00      2.01      0.00      2.51     85.43
22:23:06        all      5.45      0.00      2.97      0.00      4.46     87.13
22:23:07        all     28.00      0.00     10.50      0.00     18.00     43.50
22:23:08        all     12.87      0.00      4.46      0.00      6.44     76.24
22:23:09        all      1.50      0.00      0.50      0.00      1.50     96.50
22:23:10        all      7.46      0.00      4.48      0.00      4.48     83.58
22:23:11        all      3.47      0.00      1.98      0.00      3.47     91.09
22:23:12        all     30.35      0.00      6.97      0.00     14.43     48.26
22:23:13        all      1.50      0.00      0.50      0.00      0.50     97.50
22:23:14        all      4.46      0.00      3.47      0.00      4.46     87.62
22:23:15        all     28.00      0.00      8.00      0.00     10.50     53.50
22:23:16        all      8.42      0.00      2.97      0.00      6.44     82.18
22:23:17        all     10.34      0.00      5.91      0.00      3.94     79.80
22:23:18        all     17.09      0.00      1.01      0.00      2.01     79.90
22:23:19        all     17.24      0.00      7.88      0.49     13.79     60.59
22:23:20        all     22.66      0.00      7.88      0.00     10.84     58.62
22:23:21        all     16.75      0.00      8.37      0.00     15.27     59.61
22:23:22        all      1.01      0.00      0.50      0.00      0.50     97.99
22:23:23        all      0.50      0.00      0.50      0.00      0.50     98.51
22:23:24        all      4.50      0.00      3.00      0.00      1.00     91.50
22:23:25        all     20.79      0.00      1.98      0.00      5.45     71.78
22:23:26        all     17.33      0.00      6.93      0.00      6.93     68.81
22:23:27        all     17.00      0.00      3.50      0.00     15.00     64.50
22:23:28        all     23.38      0.00      6.97      0.00      4.98     64.68
22:23:29        all      3.96      0.00      0.99      0.00      2.48     92.57
22:23:30        all     28.02      0.00      6.76      0.48     15.94     48.79
22:23:31        all      3.50      0.00      1.50      0.00      2.00     93.00
22:23:32        all     13.73      0.00      3.92      0.00     14.22     68.14
22:23:33        all     29.21      0.00      8.42      0.00     13.37     49.01
22:23:34        all     15.84      0.00      5.45      0.00      6.93     71.78
22:23:35        all      0.00      0.00      0.00      0.00      0.00    100.00
22:23:36        all      0.51      0.00      0.00      0.00      1.01     98.48
22:23:37        all      7.35      0.00      4.90      0.00      6.37     81.37
22:23:38        all     18.41      0.00      1.00      0.00      2.99     77.61
22:23:39        all     27.64      0.00      8.54      0.00     10.55     53.27
22:23:40        all     27.50      0.00     11.50      0.00     17.50     43.50
22:23:41        all      9.90      0.00      3.47      0.00      3.47     83.17
22:23:42        all      2.48      0.00      0.50      0.00      1.49     95.54
22:23:43        all      0.00      0.00      0.00      0.00      0.00    100.00
22:23:44        all      3.48      0.00      2.49      0.00      3.48     90.55
22:23:45        all     22.39      0.00      3.98      0.00      5.47     68.16
22:23:46        all     14.85      0.00      2.97      0.00      3.96     78.22
22:23:47        all     37.50      0.00     10.50      0.00      9.00     43.00
22:23:48        all      7.43      0.00      1.98      0.00      1.49     89.11
22:23:49        all      2.51      0.00      0.00      0.00      1.51     95.98
22:23:50        all      0.00      0.00      0.50      0.50      0.00     99.00
22:23:51        all      0.50      0.00      0.00      0.00      0.50     99.00
22:23:52        all      9.41      0.00      4.46      0.00      4.95     81.19
22:23:53        all     19.70      0.00      2.46      0.00      3.45     74.38
22:23:54        all     15.84      0.00      5.94      0.00      8.91     69.31
22:23:55        all     27.36      0.00      9.45      0.50     13.93     48.76
22:23:56        all     11.33      0.00      4.43      0.00      5.91     78.33
22:23:57        all      1.51      0.00      0.00      0.00      2.01     96.48
22:23:58        all      1.00      0.00      0.00      0.00      0.50     98.51
22:23:59        all     19.61      0.00      4.90      0.00      5.88     69.61
22:24:00        all     12.00      0.00      1.00      0.00      4.00     83.00
22:24:01        all     23.00      0.00      7.50      0.00     13.50     56.00
22:24:02        all     25.73      0.00      9.71      0.00     31.07     33.50
22:24:03        all     20.79      0.00      6.93      0.00     18.32     53.96
22:24:04        all      1.97      0.00      0.99      0.00      1.48     95.57
22:24:05        all      1.01      0.00      0.00      0.50      0.50     97.99
22:24:06        all      1.00      0.00      0.50      0.00      0.50     98.01
22:24:07        all      8.91      0.00      6.44      0.00      4.95     79.70
22:24:08        all     15.42      0.00      1.00      0.00      8.46     75.12
22:24:09        all     16.92      0.00      5.47      0.00      6.97     70.65
22:24:10        all     13.93      0.00      2.99      0.00      8.46     74.63
22:24:11        all     26.11      0.00     11.33      0.00     15.27     47.29
22:24:12        all      1.99      0.00      1.00      0.00      1.00     96.02
22:24:13        all      1.98      0.00      0.50      0.00      2.48     95.05
22:24:14        all      8.37      0.00      1.97      0.00      6.40     83.25
22:24:15        all     19.31      0.00      2.97      0.00      5.94     71.78
22:24:16        all     11.39      0.00      5.94      0.00      4.95     77.72
22:24:17        all     15.50      0.00      3.50      0.00      0.00     81.00
22:24:18        all     20.50      0.00      7.00      0.00      0.00     72.50
22:24:19        all      3.96      0.00      2.48      0.00      0.50     93.07
22:24:20        all      0.00      0.00      0.00      0.00      0.00    100.00
22:24:21        all      0.50      0.00      0.00      0.50      0.00     98.99
22:24:22        all      5.50      0.00      3.00      0.00      2.00     89.50
22:24:23        all      9.95      0.00      1.00      0.00      2.49     86.57
22:24:24        all     20.30      0.00      5.94      0.00      8.91     64.85
22:24:25        all      7.46      0.00      1.00      0.00      1.99     89.55
22:24:26        all     13.30      0.00      3.94      0.49     12.32     69.95
22:24:27        all     23.12      0.00     10.55      0.00     11.56     54.77
22:24:28        all      1.97      0.00      0.49      0.00      0.99     96.55
22:24:29        all      1.49      0.00      0.50      0.00      1.99     96.02
22:24:30        all     19.21      0.00      5.91      0.00      8.37     66.50
22:24:31        all     13.37      0.00      3.47      0.00      4.46     78.71
22:24:32        all     18.09      0.00      4.02      0.00      5.03     72.86
22:24:33        all     30.85      0.00     11.94      0.00      4.98     52.24
22:24:34        all      0.50      0.00      0.50      0.00      0.50     98.49
22:24:35        all      1.49      0.00      0.50      0.00      1.00     97.01
22:24:36        all      1.00      0.00      0.00      0.00      0.50     98.50
22:24:37        all      8.33      0.00      5.88      0.00      4.41     81.37
22:24:38        all     21.61      0.00      1.51      0.00      3.02     73.87
22:24:39        all     15.84      0.00      6.93      0.00      7.92     69.31
22:24:40        all     25.50      0.00      5.50      0.00      7.50     61.50
22:24:41        all     12.00      0.00      7.00      0.50      2.00     78.50
22:24:42        all      1.99      0.00      1.00      0.00      1.99     95.02
22:24:43        all      9.50      0.00      3.00      0.00      4.50     83.00
22:24:44        all     18.81      0.00      1.98      0.00      5.94     73.27
22:24:45        all     25.00      0.00      5.00      0.00      9.00     61.00
22:24:46        all     33.66      0.00     15.84      0.00     12.38     38.12
22:24:47        all      1.00      0.00      0.50      0.00      0.50     98.00
22:24:48        all      1.00      0.00      0.50      0.00      0.00     98.50
22:24:49        all      0.51      0.00      0.00      0.00      0.51     98.99
22:24:50        all     24.38      0.00      6.97      0.00      6.47     62.19
22:24:51        all     10.78      0.00      4.41      0.49      4.90     79.41
22:24:52        all     15.15      0.00      3.54      0.00      6.06     75.25
22:24:53        all     28.00      0.00     11.50      0.00      7.00     53.50
22:24:54        all      4.95      0.00      0.99      0.00      0.99     93.07
22:24:55        all      0.00      0.00      0.50      0.00      0.00     99.50
22:24:56        all      1.00      0.00      0.00      0.00      0.50     98.50
22:24:57        all      7.46      0.00      3.48      0.00      4.98     84.08
22:24:58        all     17.91      0.00      2.99      0.00      9.95     69.15
22:24:59        all     15.84      0.00      6.93      0.00      7.43     69.80
22:25:00        all      3.00      0.00      1.50      0.00      3.50     92.00
22:25:01        all     11.44      0.00      0.50      0.00      4.48     83.58
22:25:02        all     27.45      0.00      9.80      0.00     15.69     47.06
22:25:03        all      7.39      0.00      2.96      0.00      7.39     82.27
22:25:04        all     24.26      0.00      6.44      0.00      9.41     59.90
22:25:05        all     13.30      0.00      0.99      0.00      2.96     82.76
22:25:06        all     25.37      0.00      8.46      0.00      9.95     56.22
22:25:07        all     31.68      0.00     13.86      0.50     11.88     42.08
22:25:08        all     10.73      0.00      1.46      0.00      7.80     80.00
22:25:09        all      1.50      0.00      0.50      0.00      1.00     97.00
22:25:10        all      0.00      0.00      0.00      0.00      0.00    100.00
22:25:11        all      0.50      0.00      0.50      0.00      1.50     97.50
22:25:12        all     12.44      0.00      5.47      0.00     10.95     71.14
22:25:13        all     18.91      0.00      2.49      0.00      6.47     72.14
22:25:14        all     25.00      0.00      7.00      0.00     12.50     55.50
22:25:15        all     29.00      0.00     13.00      0.00      6.00     52.00
22:25:16        all      1.98      0.00      0.50      0.00      1.49     96.04
22:25:17        all      0.99      0.00      0.99      0.50      0.50     97.03
22:25:18        all      6.50      0.00      5.50      0.00      8.00     80.00
22:25:19        all      0.50      0.00      0.50      0.00      1.00     98.01
22:25:20        all     37.00      0.00     10.00      0.00     14.50     38.50
22:25:21        all      5.94      0.00      1.49      0.00      3.47     89.11
22:25:22        all      3.48      0.00      1.49      0.00      4.48     90.55
22:25:23        all      9.36      0.00      1.97      0.00      3.45     85.22
22:25:24        all     31.00      0.00     12.00      0.00      7.00     50.00
22:25:25        all      1.00      0.00      0.50      0.00      0.50     98.00
22:25:26        all      8.42      0.00      7.43      0.00      7.92     76.24
22:25:27        all     21.11      0.00      1.01      0.00     17.09     60.80
22:25:28        all     20.77      0.00      8.70      0.00     18.36     52.17
22:25:29        all      2.49      0.00      0.50      0.00      2.49     94.53
22:25:30        all      1.99      0.00      1.49      0.00      3.98     92.54
22:25:31        all     30.35      0.00      8.46      0.00      9.45     51.74
22:25:32        all     10.89      0.00      2.97      0.50      4.95     80.69
22:25:33        all      8.78      0.00      5.85      0.00     10.24     75.12
22:25:34        all     22.11      0.00      2.51      0.00      7.54     67.84
22:25:35        all     14.85      0.00      5.45      0.00      6.44     73.27
22:25:36        all     22.28      0.00      6.93      0.00      6.93     63.86
22:25:37        all     23.00      0.00      8.50      0.00      5.50     63.00
22:25:38        all      2.01      0.00      0.00      0.50      0.00     97.49
22:25:39        all      0.00      0.00      0.50      0.00      0.00     99.50
22:25:40        all      0.50      0.00      0.00      0.00      1.00     98.50
22:25:41        all     10.95      0.00      5.47      0.00      9.95     73.63
22:25:42        all     21.39      0.00      3.48      0.00      6.97     68.16
22:25:43        all     13.79      0.00      3.94      0.00     10.34     71.92
22:25:44        all     35.68      0.00     10.55      0.00     16.08     37.69
22:25:45        all     21.18      0.00      7.39      0.00     14.29     57.14
22:25:46        all      1.00      0.00      0.50      0.00      1.00     97.51
22:25:47        all      1.00      0.00      0.00      0.00      0.50     98.50
22:25:48        all      0.50      0.00      0.00      0.00      0.50     98.99
22:25:49        all     12.81      0.00      5.42      0.00      9.36     72.41
22:25:50        all     18.00      0.00      0.00      0.00      9.00     73.00
22:25:51        all     18.14      0.00      8.33      0.00     11.27     62.25
22:25:52        all     28.71      0.00      6.93      0.00     13.86     50.50
22:25:53        all     20.40      0.00      8.46      0.00      3.98     67.16
22:25:54        all      1.98      0.00      0.50      0.00      0.50     97.03
22:25:55        all      0.50      0.00      0.00      0.00      0.00     99.50
22:25:56        all      8.87      0.00      5.42      0.00      8.87     76.85
22:25:57        all     19.40      0.00      1.49      0.00      4.98     74.13
22:25:58        all     15.20      0.00      5.39      0.49     10.78     68.14
22:25:59        all     33.00      0.00     11.33      0.00     21.18     34.48
22:26:00        all     17.41      0.00      7.46      0.00      8.46     66.67
22:26:01        all      1.01      0.00      0.00      0.00      1.01     97.99
22:26:02        all      0.00      0.00      0.00      0.00      0.00    100.00
22:26:03        all      0.51      0.00      0.00      0.00      0.51     98.99
22:26:04        all      0.99      0.00      0.99      0.00      0.99     97.03
22:26:05        all     21.08      0.00      6.86      0.00     12.25     59.80
22:26:06        all     11.94      0.00      1.00      0.00      3.48     83.58
22:26:07        all     26.73      0.00      9.41      0.00      8.42     55.45
22:26:08        all     23.76      0.00      7.43      0.50      4.95     63.37
22:26:09        all      2.49      0.00      0.50      0.00      0.50     96.52
22:26:10        all      0.50      0.00      0.50      0.00      0.00     98.99
22:26:11        all     15.69      0.00      4.90      0.00      8.82     70.59
22:26:12        all     14.43      0.00      1.49      0.00      5.47     78.61
22:26:13        all     20.10      0.00      4.90      0.00     10.78     64.22
22:26:14        all     30.00      0.00     15.00      0.00      9.00     46.00
22:26:15        all     10.50      0.00      2.00      0.00      0.50     87.00
22:26:16        all      1.00      0.00      0.50      0.00      0.00     98.51
22:26:17        all      0.00      0.00      0.00      0.00      0.00    100.00
22:26:18        all      0.51      0.00      0.00      0.00      1.01     98.48
22:26:19        all     24.75      0.00      5.45      0.00      5.94     63.86
22:26:20        all      3.02      0.00      0.50      0.00      0.00     96.48
22:26:21        all     22.66      0.00      7.39      0.00      8.37     61.58
22:26:22        all     29.56      0.00      8.87      0.00     22.66     38.92
22:26:23        all     17.91      0.00      7.46      0.00      8.46     66.17
22:26:24        all      1.49      0.00      0.50      0.50      1.49     96.02
22:26:25        all      0.00      0.00      1.01      0.00      0.50     98.49
22:26:26        all      0.50      0.00      0.00      0.00      0.50     99.00
22:26:27        all     10.34      0.00      5.91      0.00      8.87     74.88
22:26:28        all     10.00      0.00      0.50      0.00      5.00     84.50
22:26:29        all     29.41      0.00      8.82      0.00     16.18     45.59
22:26:30        all      3.00      0.00      1.50      0.00      2.50     93.00
22:26:31        all      9.45      0.00      1.00      0.00      4.48     85.07
22:26:32        all     21.78      0.00     10.89      0.00     18.32     49.01
22:26:33        all     11.82      0.00      3.94      0.00      3.94     80.30
22:26:34        all     18.09      0.00      7.54      0.50      5.03     68.84
22:26:35        all     15.58      0.00      2.01      0.00      3.52     78.89
22:26:36        all     30.50      0.00      7.00      0.00      8.00     54.50
22:26:37        all     34.17      0.00     17.09      0.00     11.56     37.19
22:26:38        all      8.00      0.00      4.50      0.00      3.00     84.50
22:26:39        all      1.49      0.00      0.50      0.50      0.50     97.01
22:26:40        all      0.50      0.00      0.00      0.00      0.00     99.50
22:26:41        all      3.47      0.00      2.48      0.00      4.46     89.60
22:26:42        all     14.93      0.00      3.48      0.00     10.95     70.65
22:26:43        all     20.50      0.00      6.00      0.00     10.50     63.00
22:26:44        all     11.50      0.00      4.50      0.00      7.00     77.00
22:26:45        all      1.98      0.00      0.50      0.00      2.97     94.55
22:26:46        all     16.50      0.00      4.00      0.00      8.00     71.50
22:26:47        all     27.36      0.00      9.45      0.00     13.93     49.25
22:26:48        all      2.99      0.00      0.50      0.00      1.00     95.52
22:26:49        all     22.77      0.00      9.90      0.00     16.34     50.99
22:26:50        all     13.86      0.00      0.50      0.00      6.44     79.21
22:26:51        all     20.69      0.00      8.87      0.00     15.76     54.68
22:26:52        all     31.00      0.00     12.00      0.00     10.50     46.50
22:26:53        all      7.96      0.00      3.48      0.00      4.48     84.08
22:26:54        all      1.00      0.00      1.00      0.50      0.50     97.00
22:26:55        all      0.50      0.00      0.50      0.00      0.50     98.51
22:26:56        all     12.32      0.00      6.90      0.00     11.82     68.97
22:26:57        all     18.91      0.00      1.99      0.00     11.94     67.16
22:26:58        all     15.76      0.00      5.91      0.00      8.37     69.95
22:26:59        all     30.35      0.00      5.97      0.00     13.93     49.75
22:27:00        all     23.76      0.00     13.37      0.00     14.36     48.51
22:27:01        all      0.51      0.00      0.00      0.00      0.00     99.49
22:27:02        all      0.00      0.00      0.00      0.00      0.50     99.50
22:27:03        all      0.50      0.00      0.00      0.00      0.00     99.50
22:27:04        all      0.50      0.00      0.00      0.00      0.50     98.99
22:27:05        all     12.94      0.00      4.98      0.50      7.46     74.13
22:27:06        all     17.50      0.00      2.00      0.00      3.50     77.00
22:27:07        all     11.88      0.00      4.46      0.00      6.44     77.23
22:27:08        all     30.50      0.00      8.00      0.00     14.00     47.50
22:27:09        all     18.91      0.00      6.97      0.00      7.96     66.17
22:27:10        all      2.00      0.00      0.50      0.00      0.50     97.00
22:27:11        all      0.00      0.00      0.00      0.00      0.00    100.00
22:27:12        all      0.50      0.00      0.50      0.00      1.00     98.01
22:27:13        all     25.12      0.00      4.93      0.00     17.73     52.22
22:27:14        all     11.39      0.00      2.97      0.00      6.44     79.21
22:27:15        all     12.38      0.00      5.94      0.00     10.40     71.29
22:27:16        all     22.77      0.00      7.43      0.00      9.90     59.90
22:27:17        all     21.89      0.00      8.46      0.00      9.45     60.20
22:27:18        all      1.01      0.00      0.00      0.00      0.50     98.49
22:27:19        all     17.09      0.00      6.53      0.00      7.04     69.35
22:27:20        all     19.80      0.00      1.98      0.50      9.90     67.82
22:27:21        all      9.95      0.00      5.47      0.00      6.97     77.61
22:27:22        all     19.61      0.00      2.94      0.00     11.27     66.18
22:27:23        all     30.54      0.00     13.30      0.00     13.79     42.36
22:27:24        all     11.94      0.00      2.99      0.00      2.99     82.09
22:27:25        all      0.99      0.00      0.50      0.50      0.99     97.03
22:27:26        all      1.00      0.00      0.00      0.00      0.50     98.51
22:27:27        all     17.73      0.00      5.91      0.00      3.45     72.91
22:27:28        all     15.42      0.00      2.49      0.00      5.47     76.62
22:27:29        all     23.15      0.00      6.90      0.00      9.36     60.59
22:27:30        all     40.30      0.00      7.96      0.00      8.46     43.28
