Linux 5.10.234-225.910.amzn2.x86_64 (ip-10-0-161-222.us-west-2.compute.internal) 	03/25/25 	_x86_64_	(2 CPU)

22:13:04    kbmemfree kbmemused  %memused kbbuffers  kbcached  kbcommit   %commit  kbactive   kbinact   kbdirty
22:13:05      2808952   1134348     28.77      2088    900692    371360      9.42    179452    855808    298608
22:13:06      2697360   1245940     31.60      2088    908416    512432     13.00    179496    968592    306328
22:13:07      2716860   1226440     31.10      2088    913568    442096     11.21    179524    949900    311492
22:13:08      2658144   1285156     32.59      2088    913568    500036     12.68    179520   1007844    311492
22:13:09      2653356   1289944     32.71      2088    913568    504440     12.79    179520   1012272    311492
22:13:10      2652820   1290480     32.73      2088    913568    505720     12.82    179520   1013532    171212
22:13:11      2651308   1291992     32.76      2088    913568    507224     12.86    179520   1014992    171212
22:13:12      2861968   1081332     27.42      2088    913568    293284      7.44    179724    803992    172712
22:13:13      2862036   1081264     27.42      2088    913496    293284      7.44    179692    803896    172788
22:13:14      2862036   1081264     27.42      2088    913496    293284      7.44    179692    803896    172788
22:13:15      2862036   1081264     27.42      2088    913496    293284      7.44    179692    803896    172788
22:13:16      2862036   1081264     27.42      2088    913496    293284      7.44    179692    803896    172736
22:13:17      2862044   1081256     27.42      2088    913752    293284      7.44    179708    804056    172736
22:13:18      2862084   1081216     27.42      2088    913752    293284      7.44    179712    804100    172736
22:13:19      2862084   1081216     27.42      2088    913752    293284      7.44    179712    804100    172736
22:13:20      2862084   1081216     27.42      2088    913752    293284      7.44    179712    804100    172736
22:13:21      2862076   1081224     27.42      2088    913752    293284      7.44    179712    804112    172720
22:13:22      2860044   1083256     27.47      2088    913852    301436      7.64    179812    806812    172720
22:13:23      2879052   1064248     26.99      2088    913956    280080      7.10    180016    787636    173020
22:13:24      2856104   1087196     27.57      2088    913968    307108      7.79    180016    811768    173032
22:13:25      2832896   1110404     28.16      2088    913968    330068      8.37    180016    832808    139332
22:13:26      2819700   1123600     28.49      2088    913980    343920      8.72    180016    847320    139308
22:13:27      2802124   1141176     28.94      2088    913980    360020      9.13    180016    863724    139308
22:13:28      2799764   1143536     29.00      2088    913992    363628      9.22    180016    868180    139320
22:13:29      2774488   1168812     29.64      2088    913996    387996      9.84    180016    892644    139324
22:13:30      2770840   1172460     29.73      2088    914000    385936      9.79    180016    890872     80468
22:13:31      2798092   1145208     29.04      2088    914008    357472      9.07    180016    862332     36696
22:13:32      2839120   1104180     28.00      2088    914048    315812      8.01    180016    821208     36736
22:13:33      2854248   1089052     27.62      2088    917660    301412      7.64    180016    807292     40348
22:13:34      2846212   1097088     27.82      2088    917676    308380      7.82    180016    812544     40388
22:13:35      2841256   1102044     27.95      2088    917676    311792      7.91    180016    818320     40388
22:13:36      2832784   1110516     28.16      2088    917692    321432      8.15    180016    827816     18304
22:13:37      2853936   1089364     27.63      2088    920364    297780      7.55    180016    806548     20984
22:13:38      2852896   1090404     27.65      2088    920392    297560      7.55    180016    806564     21012
22:13:39      2850580   1092720     27.71      2088    920392    299596      7.60    180016    808620     21012
22:13:40      2827980   1115320     28.28      2088    920404    324284      8.22    180016    832684     21024
22:13:41      2818576   1124724     28.52      2088    920408    333444      8.46    180016    841780      8188
22:13:42      2814820   1128480     28.62      2088    920420    339140      8.60    180016    846224      8200
22:13:43      2795156   1148144     29.12      2088    920420    357508      9.07    180016    865028      8200
22:13:44      2788376   1154924     29.29      2088    920428    365156      9.26    180016    873668      8208
22:13:45      2790148   1153152     29.24      2088    920452    362076      9.18    180016    870016      8232
22:13:46      2785604   1157696     29.36      2088    920452    367260      9.31    180016    874988      6432
22:13:47      2784556   1158744     29.39      2088    920460    364668      9.25    180016    873720      6408
22:13:48      2839076   1104224     28.00      2088    923080    309772      7.86    180016    819976      9028
22:13:49      2835764   1107536     28.09      2088    923172    313736      7.96    180016    823780      9120
22:13:50      2823400   1119900     28.40      2088    923188    326168      8.27    180016    834492      9136
22:13:51      2824776   1118524     28.37      2088    923188    327744      8.31    180016    835836      9136
22:13:52      2816292   1127008     28.58      2088    923196    336084      8.52    180016    845224      9144
22:13:53      2808216   1135084     28.79      2088    925864    339808      8.62    180016    851324     11812
22:13:54      2833284   1110016     28.15      2088    925908    314896      7.99    180016    827876     11856
22:13:55      2827812   1115488     28.29      2088    925908    321520      8.15    180016    834236     11856
22:13:56      2820536   1122764     28.47      2088    925920    330256      8.38    180016    841624     11812
22:13:57      2800880   1142420     28.97      2088    925920    350784      8.90    180016    861724     11812
22:13:58      2806172   1137128     28.84      2088    925932    345224      8.75    180016    856276     11824
22:13:59      2806480   1136820     28.83      2088    925932    345228      8.75    180016    856440     11824
22:14:00      2800096   1143204     28.99      2088    925936    341892      8.67    180016    854704     11828
22:14:01      2821260   1122040     28.45      2088    925968    329456      8.35    180108    842292     11860
22:14:02      2813480   1129820     28.65      2088    925972    337788      8.57    180108    850144     11864
22:14:03      2808708   1134592     28.77      2088    925980    340412      8.63    180108    854400     11872
22:14:04      2828616   1114684     28.27      2088    928584    317928      8.06    180108    832900     14476
22:14:05      2831612   1111688     28.19      2088    928672    313960      7.96    180108    829740     14564
22:14:06      2827608   1115692     28.29      2088    928680    320228      8.12    180108    835484     10676
22:14:07      2814252   1129048     28.63      2088    928680    332476      8.43    180108    847348     10680
22:14:08      2813200   1130100     28.66      2088    928696    334824      8.49    180108    847724     10708
22:14:09      2800468   1142832     28.98      2088    928696    348868      8.85    180108    862244     10708
22:14:10      2784868   1158432     29.38      2088    928708    361008      9.15    180108    875400     10720
22:14:11      2785320   1157980     29.37      2088    928716    361524      9.17    180108    875856     10728
22:14:12      2816064   1127236     28.59      2088    931420    327660      8.31    180108    844796     10756
22:14:13      2795824   1147476     29.10      2088    931424    349620      8.87    180108    866260     10764
22:14:14      2786328   1156972     29.34      2088    931440    358520      9.09    180108    874368     10780
22:14:15      2790848   1152452     29.23      2088    931440    354024      8.98    180108    871652     10780
22:14:16      2782692   1160608     29.43      2088    931460    363060      9.21    180108    879560     10800
22:14:17      2776712   1166588     29.58      2088    931464    370644      9.40    180108    886864     10804
22:14:18      2788056   1155244     29.30      2088    931464    357664      9.07    180108    874904     10804
22:14:19      2811532   1131768     28.70      2088    934180    329248      8.35    180108    849892     13520
22:14:20      2806612   1136688     28.83      2088    934184    336248      8.53    180108    855552     13524
22:14:21      2785256   1158044     29.37      2088    934184    356884      9.05    180108    876180     13524
22:14:22      2769928   1173372     29.76      2088    934196    372948      9.46    180108    891972     10868
22:14:23      2766908   1176392     29.83      2088    934208    378292      9.59    180108    896460     10880
22:14:24      2765836   1177464     29.86      2088    934208    374840      9.51    180108    895432     10880
22:14:25      2781196   1162104     29.47      2088    934220    353672      8.97    180108    874344     10892
22:14:26      2805920   1137380     28.84      2088    936916    331144      8.40    180108    855772     13588
22:14:27      2809008   1134292     28.77      2088    936940    329236      8.35    180108    853480     11012
22:14:28      2807464   1135836     28.80      2088    936952    329384      8.35    180108    853728     10960
22:14:29      2806812   1136488     28.82      2088    936964    333248      8.45    180108    855448     10972
22:14:30      2796352   1146948     29.09      2088    936972    343580      8.71    180108    866512     10980
22:14:31      2776564   1166736     29.59      2088    939584    358432      9.09    180108    884344     13592
22:14:32      2802424   1140876     28.93      2088    939672    332152      8.42    180108    858704     13680
22:14:33      2802424   1140876     28.93      2088    939672    333180      8.45    180108    859904     13680
22:14:34      2792660   1150640     29.18      2088    939680    343860      8.72    180108    869804     13688
22:14:35      2782564   1160736     29.44      2088    939696    353844      8.97    180108    880008     13704
22:14:36      2773424   1169876     29.67      2088    939696    364848      9.25    180108    890208     13704
22:14:37      2790572   1152728     29.23      2088    942628    340488      8.63    180108    870952     13600
22:14:38      2797440   1145860     29.06      2088    942692    333700      8.46    180108    864064     13664
22:14:39      2796676   1146624     29.08      2088    942712    335708      8.51    180108    865580     13684
22:14:40      2794408   1148892     29.14      2088    942712    340936      8.65    180108    868984     13684
22:14:41      2784072   1159228     29.40      2088    942728    348536      8.84    180108    878848     13700
22:14:42      2791244   1152056     29.22      2088    945420    336336      8.53    180108    869812     13816
22:14:43      2787332   1155968     29.31      2088    945424    344244      8.73    180108    876156     13824
22:14:44      2778020   1165280     29.55      2088    945436    354304      8.98    180108    883772     13836
22:14:45      2788748   1154552     29.28      2088    948100    338500      8.58    180108    872608     16500
22:14:46      2788580   1154720     29.28      2088    948136    338312      8.58    180108    872752     16536
22:14:47      2780484   1162816     29.49      2088    948136    345752      8.77    180108    880700     16536
22:14:48      2781656   1161644     29.46      2088    948156    345952      8.77    180108    879448     16552
22:14:49      2775468   1167832     29.62      2088    948156    356256      9.03    180108    888640     16552
22:14:50      2774936   1168364     29.63      2088    948156    352908      8.95    180108    887440     16552
22:14:51      2777988   1165312     29.55      2088    950852    347016      8.80    180108    884660     19248
22:14:52      2773900   1169400     29.66      2088    950856    349528      8.86    180108    887284     16588
22:14:53      2769780   1173520     29.76      2088    950872    356260      9.03    180108    893144     16604
22:14:54      2775452   1167848     29.62      2088    953556    345668      8.77    180108    885344     19288
22:14:55      2768896   1174404     29.78      2088    953560    353684      8.97    180108    893248     19292
22:14:56      2770952   1172348     29.73      2088    953588    354408      8.99    180108    892488     19320
22:14:57      2763916   1179384     29.91      2088    953588    362044      9.18    180108    899744     19324
22:14:58      2770608   1172692     29.74      2088    956216    347456      8.81    180108    890288     19288
22:14:59      2770972   1172328     29.73      2088    956284    347456      8.81    180108    890604     19356
22:15:00      2764412   1178888     29.90      2088    956288    355412      9.01    180108    898316     19360
22:15:01      2762880   1180420     29.93      2088    956288    356760      9.05    180108    899640     19360
22:15:02      2760356   1182944     30.00      2088    956304    364004      9.23    180108    902928     19376
22:15:03      2757584   1185716     30.07      2088    956304    365428      9.27    180108    904400     16712
22:15:04      2756244   1187056     30.10      2088    956304    359200      9.11    180108    900192     16712
22:15:05      2764380   1178920     29.90      2088    959000    353432      8.96    180108    897832     19408
22:15:06      2756064   1187236     30.11      2088    959004    363348      9.21    180108    907528     19412
22:15:07      2757480   1185820     30.07      2088    959016    362248      9.19    180108    904604     19424
22:15:08      2752016   1191284     30.21      2088    959020    368260      9.34    180108    910200     16116
22:15:09      2760764   1182536     29.99      2088    961632    354676      8.99    180108    900868     18728
22:15:10      2756764   1186536     30.09      2088    961716    359548      9.12    180108    905936     18812
22:15:11      2751176   1192124     30.23      2088    961716    365336      9.26    180108    911564     18812
22:15:12      2747364   1195936     30.33      2088    961732    367620      9.32    180108    914676     18828
22:15:13      2744324   1198976     30.41      2088    961736    371928      9.43    180108    917304     16148
22:15:14      2748876   1194424     30.29      2088    964412    364196      9.24    180108    913648     18736
22:15:15      2752040   1191260     30.21      2088    964432    361020      9.16    180108    910264     18756
22:15:16      2747504   1195796     30.32      2088    964448    367496      9.32    180108    914752     18772
22:15:17      2735912   1207388     30.62      2088    964448    381100      9.66    180108    929636     18772
22:15:18      2748152   1195148     30.31      2088    967128    360964      9.15    180108    912916     18788
22:15:19      2748504   1194796     30.30      2088    967136    360964      9.15    180108    913164     18796
22:15:20      2747884   1195416     30.32      2088    967136    361984      9.18    180108    914264     18796
22:15:21      2742424   1200876     30.45      2088    967144    369468      9.37    180108    921416     18804
22:15:22      2742660   1200640     30.45      2088    967144    368296      9.34    180108    920344     18804
22:15:23      2736408   1206892     30.61      2088    967160    376444      9.55    180108    926404     16156
22:15:24      2734288   1209012     30.66      2088    967160    378440      9.60    180108    928464     16156
22:15:25      2741388   1201912     30.48      2088    969768    365116      9.26    180108    919548     18764
22:15:26      2740880   1202420     30.49      2088    969852    365976      9.28    180108    920464     18848
22:15:27      2734540   1208760     30.65      2088    969856    373516      9.47    180108    927764     18852
22:15:28      2728476   1214824     30.81      2088    969872    381804      9.68    180108    934276     13568
22:15:29      2727256   1216044     30.84      2088    969872    383144      9.72    180108    935888     13540
22:15:30      2737288   1206012     30.58      2088    972476    366776      9.30    180108    924492     16144
22:15:31      2737360   1205940     30.58      2088    972572    367348      9.32    180108    925244     16240
22:15:32      2727524   1215776     30.83      2088    972572    377356      9.57    180108    934600     16240
22:15:33      2717092   1226208     31.10      2088    972576    374856      9.51    180108    932304     16244
22:15:34      2721980   1221320     30.97      2088    972588    385596      9.78    180108    941328     16256
22:15:35      2720460   1222840     31.01      2088    972588    386452      9.80    180108    942012     16256
22:15:36      2731192   1212108     30.74      2088    975280    370996      9.41    180108    931160     18948
22:15:37      2730256   1213044     30.76      2088    975288    371756      9.43    180108    932152     18956
22:15:38      2721712   1221588     30.98      2088    975292    380260      9.64    180108    940772     18960
22:15:39      2721388   1221912     30.99      2088    975304    380724      9.65    180108    939636     16024
22:15:40      2720160   1223140     31.02      2088    975304    384620      9.75    180108    942928     16024
22:15:41      2722672   1220628     30.95      2088    977916    375772      9.53    180108    939024     18636
22:15:42      2723888   1219412     30.92      2088    977996    374080      9.49    180108    937228     18716
22:15:43      2723636   1219664     30.93      2088    978000    375108      9.51    180108    938180     18720
22:15:44      2717640   1225660     31.08      2088    978004    382600      9.70    180108    945428     16052
22:15:45      2717200   1226100     31.09      2088    978016    383932      9.74    180108    945008     16068
22:15:46      2688660   1254640     31.82      2088    978020    413468     10.49    180108    975984     16080
22:15:47      2720360   1222940     31.01      2088    980700    375740      9.53    180108    941364     18760
22:15:48      2719844   1223456     31.03      2088    980712    376620      9.55    180108    942600     18772
22:15:49      2711032   1232268     31.25      2088    980716    387736      9.83    180108    953276     13440
22:15:50      2710748   1232552     31.26      2088    980732    387616      9.83    180108    951408     13460
22:15:51      2708268   1235032     31.32      2088    980732    392664      9.96    180108    956256     13460
22:15:52      2702244   1241056     31.47      2088    983408    394100      9.99    180108    961904     16136
22:15:53      2712576   1230724     31.21      2088    983424    381008      9.66    180108    949360     16152
22:15:54      2712232   1231068     31.22      2088    983424    381016      9.66    180108    949476     16152
22:15:55      2709248   1234052     31.29      2088    983428    385764      9.78    180108    953576     16156
22:15:56      2709572   1233728     31.29      2088    983440    386216      9.79    180108    952672     16168
22:15:57      2700808   1242492     31.51      2088    983444    394152     10.00    180108    960344     16172
22:15:58      2665508   1277792     32.40      2088    986044    425484     10.79    180108    996024     18772
22:15:59      2708024   1235276     31.33      2088    986124    383304      9.72    180108    953668     16188
22:16:00      2708052   1235248     31.33      2088    986136    382540      9.70    180108    953496     16200
22:16:01      2708564   1234736     31.31      2088    986140    383404      9.72    180108    954600     16204
22:16:02      2705852   1237448     31.38      2088    986140    384916      9.76    180108    955956     16204
22:16:03      2697772   1245528     31.59      2088    986144    393420      9.98    180108    964260     16208
22:16:04      2696008   1247292     31.63      2088    986148    396872     10.06    180108    966264     13544
22:16:05      2695456   1247844     31.64      2088    986160    397300     10.08    180108    966516     13556
22:16:06      2677856   1265444     32.09      2088    988836    413376     10.48    180108    987008     16232
22:16:07      2702376   1240924     31.47      2088    988844    385544      9.78    180108    959568     16240
22:16:08      2700748   1242552     31.51      2088    988856    386528      9.80    180108    960584     16252
22:16:09      2697844   1245456     31.58      2088    988856    391524      9.93    180108    965184     13352
22:16:10      2698016   1245284     31.58      2088    988876    392952      9.97    180108    965020     13364
22:16:11      2687872   1255428     31.84      2088    988876    402684     10.21    180108    974964     13368
22:16:12      2697920   1245380     31.58      2088    991548    387044      9.82    180108    963700     16040
22:16:13      2698000   1245300     31.58      2088    991572    386372      9.80    180108    963780     16064
22:16:14      2697496   1245804     31.59      2088    991572    386588      9.80    180108    963804     13396
22:16:15      2697188   1246112     31.60      2088    991572    386436      9.80    180108    963824     13396
22:16:16      2689448   1253852     31.80      2088    991576    396876     10.06    180108    973204     13400
22:16:17      2689912   1253388     31.79      2088    991576    395296     10.02    180108    971948     13400
22:16:18      2683848   1259452     31.94      2088    991592    402556     10.21    180108    977204     13416
22:16:19      2680856   1262444     32.01      2088    991592    408572     10.36    180108    983220     10732
22:16:20      2680004   1263296     32.04      2088    991592    409260     10.38    180108    984260     10736
22:16:21      2690844   1252456     31.76      2088    994204    391596      9.93    180108    971304     13348
22:16:22      2688860   1254440     31.81      2088    994284    394716     10.01    180108    974080     13428
22:16:23      2680208   1263092     32.03      2088    994292    404256     10.25    180108    982732     13436
22:16:24      2675508   1267792     32.15      2088    994292    402516     10.21    180108    981480     13436
22:16:25      2677320   1265980     32.10      2088    994308    410340     10.41    180108    987888     10788
22:16:26      2671504   1271796     32.25      2088    994308    412408     10.46    180108    990188     10788
22:16:27      2682336   1260964     31.98      2088    996992    396504     10.06    180108    978584     13472
22:16:28      2682732   1260568     31.97      2088    996996    396204     10.05    180108    978984     13476
22:16:29      2674172   1269128     32.18      2088    997008    405636     10.29    180108    987588     13488
22:16:30      2666964   1276336     32.37      2088    997024    415968     10.55    180108    995880     10840
22:16:31      2671968   1271332     32.24      2088    997024    408916     10.37    180108    990616     10952
22:16:32      2678536   1264764     32.07      2088    999636    398508     10.11    180108    983000     13564
22:16:33      2678832   1264468     32.07      2088    999716    397328     10.08    180108    981888     13644
22:16:34      2677140   1266160     32.11      2088    999716    398868     10.12    180108    983488     13644
22:16:35      2674460   1268840     32.18      2088    999724    402944     10.22    180108    988196     13660
22:16:36      2674484   1268816     32.18      2088    999736    406956     10.32    180108    990448     13672
22:16:37      2659056   1284244     32.57      2088    999740    417620     10.59    180108   1001424     13676
22:16:38      2673680   1269620     32.20      2088   1002352    398972     10.12    180108    987116     16288
22:16:39      2674636   1268664     32.17      2088   1002420    398252     10.10    180108    986880     16356
22:16:40      2672476   1270824     32.23      2088   1002432    402092     10.20    180108    990240     13472
22:16:41      2662444   1280856     32.48      2088   1002436    413816     10.49    180108   1000592     13464
22:16:42      2661132   1282168     32.52      2088   1002452    415216     10.53    180108   1000248     13480
22:16:43      2656388   1286912     32.64      2088   1002456    420436     10.66    180108   1005972     13484
22:16:44      2658768   1284532     32.58      2088   1002456    416036     10.55    180108   1003400     13484
22:16:45      2666688   1276612     32.37      2088   1005140    405144     10.27    180108    995428     13500
22:16:46      2657316   1285984     32.61      2088   1005152    415232     10.53    180108   1005220     13512
22:16:47      2660272   1283028     32.54      2088   1005156    412120     10.45    180108   1001988     13516
22:16:48      2658040   1285260     32.59      2088   1005168    417140     10.58    180108   1005552     13528
22:16:49      2623452   1319848     33.47      2088   1007780    446304     11.32    180108   1039384     16140
22:16:50      2662128   1281172     32.49      2088   1007860    405976     10.30    180108    999168     16216
22:16:51      2662024   1281276     32.49      2088   1007860    405944     10.29    180108    999368     16220
22:16:52      2651784   1291516     32.75      2088   1007868    417544     10.59    180108   1010012     16228
22:16:53      2653356   1289944     32.71      2088   1007880    418880     10.62    180108   1009388     16240
22:16:54      2648296   1295004     32.84      2088   1007884    422652     10.72    180108   1014584     16244
22:16:55      2658788   1284512     32.57      2088   1010560    408400     10.36    180108   1003180     16256
22:16:56      2657372   1285928     32.61      2088   1010564    408280     10.35    180108   1003872     16260
22:16:57      2654876   1288424     32.67      2088   1010576    411272     10.43    180108   1007144     16272
22:16:58      2645452   1297848     32.91      2088   1010576    421364     10.69    180108   1017148     16272
22:16:59      2648300   1295000     32.84      2088   1010596    418992     10.63    180108   1013288     16292
22:17:00      2639212   1304088     33.07      2088   1010596    430300     10.91    180108   1023516     13656
22:17:01      2651148   1292152     32.77      2088   1013204    413864     10.50    180108   1011144     16232
22:17:02      2651836   1291464     32.75      2088   1013272    412004     10.45    180108   1009704     16300
22:17:03      2651544   1291756     32.76      2088   1013288    412132     10.45    180108   1009820     16316
22:17:04      2649980   1293320     32.80      2088   1013292    416288     10.56    180108   1012980     16320
22:17:05      2639528   1303772     33.06      2088   1013292    425040     10.78    180108   1022104     16320
22:17:06      2644976   1298324     32.92      2088   1013308    422956     10.73    180108   1018336     13560
22:17:07      2639968   1303332     33.05      2088   1013308    428220     10.86    180108   1023304     13560
22:17:08      2600336   1342964     34.06      2088   1015972    461924     11.71    180108   1061140     16224
22:17:09      2644148   1299152     32.95      2088   1015988    416648     10.57    180108   1016356     16240
22:17:10      2643416   1299884     32.96      2088   1016000    418468     10.61    180108   1018488     16252
22:17:11      2633156   1310144     33.22      2088   1016008    430152     10.91    180108   1029712     13348
22:17:12      2638952   1304348     33.08      2088   1016020    426964     10.83    180108   1024976     13360
22:17:13      2628804   1314496     33.33      2088   1016020    432052     10.96    180108   1033000     13360
22:17:14      2641188   1302112     33.02      2088   1018700    415428     10.54    180108   1019644     16040
22:17:15      2640684   1302616     33.03      2088   1018716    416232     10.56    180108   1020416     16056
22:17:16      2638172   1305128     33.10      2088   1018716    419264     10.63    180108   1023416     13456
22:17:17      2630588   1312712     33.29      2088   1018724    428808     10.87    180108   1031160     13400
22:17:18      2628084   1315216     33.35      2088   1018732    435240     11.04    180108   1035744     13408
22:17:19      2602104   1341196     34.01      2088   1021348    455336     11.55    180108   1059968     16024
22:17:20      2633872   1309428     33.21      2088   1021420    422476     10.71    180108   1027748     16096
22:17:21      2633568   1309732     33.21      2088   1021432    421960     10.70    180108   1027476     13496
22:17:22      2631604   1311696     33.26      2088   1021436    424352     10.76    180108   1029912     13440
22:17:23      2627572   1315728     33.37      2088   1021440    430124     10.91    180108   1035380     13448
22:17:24      2626060   1317240     33.40      2088   1021456    432536     10.97    180108   1035928     13464
22:17:25      2617360   1325940     33.63      2088   1021460    438572     11.12    180108   1041828     13468
22:17:26      2580952   1362348     34.55      2088   1021460    476580     12.09    180108   1081256     10868
22:17:27      2628572   1314728     33.34      2088   1024140    424816     10.77    180108   1032636     13484
22:17:28      2628808   1314492     33.33      2088   1024140    424932     10.78    180108   1033052     13484
22:17:29      2626712   1316588     33.39      2088   1024156    427880     10.85    180108   1035980     13500
22:17:30      2618968   1324332     33.58      2088   1024156    433924     11.00    180108   1042192     13500
22:17:31      2618752   1324548     33.59      2088   1024172    435032     11.03    180108   1043136     13516
22:17:32      2615200   1328100     33.68      2088   1024172    437772     11.10    180108   1046456     13512
22:17:33      2619768   1323532     33.56      2088   1026852    429924     10.90    180108   1041244     16192
22:17:34      2621024   1322276     33.53      2088   1026852    428748     10.87    180108   1040268     16192
22:17:35      2619360   1323940     33.57      2088   1026864    430776     10.92    180108   1042264     16204
22:17:36      2608320   1334980     33.85      2088   1026872    443104     11.24    180108   1053512     13548
22:17:37      2603776   1339524     33.97      2088   1026884    448812     11.38    180108   1057816     13560
22:17:38      2603820   1339480     33.97      2088   1026884    448552     11.38    180108   1057452     13560
22:17:39      2604004   1339296     33.96      2088   1026888    445468     11.30    180108   1056964     13564
22:17:40      2613692   1329608     33.72      2088   1029508    433580     11.00    180108   1047556     16184
22:17:41      2613856   1329444     33.71      2088   1029584    434952     11.03    180108   1049176     13344
22:17:42      2604716   1338584     33.95      2088   1029584    443468     11.25    180108   1056476     13344
22:17:43      2601220   1342080     34.03      2088   1029596    448016     11.36    180108   1059840     13356
22:17:44      2533416   1409884     35.75      2088   1029600    517332     13.12    180108   1128828     13360
22:17:45      2607800   1335500     33.87      2088   1032280    436472     11.07    180108   1053636     16040
22:17:46      2608804   1334496     33.84      2088   1032292    435332     11.04    180108   1052356     16052
22:17:47      2607800   1335500     33.87      2088   1032296    437232     11.09    180108   1054396     13392
22:17:48      2599924   1343376     34.07      2088   1032296    446380     11.32    180108   1062488     13392
22:17:49      2590908   1352392     34.30      2088   1032312    454176     11.52    180108   1069316     13408
22:17:50      2588584   1354716     34.35      2088   1032312    458140     11.62    180108   1071916     13408
22:17:51      2554108   1389192     35.23      2088   1034988    490084     12.43    180108   1108056     16084
22:17:52      2600216   1343084     34.06      2088   1035004    442272     11.22    180108   1061220     13432
22:17:53      2589636   1353664     34.33      2088   1035008    452404     11.47    180108   1071616     13440
22:17:54      2594680   1348620     34.20      2088   1035024    450464     11.42    180108   1068028     13456
22:17:55      2585544   1357756     34.43      2088   1035024    457608     11.60    180108   1076208     13456
22:17:56      2521796   1421504     36.05      2088   1035032    521176     13.22    180108   1141244     13464
22:17:57      2597396   1345904     34.13      2088   1037712    440724     11.18    180108   1063972     13472
22:17:58      2597396   1345904     34.13      2088   1037712    440272     11.17    180108   1063612     13472
22:17:59      2594900   1348400     34.19      2088   1037720    442760     11.23    180108   1066276     13480
22:18:00      2588636   1354664     34.35      2088   1037728    450108     11.41    180108   1072464     13488
22:18:01      2587600   1355700     34.38      2088   1037740    452588     11.48    180108   1073216     13500
22:18:02      2589552   1353748     34.33      2088   1037744    452584     11.48    180108   1073120     13504
22:18:03      2584052   1359248     34.47      2088   1037744    458168     11.62    180108   1078192     13504
22:18:04      2592104   1351196     34.27      2088   1040344    445864     11.31    180108   1069876     16104
22:18:05      2592916   1350384     34.25      2088   1040432    444492     11.27    180108   1068784     16192
22:18:06      2592412   1350888     34.26      2088   1040436    444556     11.27    180108   1068880     16196
22:18:07      2589916   1353384     34.32      2088   1040440    447500     11.35    180108   1072060     13536
22:18:08      2583528   1359772     34.48      2088   1040440    454336     11.52    180108   1078960     13536
22:18:09      2584696   1358604     34.45      2088   1040456    453200     11.49    180108   1076304     13552
22:18:10      2577796   1365504     34.63      2088   1040460    461836     11.71    180108   1084584     13556
22:18:11      2548296   1395004     35.38      2088   1043132    487012     12.35    180108   1113660     16240
22:18:12      2586820   1356480     34.40      2088   1043140    447184     11.34    180108   1074164     13356
22:18:13      2580300   1363000     34.56      2088   1043152    454584     11.53    180108   1082232     13368
22:18:14      2572904   1370396     34.75      2088   1043152    462212     11.72    180108   1089088     13368
22:18:15      2573644   1369656     34.73      2088   1043156    462232     11.72    180108   1089156     13372
22:18:16      2560888   1382412     35.06      2088   1043168    476056     12.07    180108   1101288     13384
22:18:17      2566912   1376388     34.90      2088   1043172    470948     11.94    180108   1095984     10788
22:18:18      2568844   1374456     34.86      2088   1043172    466048     11.82    180108   1092936     10724
22:18:19      2576000   1367300     34.67      2088   1045852    454876     11.54    180108   1084652     13404
22:18:20      2570924   1372376     34.80      2088   1045868    461216     11.70    180108   1090520     13420
22:18:21      2569652   1373648     34.83      2088   1045872    462484     11.73    180108   1092188     13424
22:18:22      2566292   1377008     34.92      2088   1045884    467072     11.84    180108   1095828     10836
22:18:23      2562348   1380952     35.02      2088   1045884    468744     11.89    180108   1099472     10880
22:18:24      2572228   1371072     34.77      2088   1048500    455480     11.55    180108   1088692     13496
22:18:25      2572584   1370716     34.76      2088   1048576    454840     11.53    180108   1088336     13572
22:18:26      2565560   1377740     34.94      2088   1048580    462108     11.72    180108   1095044     13576
22:18:27      2560636   1382664     35.06      2088   1048584    469540     11.91    180108   1101956     10908
22:18:28      2550052   1393248     35.33      2088   1048596    481620     12.21    180108   1111544     10924
22:18:29      2556876   1386424     35.16      2088   1048600    474880     12.04    180108   1105664     10928
22:18:30      2556276   1387024     35.17      2088   1048600    472744     11.99    180108   1105928     10928
22:18:31      2563124   1380176     35.00      2088   1051280    462056     11.72    180108   1098020     13608
22:18:32      2565644   1377656     34.94      2088   1051296    461308     11.70    180108   1097440     13624
22:18:33      2559508   1383792     35.09      2088   1051300    465896     11.81    180108   1101104     13620
22:18:34      2552408   1390892     35.27      2088   1051316    474708     12.04    180108   1108484     13640
22:18:35      2548224   1395076     35.38      2088   1051316    480500     12.19    180108   1114432     13640
22:18:36      2519224   1424076     36.11      2088   1053992    503032     12.76    180108   1141248     16316
22:18:37      2558504   1384796     35.12      2088   1053996    464176     11.77    180108   1102796     16320
22:18:38      2549036   1394264     35.36      2088   1054016    476108     12.07    180108   1113728     13676
22:18:39      2551800   1391500     35.29      2088   1054016    473648     12.01    180108   1109728     13676
22:18:40      2541712   1401588     35.54      2088   1054032    483484     12.26    180108   1120340     13692
22:18:41      2546956   1396344     35.41      2088   1054032    477432     12.11    180108   1115940     13692
22:18:42      2555232   1388068     35.20      2088   1056712    464268     11.77    180108   1106180     16372
22:18:43      2541636   1401664     35.55      2088   1056724    479204     12.15    180108   1119764     13528
22:18:44      2542688   1400612     35.52      2088   1056728    479024     12.15    180108   1119684     13460
22:18:45      2541620   1401680     35.55      2088   1056732    480348     12.18    180108   1119512     13464
22:18:46      2536876   1406424     35.67      2088   1056744    487152     12.35    180108   1126768     13476
22:18:47      2454472   1488828     37.76      2088   1056744    568312     14.41    180108   1207568     13476
22:18:48      2542224   1401076     35.53      2088   1059424    474348     12.03    180108   1118944     16156
22:18:49      2539228   1404072     35.61      2088   1059424    477868     12.12    180108   1121944     16156
22:18:50      2533592   1409708     35.75      2088   1059444    483436     12.26    180108   1127084     16176
22:18:51      2523008   1420292     36.02      2088   1059444    494784     12.55    180108   1137132     16176
22:18:52      2533332   1409968     35.76      2088   1059456    487980     12.37    180108   1129648     16188
22:18:53      2531756   1411544     35.80      2088   1059456    485284     12.31    180108   1129268     13588
22:18:54      2539624   1403676     35.60      2088   1062144    474412     12.03    180108   1121096     16212
22:18:55      2539688   1403612     35.59      2088   1062148    475268     12.05    180108   1121872     16216
22:18:56      2531056   1412244     35.81      2088   1062156    486348     12.33    180108   1131832     16224
22:18:57      2532820   1410480     35.77      2088   1062156    485480     12.31    180108   1129432     16224
22:18:58      2523924   1419376     35.99      2088   1062172    490352     12.44    180108   1136020     13460
22:18:59      2535600   1407700     35.70      2088   1064772    476460     12.08    180108   1124916     16064
22:19:00      2535568   1407732     35.70      2088   1064852    476456     12.08    180108   1125280     16144
22:19:01      2528460   1414840     35.88      2088   1064872    483408     12.26    180108   1132044     16164
22:19:02      2531484   1411816     35.80      2088   1064888    482092     12.23    180108   1130172     16180
22:19:03      2528764   1414536     35.87      2088   1064888    483784     12.27    180108   1132480     13516
22:19:04      2523472   1419828     36.01      2088   1064888    491628     12.47    180108   1139380     13516
22:19:05      2475080   1468220     37.23      2088   1067488    535192     13.57    180108   1186580     16116
22:19:06      2529764   1413536     35.85      2088   1067576    478872     12.14    180108   1130876     16204
22:19:07      2529764   1413536     35.85      2088   1067576    478872     12.14    180108   1130976     16204
22:19:08      2528568   1414732     35.88      2088   1067584    481208     12.20    180108   1133040     13544
22:19:09      2525492   1417808     35.95      2088   1067588    481932     12.22    180108   1133620     13548
22:19:10      2520500   1422800     36.08      2088   1067604    491920     12.47    180108   1141460     13564
22:19:11      2499084   1444216     36.62      2088   1067604    511900     12.98    180108   1162652     13564
22:19:12      2525536   1417764     35.95      2088   1070280    481700     12.22    180108   1135688     16240
22:19:13      2525788   1417512     35.95      2088   1070284    481268     12.20    180108   1135620     16244
22:19:14      2525728   1417572     35.95      2088   1070296    480940     12.20    180108   1135564     13332
22:19:15      2523016   1420284     36.02      2088   1070300    483604     12.26    180108   1138112     13340
22:19:16      2516416   1426884     36.19      2088   1070304    490964     12.45    180108   1145132     13356
22:19:17      2518732   1424568     36.13      2088   1070316    491392     12.46    180108   1143904     13368
22:19:18      2506984   1436316     36.42      2088   1070316    501884     12.73    180108   1154796     13368
22:19:19      2520236   1423064     36.09      2088   1072992    483088     12.25    180108   1140440     13380
22:19:20      2520384   1422916     36.08      2088   1072992    483184     12.25    180108   1140540     13380
22:19:21      2514944   1428356     36.22      2088   1073012    489252     12.41    180108   1146568     13400
22:19:22      2509652   1433648     36.36      2088   1073028    497344     12.61    180108   1152224     13416
22:19:23      2502776   1440524     36.53      2088   1073028    502944     12.75    180108   1157724     13416
22:19:24      2500560   1442740     36.59      2088   1073028    504820     12.80    180108   1161180     13416
22:19:25      2442596   1500704     38.06      2088   1075640    559968     14.20    180108   1218960     16028
22:19:26      2513612   1429688     36.26      2088   1075716    488216     12.38    180108   1147760     16104
22:19:27      2500156   1443144     36.60      2088   1075728    502156     12.73    180108   1161460     16116
22:19:28      2503068   1440232     36.52      2088   1075728    498944     12.65    180108   1158404     16116
22:19:29      2490448   1452852     36.84      2088   1075744    512860     13.01    180108   1169964     13460
22:19:30      2492500   1450800     36.79      2088   1075744    512864     13.01    180108   1169988     13464
22:19:31      2494500   1448800     36.74      2088   1075744    507912     12.88    180108   1166968     13464
22:19:32      2503576   1439724     36.51      2088   1078356    494920     12.55    180108   1156988     16076
22:19:33      2503628   1439672     36.51      2088   1078440    496072     12.58    180108   1158016     16160
22:19:34      2493500   1449800     36.77      2088   1078444    506896     12.85    180108   1169348     13500
22:19:35      2496776   1446524     36.68      2088   1078444    504848     12.80    180108   1165648     13500
22:19:36      2489152   1454148     36.88      2088   1078460    510680     12.95    180108   1171616     13516
22:19:37      2485404   1457896     36.97      2088   1078460    516844     13.11    180108   1177216     13516
22:19:38      2466276   1477024     37.46      2088   1081136    532976     13.52    180108   1197980     16192
22:19:39      2499216   1444084     36.62      2088   1081148    496840     12.60    180108   1162232     13536
22:19:40      2499696   1443604     36.61      2088   1081160    498332     12.64    180108   1163672     13552
22:19:41      2490704   1452596     36.84      2088   1081160    506280     12.84    180108   1170772     13552
22:19:42      2485428   1457872     36.97      2088   1081176    514264     13.04    180108   1176744     13568
22:19:43      2454936   1488364     37.74      2088   1081176    542312     13.75    180108   1206520     13568
22:19:44      2494492   1448808     36.74      2088   1083852    498860     12.65    180108   1166256     13344
22:19:45      2494188   1449112     36.75      2088   1083856    498640     12.65    180108   1166536     13348
22:19:46      2492224   1451076     36.80      2088   1083876    500920     12.70    180108   1168680     13368
22:19:47      2484060   1459240     37.01      2088   1083880    509512     12.92    180108   1177208     13372
22:19:48      2482876   1460424     37.04      2088   1083892    511116     12.96    180108   1177192     13384
22:19:49      2481808   1461492     37.06      2088   1083892    512048     12.99    180108   1179396     10708
22:19:50      2489452   1453848     36.87      2088   1086572    501092     12.71    180108   1171184     13388
22:19:51      2489400   1453900     36.87      2088   1086572    500920     12.70    180108   1171208     13388
22:19:52      2486988   1456312     36.93      2088   1086592    503744     12.77    180108   1174064     13408
22:19:53      2479964   1463336     37.11      2088   1086592    512140     12.99    180108   1182284     13408
22:19:54      2475812   1467488     37.21      2088   1086596    516532     13.10    180108   1186776     13412
22:19:55      2468736   1474564     37.39      2088   1086600    523720     13.28    180108   1191920     13416
22:19:56      2470700   1472600     37.34      2088   1086608    523700     13.28    180108   1191864     13424
22:19:57      2466512   1476788     37.45      2088   1086612    527420     13.38    180108   1195624     13428
22:19:58      2422348   1520952     38.57      2088   1089288    565228     14.33    180108   1238184     16104
22:19:59      2479728   1463572     37.12      2088   1089308    508868     12.90    180108   1181792     16124
22:20:00      2467712   1475588     37.42      2088   1089308    520424     13.20    180108   1193196     13452
22:20:01      2474284   1469016     37.25      2088   1089312    514556     13.05    180108   1187532     13460
22:20:02      2466444   1476856     37.45      2088   1089324    524256     13.29    180108   1195164     13672
22:20:03      2454448   1488852     37.76      2088   1089368    533552     13.53    180236   1204556     13716
22:20:04      2459992   1483308     37.62      2088   1089368    530320     13.45    180236   1201388     13728
22:20:05      2427484   1515816     38.44      2088   1089380    562340     14.26    180236   1234848     11076
22:20:06      2474104   1469196     37.26      2088   1092052    510932     12.96    180236   1186664     13748
22:20:07      2473504   1469796     37.27      2088   1092064    511492     12.97    180240   1187540     13760
22:20:08      2464960   1478340     37.49      2088   1092072    521388     13.22    180240   1196380     13768
22:20:09      2467260   1476040     37.43      2088   1092084    521752     13.23    180240   1195024     13780
22:20:10      2462740   1480560     37.55      2088   1092084    520176     13.19    180240   1196596     11108
22:20:11      2471048   1472252     37.34      2088   1094700    510476     12.95    180240   1189620     13728
22:20:12      2471300   1472000     37.33      2088   1094780    509796     12.93    180240   1189188     13808
22:20:13      2471300   1472000     37.33      2088   1094780    509796     12.93    180240   1189272     13808
22:20:14      2469396   1473904     37.38      2088   1094780    512696     13.00    180240   1192072     13808
22:20:15      2458164   1485136     37.66      2088   1094784    525168     13.32    180240   1203360     10924
22:20:16      2463236   1480064     37.53      2088   1094784    522572     13.25    180240   1199060     10956
22:20:17      2449500   1493800     37.88      2088   1094800    531284     13.47    180240   1209144     10972
22:20:18      2451424   1491876     37.83      2088   1094800    535000     13.57    180240   1211184     10972
22:20:19      2463984   1479316     37.51      2088   1097488    515432     13.07    180240   1196212     13660
22:20:20      2462660   1480640     37.55      2088   1097488    517864     13.13    180240   1198780     11060
22:20:21      2452684   1490616     37.80      2088   1097504    527280     13.37    180240   1208540     11012
22:20:22      2453152   1490148     37.79      2088   1097520    528676     13.41    180240   1207968     11028
22:20:23      2443376   1499924     38.04      2088   1097524    540336     13.70    180240   1219120     11032
22:20:24      2426148   1517152     38.47      2088   1100196    551084     13.98    180240   1234284     13704
22:20:25      2458620   1484680     37.65      2088   1100204    518092     13.14    180240   1201720     13712
22:20:26      2456212   1487088     37.71      2088   1100220    520928     13.21    180240   1204612     13728
22:20:27      2445428   1497872     37.99      2088   1100220    532120     13.49    180240   1215712     13728
22:20:28      2452892   1490408     37.80      2088   1100224    524388     13.30    180240   1208120     13732
22:20:29      2446748   1496552     37.95      2088   1100236    531668     13.48    180240   1214260     13744
22:20:30      2437572   1505728     38.18      2088   1100236    541588     13.73    180240   1224088     11080
22:20:31      2450864   1492436     37.85      2088   1102904    523120     13.27    180240   1209980     13748
22:20:32      2450000   1493300     37.87      2088   1102924    523744     13.28    180240   1210804     13768
22:20:33      2437816   1505484     38.18      2088   1102932    537116     13.62    180240   1223228     13776
22:20:34      2443352   1499948     38.04      2088   1102936    531464     13.48    180240   1217788     13780
22:20:35      2430048   1513252     38.38      2088   1102948    545536     13.83    180240   1230144     13532
22:20:36      2429248   1514052     38.40      2088   1102952    546976     13.87    180240   1231560     13504
22:20:37      2429248   1514052     38.40      2088   1102952    547480     13.88    180240   1232600     13504
22:20:38      2405032   1538268     39.01      2088   1105628    566716     14.37    180240   1256336     16180
22:20:39      2445044   1498256     37.99      2088   1105644    525068     13.32    180240   1215248     16196
22:20:40      2438044   1505256     38.17      2088   1105648    535364     13.58    180240   1223788     16200
22:20:41      2436852   1506448     38.20      2088   1105660    536916     13.62    180240   1223740     13548
22:20:42      2429724   1513576     38.38      2088   1105664    542128     13.75    180240   1230964     13552
22:20:43      2441532   1501768     38.08      2088   1108332    527752     13.38    180240   1219312     16220
22:20:44      2441512   1501788     38.08      2088   1108348    527528     13.38    180240   1219416     16240
22:20:45      2441564   1501736     38.08      2088   1108360    527528     13.38    180240   1219424     16252
22:20:46      2429156   1514144     38.40      2088   1108364    539772     13.69    180240   1231284     13348
22:20:47      2430460   1512840     38.36      2088   1108376    539808     13.69    180240   1229780     13360
22:20:48      2420372   1522928     38.62      2088   1108380    550548     13.96    180240   1240708     13364
22:20:49      2427648   1515652     38.44      2088   1108380    542000     13.74    180240   1233868     13364
22:20:50      2436336   1506964     38.22      2088   1110996    529140     13.42    180240   1223996     15980
22:20:51      2435744   1507556     38.23      2088   1111076    529132     13.42    180240   1224620     13396
22:20:52      2433728   1509572     38.28      2088   1111076    532176     13.50    180240   1227520     13396
22:20:53      2419364   1523936     38.65      2088   1111084    546440     13.86    180240   1240820     13412
22:20:54      2417836   1525464     38.68      2088   1111084    548592     13.91    180240   1242820     13412
22:20:55      2416340   1526960     38.72      2088   1111096    550456     13.96    180240   1245456     13424
22:20:56      2413268   1530032     38.80      2088   1111096    553992     14.05    180240   1247684     10824
22:20:57      2411536   1531764     38.84      2088   1111100    556292     14.11    180240   1249912     10764
22:20:58      2415792   1527508     38.74      2088   1113700    546384     13.86    180240   1244856     13364
22:20:59      2426328   1516972     38.47      2088   1113792    536048     13.59    180240   1234524     13456
22:21:00      2417516   1525784     38.69      2088   1113800    545244     13.83    180240   1242708     13464
22:21:01      2420084   1523216     38.63      2088   1113804    543420     13.78    180240   1241188     10804
22:21:02      2412268   1531032     38.83      2088   1113816    553064     14.03    180240   1249012     10816
22:21:03      2408804   1534496     38.91      2088   1113816    556064     14.10    180240   1252052     10816
22:21:04      2366396   1576904     39.99      2088   1113820    597272     15.15    180240   1294392     10820
22:21:05      2420472   1522828     38.62      2088   1116432    539468     13.68    180240   1240136     13432
22:21:06      2420820   1522480     38.61      2088   1116508    538520     13.66    180240   1239480     13500
22:21:07      2418708   1524592     38.66      2088   1116516    541684     13.74    180240   1242392     13512
22:21:08      2408976   1534324     38.91      2088   1116516    553196     14.03    180240   1253004     13512
22:21:09      2410216   1533084     38.88      2088   1116532    550096     13.95    180240   1249808     13528
22:21:10      2400716   1542584     39.12      2088   1116532    562908     14.28    180240   1261308     13528
22:21:11      2316740   1626560     41.25      2088   1119212    641872     16.28    180240   1344604     13540
22:21:12      2414724   1528576     38.76      2088   1119212    542892     13.77    180240   1245840     13540
22:21:13      2415828   1527472     38.74      2088   1119224    541576     13.73    180240   1244720     13552
22:21:14      2415324   1527976     38.75      2088   1119228    543820     13.79    180240   1247044     13556
22:21:15      2408520   1534780     38.92      2088   1119244    550392     13.96    180240   1251560     13572
22:21:16      2410536   1532764     38.87      2088   1119248    550388     13.96    180240   1251496     10732
22:21:17      2285040   1658260     42.05      2088   1119256    674400     17.10    180240   1377164     10688
22:21:18      2405160   1538140     39.01      2088   1121924    549848     13.94    180240   1255840     13356
22:21:19      2411772   1531528     38.84      2088   1121936    542348     13.75    180240   1248700     13368
22:21:20      2411520   1531780     38.85      2088   1121936    542476     13.76    180240   1248956     13368
22:21:21      2405820   1537480     38.99      2088   1121944    550160     13.95    180240   1255596     13376
22:21:22      2399876   1543424     39.14      2088   1121944    557908     14.15    180240   1262924     10712
22:21:23      2393872   1549428     39.29      2088   1121960    563136     14.28    180240   1266572     10728
22:21:24      2394132   1549168     39.29      2088   1121960    564588     14.32    180240   1267964     10728
22:21:25      2390092   1553208     39.39      2088   1121964    568508     14.42    180240   1271856     10736
22:21:26      2333132   1610168     40.83      2088   1124628    619856     15.72    180240   1327856     13400
22:21:27      2401676   1541624     39.09      2088   1124660    550812     13.97    180240   1259280     13420
22:21:28      2389736   1553564     39.40      2088   1124660    563080     14.28    180240   1271080     13420
22:21:29      2392856   1550444     39.32      2088   1124676    561652     14.24    180240   1267928     13436
22:21:30      2389252   1554048     39.41      2088   1124676    563964     14.30    180240   1271964     13436
22:21:31      2399148   1544152     39.16      2088   1127356    550268     13.95    180240   1260928     16116
22:21:32      2398844   1544456     39.17      2088   1127356    550176     13.95    180240   1261428     13516
22:21:33      2396624   1546676     39.22      2088   1127376    553160     14.03    180240   1264220     13472
22:21:34      2393036   1550264     39.31      2088   1127376    556428     14.11    180240   1267208     13472
22:21:35      2388036   1555264     39.44      2088   1127396    563160     14.28    180240   1272148     13496
22:21:36      2374164   1569136     39.79      2088   1127400    576288     14.61    180240   1285404     13500
22:21:37      2384812   1558488     39.52      2088   1127400    565296     14.34    180240   1276168     10828
22:21:38      2393532   1549768     39.30      2088   1130080    552972     14.02    180240   1266564     13512
22:21:39      2393700   1549600     39.30      2088   1130080    552604     14.01    180240   1266464     13512
22:21:40      2391292   1552008     39.36      2088   1130096    555636     14.09    180240   1269672     13528
22:21:41      2383768   1559532     39.55      2088   1130100    563312     14.29    180240   1277144     13536
22:21:42      2384776   1558524     39.52      2088   1130116    564064     14.30    180240   1276228     10952
22:21:43      2377120   1566180     39.72      2088   1130116    573156     14.53    180240   1285060     10888
22:21:44      2308916   1634384     41.45      2088   1132780    636044     16.13    180240   1352076     13552
22:21:45      2388200   1555100     39.44      2088   1132796    555572     14.09    180240   1272308     13568
22:21:46      2388296   1555004     39.43      2088   1132808    555368     14.08    180240   1272356     13580
22:21:47      2385524   1557776     39.50      2088   1132812    558384     14.16    180240   1275344     13392
22:21:48      2377708   1565592     39.70      2088   1132812    566288     14.36    180240   1283184     13352
22:21:49      2380036   1563264     39.64      2088   1132828    566860     14.38    180240   1282012     13368
22:21:50      2374088   1569212     39.79      2088   1132828    569400     14.44    180240   1287128     13368
22:21:51      2382260   1561040     39.59      2088   1135444    557316     14.13    180240   1277680     15984
22:21:52      2382876   1560424     39.57      2088   1135520    557260     14.13    180240   1277612     13460
22:21:53      2380860   1562440     39.62      2088   1135524    560244     14.21    180240   1280504     13400
22:21:54      2367308   1575992     39.97      2088   1135524    574408     14.57    180240   1293388     13400
22:21:55      2371816   1571484     39.85      2088   1135540    571284     14.49    180240   1288676     13416
22:21:56      2364200   1579100     40.05      2088   1135544    577144     14.64    180240   1296516     13420
22:21:57      2377396   1565904     39.71      2088   1138224    560904     14.22    180240   1283404     13428
22:21:58      2376636   1566664     39.73      2088   1138228    560964     14.23    180240   1283784     13432
22:21:59      2376388   1566912     39.74      2088   1138236    561092     14.23    180240   1283944     13440
22:22:00      2370792   1572508     39.88      2088   1138240    567944     14.40    180240   1290500     13444
22:22:01      2366812   1576488     39.98      2088   1138256    573660     14.55    180240   1294104     13460
22:22:02      2364976   1578324     40.03      2088   1138256    572916     14.53    180240   1295104     10860
22:22:03      2356428   1586872     40.24      2088   1138260    581908     14.76    180240   1304012     10800
22:22:04      2317412   1625888     41.23      2088   1140936    617408     15.66    180240   1342456     13476
22:22:05      2369876   1573424     39.90      2088   1140940    565040     14.33    180240   1290164     13480
22:22:06      2370080   1573220     39.90      2088   1140952    564452     14.31    180240   1290016     13492
22:22:07      2367464   1575836     39.96      2088   1140952    567724     14.40    180240   1293344     13592
22:22:08      2362968   1580332     40.08      2088   1140964    573468     14.54    180240   1298336     13608
22:22:09      2363224   1580076     40.07      2088   1140976    574128     14.56    180240   1297324     13624
22:22:10      2354688   1588612     40.29      2088   1143576    577948     14.66    180240   1305940     16224
22:22:11      2365536   1577764     40.01      2088   1143648    566772     14.37    180240   1294820     16296
22:22:12      2365032   1578268     40.02      2088   1143664    567092     14.38    180240   1295320     16312
22:22:13      2362512   1580788     40.09      2088   1143672    570364     14.46    180240   1298740     13664
22:22:14      2349504   1593796     40.42      2088   1143672    585148     14.84    180240   1312440     13664
22:22:15      2354512   1588788     40.29      2088   1143688    581512     14.75    180240   1307276     13680
22:22:16      2339616   1603684     40.67      2088   1143688    593028     15.04    180240   1319836     13680
22:22:17      2235988   1707312     43.30      2088   1146348    692596     17.56    180240   1423904     16340
22:22:18      2354756   1588544     40.28      2088   1146368    574052     14.56    180240   1305440     13464
22:22:19      2357464   1585836     40.22      2088   1146372    570712     14.47    180240   1302444     13468
22:22:20      2355820   1587480     40.26      2088   1146384    573440     14.54    180240   1305032     13480
22:22:21      2343816   1599484     40.56      2088   1146388    587452     14.90    180240   1317332     13484
22:22:22      2347100   1596200     40.48      2088   1146400    584796     14.83    180240   1312936     13496
22:22:23      2328800   1614500     40.94      2088   1146400    603520     15.30    180240   1331428     10832
22:22:24      2338112   1605188     40.71      2088   1146404    593028     15.04    180240   1322932     10836
22:22:25      2246140   1697160     43.04      2088   1149076    681604     17.29    180240   1414732     13508
22:22:26      2348260   1595040     40.45      2088   1149096    579200     14.69    180240   1312156     13528
22:22:27      2336056   1607244     40.76      2088   1149104    591408     15.00    180240   1323844     13536
22:22:28      2340392   1602908     40.65      2088   1149120    588304     14.92    180240   1319292     10952
22:22:29      2337360   1605940     40.73      2088   1149120    582976     14.78    180240   1316456     10888
22:22:30      2317384   1625916     41.23      2088   1151796    606864     15.39    180240   1342760     13564
22:22:31      2345740   1597560     40.51      2088   1151800    578880     14.68    180240   1315008     13568
22:22:32      2345172   1598128     40.53      2088   1151804    578756     14.68    180240   1315072     13572
22:22:33      2345172   1598128     40.53      2088   1151816    578756     14.68    180240   1315016     13584
22:22:34      2337420   1605880     40.72      2088   1151820    587544     14.90    180240   1323252     13588
22:22:35      2337856   1605444     40.71      2088   1151836    589112     14.94    180240   1322828     13604
22:22:36      2339044   1604256     40.68      2088   1151836    586128     14.86    180240   1321756     13604
22:22:37      2269248   1674052     42.45      2088   1151844    656196     16.64    180240   1391772     13612
22:22:38      2339352   1603948     40.68      2088   1154512    582244     14.77    180240   1320436     13500
22:22:39      2339868   1603432     40.66      2088   1154512    582116     14.76    180240   1320436     13500
22:22:40      2339352   1603948     40.68      2088   1154524    581912     14.76    180240   1320684     13512
22:22:41      2333108   1610192     40.83      2088   1154528    589340     14.95    180240   1327620     13516
22:22:42      2326752   1616548     40.99      2088   1154532    598132     15.17    180240   1335628     13520
22:22:43      2324704   1618596     41.05      2088   1154548    599152     15.19    180240   1336504     10864
22:22:44      2323412   1619888     41.08      2088   1154548    597372     15.15    180240   1336444     10868
22:22:45      2201248   1742052     44.18      2088   1157160    718316     18.22    180240   1459776     13480
22:22:46      2333780   1609520     40.82      2088   1157228    584652     14.83    180240   1326484     13548
22:22:47      2333800   1609500     40.82      2088   1157240    584636     14.83    180240   1326676     13560
22:22:48      2320948   1622352     41.14      2088   1157244    598948     15.19    180240   1339852     13564
22:22:49      2323616   1619684     41.07      2088   1157264    597764     15.16    180240   1336988     10688
22:22:50      2313832   1629468     41.32      2088   1157264    608100     15.42    180240   1346588     10688
22:22:51      2203760   1739540     44.11      2088   1157268    717428     18.19    180240   1458320     10692
22:22:52      2328440   1614860     40.95      2088   1159944    587412     14.90    180240   1331572     13368
22:22:53      2327736   1615564     40.97      2088   1159960    587524     14.90    180240   1332340     13384
22:22:54      2327684   1615616     40.97      2088   1159960    587652     14.90    180240   1332640     13384
22:22:55      2326412   1616888     41.00      2088   1159960    590728     14.98    180240   1335576     13384
22:22:56      2314380   1628920     41.31      2088   1159964    604064     15.32    180240   1347064     13388
22:22:57      2320428   1622872     41.16      2088   1159968    599932     15.21    180240   1341768     13392
22:22:58      2312268   1631032     41.36      2088   1159980    607676     15.41    180240   1349768     13404
22:22:59      2201200   1742100     44.18      2088   1162640    709756     18.00    180240   1456512     13400
22:23:00      2321836   1621464     41.12      2088   1162660    590456     14.97    180240   1338284     13424
22:23:01      2321880   1621420     41.12      2088   1162660    589888     14.96    180240   1338096     13424
22:23:02      2320404   1622896     41.16      2088   1162676    592460     15.02    180240   1340260     13452
22:23:03      2312860   1630440     41.35      2088   1162676    600380     15.23    180240   1347732     13452
22:23:04      2314364   1628936     41.31      2088   1162692    602232     15.27    180240   1347456     10804
22:23:05      2306456   1636844     41.51      2088   1162692    609516     15.46    180240   1353992     10804
22:23:06      2305544   1637756     41.53      2088   1162692    610100     15.47    180240   1356240     10804
22:23:07      2310072   1633228     41.42      2088   1165368    601656     15.26    180240   1351332     13480
22:23:08      2312436   1630864     41.36      2088   1165372    598336     15.17    180240   1348340     13484
22:23:09      2315060   1628240     41.29      2088   1165384    594928     15.09    180240   1345016     10832
22:23:10      2304216   1639084     41.57      2088   1165388    607852     15.41    180240   1356556     10836
22:23:11      2302764   1640536     41.60      2088   1165392    610156     15.47    180240   1359108     10840
22:23:12      2297220   1646080     41.74      2088   1165404    613928     15.57    180240   1362508     10852
22:23:13      2299236   1644064     41.69      2088   1165404    613900     15.57    180240   1362420     10852
22:23:14      2295172   1648128     41.80      2088   1165408    618140     15.68    180240   1366436     10848
22:23:15      2226904   1716396     43.53      2088   1168080    681012     17.27    180240   1433712     13524
22:23:16      2306088   1637212     41.52      2088   1168096    601180     15.25    180240   1354172     13540
22:23:17      2293932   1649368     41.83      2088   1168104    615704     15.61    180240   1367160     13548
22:23:18      2298504   1644796     41.71      2088   1168124    613500     15.56    180240   1363272     13568
22:23:19      2283328   1659972     42.10      2088   1168124    627980     15.93    180240   1377848     10688
22:23:20      2240660   1702640     43.18      2088   1170800    664880     16.86    180240   1418896     13364
22:23:21      2302968   1640332     41.60      2088   1170804    602928     15.29    180240   1357300     13368
22:23:22      2302748   1640552     41.60      2088   1170812    602256     15.27    180240   1356960     13376
22:23:23      2300156   1643144     41.67      2088   1170820    605176     15.35    180240   1359788     13384
22:23:24      2288364   1654936     41.97      2088   1170824    617964     15.67    180240   1372560     10788
22:23:25      2295220   1648080     41.79      2088   1170840    612964     15.54    180240   1366472     10736
22:23:26      2283092   1660208     42.10      2088   1170844    624624     15.84    180240   1377736     10740
22:23:27      2174512   1768788     44.86      2088   1170844    732748     18.58    180240   1487236     10740
22:23:28      2297228   1646072     41.74      2088   1173520    605592     15.36    180240   1363424     13416
22:23:29      2289164   1654136     41.95      2088   1173540    614608     15.59    180240   1372256     13436
22:23:30      2288156   1655144     41.97      2088   1173556    617296     15.65    180240   1372188     10788
22:23:31      2284944   1658356     42.06      2088   1173556    620132     15.73    180240   1375188     10788
22:23:32      2283608   1659692     42.09      2088   1173556    620712     15.74    180240   1377248     10788
22:23:33      2177756   1765544     44.77      2088   1176168    723800     18.36    180240   1482768     13400
22:23:34      2291416   1651884     41.89      2088   1176248    608560     15.43    180240   1368500     13480
22:23:35      2291416   1651884     41.89      2088   1176248    608560     15.43    180240   1368500     13464
22:23:36      2288952   1654348     41.95      2088   1176252    611688     15.51    180240   1371704     13468
22:23:37      2279312   1663988     42.20      2088   1176252    621836     15.77    180240   1381704     13468
22:23:38      2284596   1658704     42.06      2088   1176268    616224     15.63    180240   1376316     13484
22:23:39      2279996   1663304     42.18      2088   1176272    620696     15.74    180240   1381028     13488
22:23:40      2168416   1774884     45.01      2088   1178948    730604     18.53    180240   1493116     13564
22:23:41      2285848   1657452     42.03      2088   1178948    610984     15.49    180240   1374024     13500
22:23:42      2285848   1657452     42.03      2088   1178964    611116     15.50    180240   1374468     13516
22:23:43      2285848   1657452     42.03      2088   1178964    611116     15.50    180240   1374468     13516
22:23:44      2275228   1668072     42.30      2088   1178968    620408     15.73    180240   1383476     13528
22:23:45      2275768   1667532     42.29      2088   1178984    623572     15.81    180240   1384552     13536
22:23:46      2271308   1671992     42.40      2088   1178984    626400     15.89    180240   1389416     13540
22:23:47      2154492   1788808     45.36      2088   1181596    739072     18.74    180240   1505052     16152
22:23:48      2278024   1665276     42.23      2088   1181660    616376     15.63    180240   1382828     16216
22:23:49      2280548   1662752     42.17      2088   1181676    612732     15.54    180240   1379532     16232
22:23:50      2280548   1662752     42.17      2088   1181676    612896     15.54    180240   1379732     13432
22:23:51      2278028   1665272     42.23      2088   1181680    615912     15.62    180240   1382628     13348
22:23:52      2266592   1676708     42.52      2088   1181680    629812     15.97    180240   1395044     13348
22:23:53      2270216   1673084     42.43      2088   1181696    626756     15.89    180240   1390288     13364
22:23:54      2260120   1683180     42.68      2088   1181696    637952     16.18    180240   1401572     13364
22:23:55      2221304   1721996     43.67      2088   1184300    671464     17.03    180240   1439612     13368
22:23:56      2274224   1669076     42.33      2088   1184380    617684     15.66    180240   1386192     13384
22:23:57      2273720   1669580     42.34      2088   1184380    617624     15.66    180240   1386264     13384
22:23:58      2271356   1671944     42.40      2088   1184392    620640     15.74    180240   1389124     13396
22:23:59      2260288   1683012     42.68      2088   1184392    631448     16.01    180240   1399692     13396
22:24:00      2259332   1683968     42.70      2088   1184412    634304     16.09    180240   1400548     10752
22:24:01      2260036   1683264     42.69      2088   1184412    633240     16.06    180240   1401172     10752
22:24:02      2103344   1839956     46.66      2088   1184424    789976     20.03    180240   1557988     10764
22:24:03      2268908   1674392     42.46      2088   1187096    620216     15.73    180240   1391036     13436
22:24:04      2268308   1674992     42.48      2088   1187096    620508     15.74    180240   1391868     13436
22:24:05      2267900   1675400     42.49      2088   1187112    620752     15.74    180240   1392236     10788
22:24:06      2265788   1677512     42.54      2088   1187112    623800     15.82    180240   1395112     10788
22:24:07      2252432   1690868     42.88      2088   1187116    638840     16.20    180240   1409036     10792
22:24:08      2259280   1684020     42.71      2088   1187116    630948     16.00    180240   1401260     10792
22:24:09      2250260   1693040     42.93      2088   1187136    642752     16.30    180240   1411312     10812
22:24:10      2237912   1705388     43.25      2088   1187136    644556     16.35    180240   1413836      8148
22:24:11      2242676   1700624     43.13      2088   1189812    642852     16.30    180240   1417680     10824
22:24:12      2260168   1683132     42.68      2088   1189812    624648     15.84    180240   1400144     10824
22:24:13      2258940   1684360     42.71      2088   1189832    626900     15.90    180240   1401880     10844
22:24:14      2254168   1689132     42.84      2088   1189832    630900     16.00    180240   1405280     10844
22:24:15      2256048   1687252     42.79      2088   1189848    632444     16.04    180240   1404972     10972
22:24:16      2243060   1700240     43.12      2088   1189848    642392     16.29    180240   1415084     10956
22:24:17      2089304   1853996     47.02      2088   1189848    799184     20.27    180240   1572720     10960
22:24:18      2255364   1687936     42.81      2088   1192524    627244     15.91    180240   1404784     13636
22:24:19      2255564   1687736     42.80      2088   1192536    626748     15.89    180240   1404408     13648
22:24:20      2255616   1687684     42.80      2088   1192540    626812     15.90    180240   1404280     13652
22:24:21      2253348   1689952     42.86      2088   1192540    629956     15.98    180240   1407504     10792
22:24:22      2241504   1701796     43.16      2088   1192544    641320     16.26    180240   1418036     10788
22:24:23      2244964   1698336     43.07      2088   1192544    637964     16.18    180240   1414836     10800
22:24:24      2240176   1703124     43.19      2088   1192560    643784     16.33    180240   1420188     10816
22:24:25      2236132   1707168     43.29      2088   1192560    650728     16.50    180240   1425528     10816
22:24:26      2189812   1753488     44.47      2088   1192560    695292     17.63    180240   1471532      8144
22:24:27      2248108   1695192     42.99      2088   1195244    632568     16.04    180240   1412092     10832
22:24:28      2247948   1695352     42.99      2088   1195244    631800     16.02    180240   1411552     10832
22:24:29      2245444   1697856     43.06      2088   1195256    634540     16.09    180240   1414212     10844
22:24:30      2238628   1704672     43.23      2088   1195260    642912     16.30    180240   1421800     10848
22:24:31      2231956   1711344     43.40      2088   1195272    649336     16.47    180240   1426552     10860
22:24:32      2233068   1710232     43.37      2088   1195276    647316     16.42    180240   1426860     10864
22:24:33      2241896   1701404     43.15      2088   1197884    635676     16.12    180240   1417864     13472
22:24:34      2242812   1700488     43.12      2088   1197964    634272     16.08    180240   1416692     13552
22:24:35      2243472   1699828     43.11      2088   1197968    633968     16.08    180240   1416576     13556
22:24:36      2241928   1701372     43.15      2088   1197968    636980     16.15    180240   1419376     10956
22:24:37      2228100   1715200     43.50      2088   1197976    651876     16.53    180240   1433256     10900
22:24:38      2230052   1713248     43.45      2088   1197992    651228     16.51    180240   1430988     10916
22:24:39      2218716   1724584     43.73      2088   1197992    661440     16.77    180240   1441460     10916
22:24:40      2207916   1735384     44.01      2088   1200668    667192     16.92    180240   1451492     13592
22:24:41      2237636   1705664     43.25      2088   1200672    637932     16.18    180240   1422464     10996
22:24:42      2234036   1709264     43.35      2088   1200692    640836     16.25    180240   1425808     10952
22:24:43      2224808   1718492     43.58      2088   1200692    649224     16.46    180240   1433808     10952
22:24:44      2226796   1716504     43.53      2088   1200708    650268     16.49    180240   1432696     10968
22:24:45      2223504   1719796     43.61      2088   1200708    647652     16.42    180240   1432052     10968
22:24:46      2208604   1734696     43.99      2088   1203384    663316     16.82    180240   1450804     13532
22:24:47      2231896   1711404     43.40      2088   1203388    640256     16.24    180240   1428256     13536
22:24:48      2231360   1711940     43.41      2088   1203400    640176     16.23    180240   1428720     13548
22:24:49      2228840   1714460     43.48      2088   1203400    643628     16.32    180240   1432080     13548
22:24:50      2226824   1716476     43.53      2088   1203420    646940     16.41    180240   1434156     13568
22:24:51      2221116   1722184     43.67      2088   1203428    654600     16.60    180240   1439484     10704
22:24:52      2180196   1763104     44.71      2088   1203436    694780     17.62    180240   1481376     10692
22:24:53      2226992   1716308     43.52      2088   1206100    643324     16.31    180240   1433656     13356
22:24:54      2226224   1717076     43.54      2088   1206112    642796     16.30    180240   1433960     13368
22:24:55      2226288   1717012     43.54      2088   1206116    642668     16.30    180240   1433976     13372
22:24:56      2223516   1719784     43.61      2088   1206116    646004     16.38    180240   1437276     13372
22:24:57      2214108   1729192     43.85      2088   1206124    655796     16.63    180240   1446376     13360
22:24:58      2217056   1726244     43.78      2088   1206124    653664     16.58    180240   1443612     13364
22:24:59      2201540   1741760     44.17      2088   1206140    670140     16.99    180240   1457776     13380
22:25:00      2201804   1741496     44.16      2088   1206140    671676     17.03    180240   1459228     13380
22:25:01      2211656   1731644     43.91      2088   1206144    659608     16.73    180240   1448852     13384
22:25:02      2072560   1870740     47.44      2088   1208820    796500     20.20    180240   1588700     13396
22:25:03      2219716   1723584     43.71      2088   1208824    646340     16.39    180240   1440492     13400
22:25:04      2210100   1733200     43.95      2088   1208836    658348     16.70    180240   1450460     13412
22:25:05      2210656   1732644     43.94      2088   1208848    660232     16.74    180240   1450788     13424
22:25:06      2196796   1746504     44.29      2088   1208848    669124     16.97    180240   1461816     13424
22:25:07      2061708   1881592     47.72      2088   1211460    801972     20.34    180240   1597848     13372
22:25:08      2213924   1729376     43.86      2088   1211528    649664     16.48    180240   1445560     13440
22:25:09      2213924   1729376     43.86      2088   1211540    649540     16.47    180240   1445840     13452
22:25:10      2213924   1729376     43.86      2088   1211540    649672     16.48    180240   1445904     13452
22:25:11      2211168   1732132     43.93      2088   1211544    652684     16.55    180240   1448988     13468
22:25:12      2200664   1742636     44.19      2088   1211548    666296     16.90    180240   1461032     10872
22:25:13      2196032   1747268     44.31      2088   1211560    671904     17.04    180240   1464928     10820
22:25:14      2196128   1747172     44.31      2088   1211560    667836     16.94    180240   1463672     10820
22:25:15      2208916   1734384     43.98      2088   1214180    652660     16.55    180240   1451008     13440
22:25:16      2208324   1734976     44.00      2088   1214252    652916     16.56    180240   1451876     13512
22:25:17      2205364   1737936     44.07      2088   1214264    656092     16.64    180240   1455280     10924
22:25:18      2192316   1750984     44.40      2088   1214264    668928     16.96    180240   1467440     10860
22:25:19      2194056   1749244     44.36      2088   1214264    668928     16.96    180240   1467428     10860
22:25:20      2190176   1753124     44.46      2088   1214264    671880     17.04    180240   1469756     10860
22:25:21      2186080   1757220     44.56      2088   1214280    676300     17.15    180240   1474256     10876
22:25:22      2185140   1758160     44.59      2088   1214280    679384     17.23    180240   1475864     10676
22:25:23      2191384   1751916     44.43      2088   1214280    670852     17.01    180240   1468836     10684
22:25:24      2194960   1748340     44.34      2088   1216968    663340     16.82    180240   1464276     13372
22:25:25      2195348   1747952     44.33      2088   1216968    663948     16.84    180240   1464988     13372
22:25:26      2187480   1755820     44.53      2088   1216980    672768     17.06    180240   1473364     13384
22:25:27      2188220   1755080     44.51      2088   1216992    674196     17.10    180240   1473188     10796
22:25:28      2177888   1765412     44.77      2088   1216996    682856     17.32    180240   1481780     10736
22:25:29      2179588   1763712     44.73      2088   1216996    682856     17.32    180240   1481680     10736
22:25:30      2178644   1764656     44.75      2088   1217000    683136     17.32    180240   1482436     10740
22:25:31      2109848   1833452     46.50      2088   1219672    747024     18.94    180240   1550724     13412
22:25:32      2187904   1755396     44.52      2088   1219692    668672     16.96    180240   1472592     10836
22:25:33      2180152   1763148     44.71      2088   1219696    676560     17.16    180240   1479852     10768
22:25:34      2178896   1764404     44.74      2088   1219712    680176     17.25    180240   1481744     10784
22:25:35      2178800   1764500     44.75      2088   1219712    681696     17.29    180240   1482644     10784
22:25:36      2027948   1915352     48.57      2088   1219712    830020     21.05    180240   1632716     10784
22:25:37      2185128   1758172     44.59      2088   1222392    668744     16.96    180240   1474416     10864
22:25:38      2185092   1758208     44.59      2088   1222400    668604     16.96    180240   1474632     10808
22:25:39      2185188   1758112     44.58      2088   1222404    668604     16.96    180240   1474656     10812
22:25:40      2185188   1758112     44.58      2088   1222404    669636     16.98    180240   1475788     10812
22:25:41      2176316   1766984     44.81      2088   1222412    678260     17.20    180240   1483984     10820
22:25:42      2177880   1765420     44.77      2088   1222428    678552     17.21    180240   1482608     10836
22:25:43      2174820   1768480     44.85      2088   1222428    679100     17.22    180240   1485588     10820
22:25:44      2174328   1768972     44.86      2088   1225040    676180     17.15    180240   1485060     13448
22:25:45      2176612   1766688     44.80      2088   1225104    673516     17.08    180240   1482856     13512
22:25:46      2179384   1763916     44.73      2088   1225120    671120     17.02    180240   1480400     13528
22:25:47      2178880   1764420     44.74      2088   1225120    671056     17.02    180240   1480320     13528
22:25:48      2179132   1764168     44.74      2088   1225124    672088     17.04    180240   1481432     10868
22:25:49      2169044   1774256     44.99      2088   1225128    683512     17.33    180240   1492016     10872
22:25:50      2171068   1772232     44.94      2088   1225144    683432     17.33    180240   1490304     10888
22:25:51      2165864   1777436     45.07      2088   1225144    686536     17.41    180240   1494876     10888
22:25:52      2072984   1870316     47.43      2088   1227828    773924     19.63    180240   1585044     13572
22:25:53      2174044   1769256     44.87      2088   1227828    674108     17.10    180240   1485892     13376
22:25:54      2173792   1769508     44.87      2088   1227844    673856     17.09    180240   1485804     13368
22:25:55      2173280   1770020     44.89      2088   1227848    674888     17.11    180240   1486780     13372
22:25:56      2162432   1780868     45.16      2088   1227848    685668     17.39    180240   1497360     13372
22:25:57      2160664   1782636     45.21      2088   1227864    690628     17.51    180240   1500324     13388
22:25:58      2164688   1778612     45.10      2088   1227864    683968     17.35    180240   1495576     10724
22:25:59      2117040   1826260     46.31      2088   1230472    729372     18.50    180240   1543028     13332
22:26:00      2166152   1777148     45.07      2088   1230540    679212     17.22    180240   1493324     13400
22:26:01      2169532   1773768     44.98      2088   1230556    675996     17.14    180240   1490268     13416
22:26:02      2169532   1773768     44.98      2088   1230556    675964     17.14    180240   1490268     13416
22:26:03      2169532   1773768     44.98      2088   1230556    675964     17.14    180240   1490396     10848
22:26:04      2169688   1773612     44.98      2088   1230560    676480     17.16    180240   1490888     10864
22:26:05      2161504   1781796     45.19      2088   1230564    684652     17.36    180240   1498588     10868
22:26:06      2152568   1790732     45.41      2088   1230576    694712     17.62    180240   1505788     10880
22:26:07      2021860   1921440     48.73      2088   1230580    825024     20.92    180240   1639872     10884
22:26:08      2165232   1778068     45.09      2088   1233252    677944     17.19    180240   1495620     10956
22:26:09      2164144   1779156     45.12      2088   1233256    677512     17.18    180240   1495848     10896
22:26:10      2163484   1779816     45.14      2088   1233272    678928     17.22    180240   1497192     10912
22:26:11      2153384   1789916     45.39      2088   1233272    688872     17.47    180240   1506168     10912
22:26:12      2156120   1787180     45.32      2088   1233288    687924     17.45    180240   1504516     10928
22:26:13      2154388   1788912     45.37      2088   1233292    688876     17.47    180240   1505756     10920
22:26:14      1987272   1956028     49.60      2088   1235900    853488     21.64    180240   1672832     13528
22:26:15      2159192   1784108     45.24      2088   1235972    679884     17.24    180240   1500380     13600
22:26:16      2159392   1783908     45.24      2088   1235972    679712     17.24    180240   1500148     13604
22:26:17      2159444   1783856     45.24      2088   1235980    679712     17.24    180240   1500152     13612
22:26:18      2159192   1784108     45.24      2088   1235980    682212     17.30    180240   1502660     10944
22:26:19      2152128   1791172     45.42      2088   1235988    688200     17.45    180240   1507640     10952
22:26:20      2150372   1792928     45.47      2088   1236000    692308     17.56    180240   1510008     10964
22:26:21      2142052   1801248     45.68      2088   1236004    697772     17.70    180240   1518384     10968
22:26:22      2092096   1851204     46.95      2088   1238676    745412     18.90    180240   1567876     13640
22:26:23      2154648   1788652     45.36      2088   1238680    682280     17.30    180240   1505088     13644
22:26:24      2154396   1788904     45.37      2088   1238692    682236     17.30    180240   1505428     10792
22:26:25      2154144   1789156     45.37      2088   1238696    682428     17.31    180240   1505548     10800
22:26:26      2152032   1791268     45.43      2088   1238696    685444     17.38    180240   1508500     10800
22:26:27      2139936   1803364     45.73      2088   1238700    699200     17.73    180240   1521236     10804
22:26:28      2143220   1800080     45.65      2088   1238704    694940     17.62    180240   1517136     10808
22:26:29      2131212   1812088     45.95      2088   1238720    707320     17.94    180240   1528808     10824
22:26:30      2132724   1810576     45.92      2088   1238720    709096     17.98    180240   1529052     10824
22:26:31      2138964   1804336     45.76      2088   1238720    699388     17.74    180240   1521136     10824
22:26:32      2059888   1883412     47.76      2088   1241396    775092     19.66    180240   1600640     13508
22:26:33      2145560   1797740     45.59      2088   1241408    687876     17.44    180240   1513844     13520
22:26:34      2138708   1804592     45.76      2088   1241416    696532     17.66    180240   1520980     10748
22:26:35      2139256   1804044     45.75      2088   1241428    697036     17.68    180240   1521384     10764
22:26:36      2123124   1820176     46.16      2088   1241440    709436     17.99    180240   1533784     10776
22:26:37      2027868   1915432     48.57      2088   1244104    803980     20.39    180240   1632412     13440
22:26:38      2141080   1802220     45.70      2088   1244108    689456     17.48    180240   1518228     13444
22:26:39      2141720   1801580     45.69      2088   1244120    689140     17.48    180240   1518112     10856
22:26:40      2141520   1801780     45.69      2088   1244120    689116     17.48    180240   1518204     10792
22:26:41      2135720   1807580     45.84      2088   1244120    695844     17.65    180240   1524180     10792
22:26:42      2128600   1814700     46.02      2088   1244132    703840     17.85    180240   1531756     10804
22:26:43      2116068   1827232     46.34      2088   1244144    718340     18.22    180240   1544604     10816
22:26:44      2118068   1825232     46.29      2088   1244144    716200     18.16    180240   1542488      8152
22:26:45      2119368   1823932     46.25      2088   1244144    716220     18.16    180240   1542488      8152
22:26:46      2055800   1887500     47.87      2088   1244148    776688     19.70    180240   1604848      8156
22:26:47      2077368   1865932     47.32      2088   1246820    750276     19.03    180240   1581700     10828
22:26:48      2133220   1810080     45.90      2088   1246836    694700     17.62    180240   1526352     10844
22:26:49      2126100   1817200     46.08      2088   1246840    704680     17.87    180240   1534292     10848
22:26:50      2127456   1815844     46.05      2088   1246852    706404     17.91    180240   1534364     10856
22:26:51      2114816   1828484     46.37      2088   1246856    710440     18.02    180240   1540564     10860
22:26:52      1997880   1945420     49.33      2088   1249464    829772     21.04    180240   1663064     13468
22:26:53      2129172   1814128     46.01      2088   1249532    696996     17.68    180240   1530556     13536
22:26:54      2128920   1814380     46.01      2088   1249544    696680     17.67    180240   1530748     10680
22:26:55      2127408   1815892     46.05      2088   1249544    699588     17.74    180240   1533348     10680
22:26:56      2116552   1826748     46.33      2088   1249552    710724     18.02    180240   1543660     10692
22:26:57      2115008   1828292     46.36      2088   1249564    713916     18.10    180240   1545052     10704
22:26:58      2111920   1831380     46.44      2088   1249568    714640     18.12    180240   1548368     10712
22:26:59      2116432   1826868     46.33      2088   1252180    706208     17.91    180240   1542784     13324
22:27:00      2118272   1825028     46.28      2088   1252248    704336     17.86    180240   1541332     13388
22:27:01      2121256   1822044     46.21      2088   1252248    701040     17.78    180240   1538240     13388
22:27:02      2121296   1822004     46.21      2088   1252264    701040     17.78    180240   1538064     13404
22:27:03      2121296   1822004     46.21      2088   1252264    701040     17.78    180240   1538264     13404
22:27:04      2119604   1823696     46.25      2088   1252264    703348     17.84    180240   1540412     13404
22:27:05      2112508   1830792     46.43      2088   1252272    711712     18.05    180240   1547860     10732
22:27:06      2111272   1832028     46.46      2088   1252284    714920     18.13    180240   1549144     10748
22:27:07      2106484   1836816     46.58      2088   1252288    721024     18.28    180240   1555428     10752
22:27:08      2027044   1916256     48.60      2088   1254896    793340     20.12    180240   1632560     13360
22:27:09      2115044   1828256     46.36      2088   1254964    705084     17.88    180240   1544516     13428
22:27:10      2115548   1827752     46.35      2088   1254980    704056     17.85    180240   1543652     10780
22:27:11      2115548   1827752     46.35      2088   1254980    704056     17.85    180240   1543652     10780
22:27:12      2115076   1828224     46.36      2088   1254980    706924     17.93    180240   1546152     10780
22:27:13      2108972   1834328     46.52      2088   1254984    712848     18.08    180240   1551088     10784
22:27:14      2098388   1844912     46.79      2088   1255000    726248     18.42    180240   1562048     10800
22:27:15      2096624   1846676     46.83      2088   1255000    727688     18.45    180240   1564876     10800
22:27:16      1980920   1962380     49.76      2088   1257672    836780     21.22    180240   1678248     13472
22:27:17      2103404   1839896     46.66      2088   1257680    714080     18.11    180240   1556228     13480
22:27:18      2108652   1834648     46.53      2088   1257684    708688     17.97    180240   1551140     13484
22:27:19      2100892   1842408     46.72      2088   1257692    719168     18.24    180240   1559772     13492
22:27:20      2100136   1843164     46.74      2088   1257708    721080     18.29    180240   1559968     10852
22:27:21      2097064   1846236     46.82      2088   1257708    724464     18.37    180240   1563376     10852
22:27:22      2097760   1845540     46.80      2088   1257708    721508     18.30    180240   1562424     10852
22:27:23      1996524   1946776     49.37      2088   1260384    820284     20.80    180240   1664196     13528
22:27:24      2102048   1841252     46.69      2088   1260388    712152     18.06    180240   1557336     13532
22:27:25      2103316   1839984     46.66      2088   1260396    710640     18.02    180240   1556024     10680
22:27:26      2103372   1839928     46.66      2088   1260400    710800     18.03    180240   1556112     10688
22:27:27      2100484   1842816     46.73      2088   1260400    714768     18.13    180240   1559412     10788
22:27:28      2101156   1842144     46.72      2088   1260412    714736     18.13    180240   1559372     10856
22:27:29      2088712   1854588     47.03      2088   1260416    728016     18.46    180240   1572232     10860
22:27:30      2055228   1888072     47.88      2088   1263088    758680     19.24    181048   1604312     10856
