Linux 5.10.234-225.910.amzn2.x86_64 (ip-10-0-131-3.ec2.internal) 	03/21/25 	_x86_64_	(2 CPU)

00:56:47        CPU     %user     %nice   %system   %iowait    %steal     %idle
00:56:48        all     77.11      0.00      7.96      1.00      8.96      4.98
00:56:49        all     38.61      0.00      5.94      0.00     13.37     42.08
00:56:50        all     34.50      0.00      1.50      0.00     14.50     49.50
00:56:51        all     35.64      0.00      2.97      0.00     11.88     49.50
00:56:52        all     40.59      0.00      2.48      0.00      7.92     49.01
00:56:53        all     36.59      0.00      5.37      0.00     12.68     45.37
00:56:54        all     39.51      0.00      3.41      1.46     14.63     40.98
00:56:55        all     40.50      0.00      7.00     10.50      4.00     38.00
00:56:56        all      0.00      0.00      0.00      0.00      0.00    100.00
00:56:57        all      0.00      0.00      0.00      0.00      0.00    100.00
00:56:58        all      3.02      0.00      1.01      0.00      1.01     94.97
00:56:59        all      0.00      0.00      0.00      0.00      0.00    100.00
00:57:00        all      0.00      0.00      0.00      1.51      0.00     98.49
00:57:01        all      0.00      0.00      0.00      0.00      0.00    100.00
00:57:02        all      0.00      0.00      0.00      0.00      0.00    100.00
00:57:03        all      0.50      0.00      0.00      0.00      0.50     99.01
00:57:04        all      0.00      0.00      0.00      0.00      0.00    100.00
00:57:05        all      0.00      0.00      0.00      0.00      0.00    100.00
00:57:06        all      0.00      0.00      0.00      0.00      0.00    100.00
00:57:07        all      0.00      0.00      0.50      0.50      0.50     98.51
00:57:08        all      0.00      0.00      0.00      0.00      0.00    100.00
00:57:09        all      0.00      0.00      0.00      0.00      0.00    100.00
00:57:10        all      0.00      0.00      1.49      3.96      0.99     93.56
00:57:11        all      0.00      0.00      0.00      0.00      0.00    100.00
00:57:12        all      0.00      0.00      0.50      0.00      0.00     99.50
00:57:13        all      0.00      0.00      0.00      0.00      0.00    100.00
00:57:14        all      0.00      0.00      0.00      0.00      0.00    100.00
00:57:15        all      0.00      0.00      0.50      0.00      0.00     99.50
00:57:16        all      0.00      0.00      1.01      9.09      1.52     88.38
00:57:17        all      0.00      0.00      0.50      0.00      0.00     99.50
00:57:18        all      0.00      0.00      0.00      0.00      0.00    100.00
00:57:19        all      0.00      0.00      0.00      0.00      0.00    100.00
00:57:20        all      0.50      0.00      0.50      0.00      0.00     99.00
00:57:21        all      0.00      0.00      0.50      2.50      0.00     97.00
00:57:22        all      0.50      0.00      0.50      0.00      0.00     99.01
00:57:23        all      0.00      0.00      0.00      0.00      0.00    100.00
00:57:24        all      0.00      0.00      0.00      0.00      0.00    100.00
