Linux 5.10.234-225.910.amzn2.x86_64 (ip-10-0-131-3.ec2.internal) 	03/21/25 	_x86_64_	(2 CPU)

00:56:47    kbmemfree kbmemused  %memused kbbuffers  kbcached  kbcommit   %commit  kbactive   kbinact   kbdirty
00:56:48      2787056   1156252     29.32      2088    914080    417456     10.59    179936    876196    311332
00:56:49      2741288   1202020     30.48      2088    914212    419652     10.64    179972    923996    311460
00:56:50      2726924   1216384     30.85      2088    914212    434420     11.02    179972    939096    311460
00:56:51      2658884   1284424     32.57      2088    914212    502872     12.75    179972   1007476    311460
00:56:52      2652584   1290724     32.73      2088    914212    508872     12.90    179972   1013384    311460
00:56:53      2651828   1291480     32.75      2088    914212    510152     12.94    179972   1014488    311460
00:56:54      2646416   1296892     32.89      2088    914368    519056     13.16    180164   1018416    253420
00:56:55      2882196   1061112     26.91      2088    914340    279004      7.08    180508    782088    175416
00:56:56      2882204   1061104     26.91      2088    914340    279032      7.08    180508    782116    175416
00:56:57      2882204   1061104     26.91      2088    914348    279172      7.08    180508    782264    175424
00:56:58      2882456   1060852     26.90      2088    914772    281980      7.15    180508    783360    175848
00:56:59      2882456   1060852     26.90      2088    914772    281980      7.15    180508    783360    175848
00:57:00      2882456   1060852     26.90      2088    914772    281980      7.15    180508    783360    173096
00:57:01      2882456   1060852     26.90      2088    914772    281980      7.15    180508    783360    173096
00:57:02      2882456   1060852     26.90      2088    914772    281980      7.15    180508    783360    173096
00:57:03      2882456   1060852     26.90      2088    914772    281980      7.15    180508    783360    173096
00:57:04      2882456   1060852     26.90      2088    914772    281980      7.15    180508    783360    173096
00:57:05      2882456   1060852     26.90      2088    914772    281980      7.15    180508    783376    173080
00:57:06      2882456   1060852     26.90      2088    914772    281980      7.15    180508    783376    173080
00:57:07      2882836   1060472     26.89      2088    914772    281980      7.15    180508    783376    173080
00:57:08      2882836   1060472     26.89      2088    914772    281968      7.15    180508    783376    173084
00:57:09      2882836   1060472     26.89      2088    914772    281968      7.15    180508    783376    173084
00:57:10      2879860   1063448     26.97      2088    914772    281968      7.15    180508    783388    120292
00:57:11      2879844   1063464     26.97      2088    914772    281968      7.15    180508    783388    120292
00:57:12      2879844   1063464     26.97      2088    914772    281968      7.15    180508    783388    120292
00:57:13      2879844   1063464     26.97      2088    914772    281968      7.15    180508    783388    120292
00:57:14      2879844   1063464     26.97      2088    914772    281968      7.15    180508    783388    120400
00:57:15      2879592   1063716     26.98      2088    914772    281968      7.15    180596    783304    120400
00:57:16      2876240   1067068     27.06      2088    914772    281968      7.15    180596    783304     18088
00:57:17      2876240   1067068     27.06      2088    914772    281968      7.15    180596    783304     18088
00:57:18      2876240   1067068     27.06      2088    914772    281968      7.15    180596    783304     18088
00:57:19      2876240   1067068     27.06      2088    914772    281968      7.15    180596    783304     18088
00:57:20      2876240   1067068     27.06      2088    914772    281968      7.15    180596    783304     18088
00:57:21      2876072   1067236     27.06      2088    914772    281968      7.15    180596    783308      1848
00:57:22      2875820   1067488     27.07      2088    914772    281968      7.15    180596    783308      1856
00:57:23      2875820   1067488     27.07      2088    914776    281968      7.15    180596    783308      1860
00:57:24      2875820   1067488     27.07      2088    914776    281968      7.15    180596    783308      1860
