Linux 5.10.234-225.910.amzn2.x86_64 (ip-10-0-161-91.ec2.internal) 	03/21/25 	_x86_64_	(2 CPU)

00:56:47        CPU     %user     %nice   %system   %iowait    %steal     %idle
00:56:48        all     71.50      0.00      7.50      0.50     18.50      2.00
00:56:49        all     45.50      0.00      8.00      0.00      8.50     38.00
00:56:50        all     43.28      0.00      1.00      0.00      5.97     49.75
00:56:51        all     41.09      0.00      1.98      0.00      7.43     49.50
00:56:52        all     40.10      0.00      2.48      0.00      9.41     48.02
00:56:53        all     40.89      0.00      3.94      0.00      9.36     45.81
00:56:54        all     45.96      0.00      5.05     15.15      7.07     26.77
00:56:55        all     25.76      0.00      3.03      0.00      4.55     66.67
00:56:56        all      0.00      0.00      0.00      0.00      0.00    100.00
00:56:57        all      0.00      0.00      0.00      0.00      0.50     99.50
00:56:58        all      4.43      0.00      1.97      0.00      0.49     93.10
00:56:59        all      0.00      0.00      0.00      0.00      0.00    100.00
00:57:00        all      0.00      0.00      0.00      0.00      0.00    100.00
00:57:01        all      0.00      0.00      0.00      0.00      0.00    100.00
00:57:02        all      0.00      0.00      0.00      0.00      0.00    100.00
00:57:03        all      0.00      0.00      0.00      0.00      0.00    100.00
00:57:04        all      0.00      0.00      0.00      0.00      0.50     99.50
00:57:05        all      0.00      0.00      0.00      0.00      0.00    100.00
00:57:06        all      0.00      0.00      0.00      0.00      0.00    100.00
00:57:07        all      0.00      0.00      0.00      0.00      0.00    100.00
00:57:08        all      0.50      0.00      0.50      0.50      0.00     98.51
00:57:09        all      0.00      0.00      0.00      0.00      0.50     99.50
00:57:10        all      0.00      0.00      1.01      4.04      0.00     94.95
00:57:11        all      0.00      0.00      0.00      0.00      0.50     99.50
00:57:12        all      0.00      0.00      0.00      0.00      0.00    100.00
00:57:13        all      0.50      0.00      0.50      0.00      0.00     99.00
00:57:14        all      0.00      0.00      0.00      0.00      0.00    100.00
00:57:15        all      0.00      0.00      1.98      9.90      2.48     85.64
00:57:16        all      0.00      0.00      0.00      0.00      0.00    100.00
00:57:17        all      0.00      0.00      0.00      0.00      0.00    100.00
00:57:18        all      0.00      0.00      0.00      0.00      0.00    100.00
00:57:19        all      0.00      0.00      0.00      0.00      0.00    100.00
00:57:20        all      0.00      0.00      0.99      2.48      0.99     95.54
00:57:21        all      0.00      0.00      0.00      0.00      0.00    100.00
00:57:22        all      0.00      0.00      0.00      0.00      0.00    100.00
00:57:23        all      0.00      0.00      0.00      0.00      0.00    100.00
00:57:24        all      0.00      0.00      0.00      0.00      0.00    100.00
00:57:25        all     13.93      0.00      2.49      1.00     16.42     66.17
