Linux 5.10.234-225.910.amzn2.x86_64 (ip-10-0-161-91.ec2.internal) 	03/21/25 	_x86_64_	(2 CPU)

00:56:47    kbmemfree kbmemused  %memused kbbuffers  kbcached  kbcommit   %commit  kbactive   kbinact   kbdirty
00:56:48      2806436   1136864     28.83      2088    901100    405736     10.29    179912    858260    298568
00:56:49      2741428   1201872     30.48      2088    914032    419032     10.63    179972    924456    311512
00:56:50      2710432   1232868     31.26      2088    914032    450600     11.43    179972    956156    311512
00:56:51      2637100   1306200     33.12      2088    914032    524664     13.31    179972   1029996    311512
00:56:52      2652716   1290584     32.73      2088    914032    508776     12.90    179972   1014260    311512
00:56:53      2651708   1291592     32.75      2088    914032    510056     12.93    179972   1015480    311512
00:56:54      2646840   1296460     32.88      2088    914188    519220     13.17    180152   1019496    172320
00:56:55      2882288   1061012     26.91      2088    914156    278624      7.07    180456    782700    174136
00:56:56      2882288   1061012     26.91      2088    914156    278672      7.07    180456    782736    174136
00:56:57      2882288   1061012     26.91      2088    914164    278812      7.07    180456    782884    174144
00:56:58      2881516   1061784     26.93      2088    914588    283792      7.20    180456    783960    174568
00:56:59      2881516   1061784     26.93      2088    914588    283792      7.20    180456    783964    173448
00:57:00      2881516   1061784     26.93      2088    914588    283792      7.20    180456    783964    173448
00:57:01      2881516   1061784     26.93      2088    914588    283792      7.20    180456    783964    173448
00:57:02      2881516   1061784     26.93      2088    914588    283792      7.20    180456    783964    173448
00:57:03      2881516   1061784     26.93      2088    914588    283792      7.20    180456    783964    173448
00:57:04      2881516   1061784     26.93      2088    914588    283792      7.20    180456    783964    173448
00:57:05      2881516   1061784     26.93      2088    914588    283792      7.20    180456    783968    173432
00:57:06      2881516   1061784     26.93      2088    914588    283792      7.20    180456    783968    173432
00:57:07      2881516   1061784     26.93      2088    914588    283792      7.20    180456    783968    173432
00:57:08      2881516   1061784     26.93      2088    914588    281716      7.14    180456    783964    173432
00:57:09      2881516   1061784     26.93      2088    914588    281716      7.14    180456    783964    173432
00:57:10      2879420   1063880     26.98      2088    914588    281716      7.14    180456    784012    128388
00:57:11      2879420   1063880     26.98      2088    914588    281716      7.14    180456    784012    128388
00:57:12      2879420   1063880     26.98      2088    914588    281716      7.14    180456    784012    128388
00:57:13      2879420   1063880     26.98      2088    914588    281716      7.14    180456    784012    128392
00:57:14      2879420   1063880     26.98      2088    914588    281716      7.14    180456    784012    128392
00:57:15      2875172   1068128     27.09      2088    914588    281716      7.14    180456    784036     18352
00:57:16      2875172   1068128     27.09      2088    914588    281716      7.14    180456    784036     18352
00:57:17      2875172   1068128     27.09      2088    914588    281716      7.14    180456    784036     18352
00:57:18      2875172   1068128     27.09      2088    914588    281716      7.14    180456    784036     18352
00:57:19      2875172   1068128     27.09      2088    914588    281716      7.14    180456    784036     18352
00:57:20      2875012   1068288     27.09      2088    914588    281716      7.14    180456    784036      2116
00:57:21      2875012   1068288     27.09      2088    914588    281716      7.14    180456    784036      2120
00:57:22      2874980   1068320     27.09      2088    914588    281716      7.14    180456    784036      2120
00:57:23      2874980   1068320     27.09      2088    914592    281716      7.14    180456    784036      2124
00:57:24      2874980   1068320     27.09      2088    914592    281716      7.14    180456    784036      2124
00:57:25      2845984   1097316     27.83      2088    914592    311328      7.90    180456    813540       284
