Linux 5.10.234-225.917.amzn2.x86_64 (ip-10-0-162-136.us-west-2.compute.internal) 	03/30/25 	_x86_64_	(2 CPU)

21:36:22    kbmemfree kbmemused  %memused kbbuffers  kbcached  kbcommit   %commit  kbactive   kbinact   kbdirty
21:36:23      2804644   1138664     28.88      2088    905408    375732      9.53    180756    860808    172884
21:36:24      2693416   1249892     31.70      2088    909892    518116     13.14    180784    970756    177236
21:36:25      2697184   1246124     31.60      2088    918360    458556     11.63    180808    967180    185728
21:36:26      2608716   1334592     33.84      2088    918360    547740     13.89    180808   1056580    185728
21:36:27      2647332   1295976     32.87      2088    918360    510360     12.94    180808   1018996    175128
21:36:28      2646576   1296732     32.88      2088    918360    511128     12.96    180808   1019736    175128
21:36:29      2645820   1297488     32.90      2088    918360    511896     12.98    180808   1020592    175128
21:36:30      2853428   1089880     27.64      2088    918444    305388      7.74    181272    811396    175172
21:36:31      2879772   1063536     26.97      2088    918480    277260      7.03    181416    785668    175316
21:36:32      2879740   1063568     26.97      2088    918480    277396      7.03    181416    785780    172564
21:36:33      2879740   1063568     26.97      2088    918480    277580      7.04    181416    785916    172564
21:36:34      2871284   1072024     27.19      2088    918492    287048      7.28    181416    794316    172576
21:36:35      2860512   1082796     27.46      2088    918500    300152      7.61    181416    804448    172584
21:36:36      2872660   1070648     27.15      2088    919864    288008      7.30    181416    792476    173948
21:36:37      2868344   1074964     27.26      2088    919876    293352      7.44    181416    797376    173956
21:36:38      2860808   1082500     27.45      2088    921524    298144      7.56    181416    804608    175604
21:36:39      2858540   1084768     27.51      2088    921532    301196      7.64    181416    807580    175612
21:36:40      2857988   1085320     27.52      2088    922896    299072      7.58    181416    806104    176976
21:36:41      2857216   1086092     27.54      2088    924256    298644      7.57    181416    807744    178336
21:36:42      2856452   1086856     27.56      2088    925764    298000      7.56    181416    808124    179172
21:36:43      2852656   1090652     27.66      2088    925780    302276      7.67    181416    812804    179188
21:36:44      2853216   1090092     27.64      2088    927280    299864      7.60    181416    811360    180688
21:36:45      2844620   1098688     27.86      2088    927288    308188      7.82    181416    819932    180696
21:36:46      2847144   1096164     27.80      2088    928644    305600      7.75    181416    818256    182052
21:36:47      2834228   1109080     28.13      2088    928660    312716      7.93    181416    824524     90344
21:36:48      2835756   1107552     28.09      2088    930020    308424      7.82    181416    823336     91704
21:36:49      2833260   1110048     28.15      2088    930028    313372      7.95    181504    826892     91712
21:36:50      2830532   1112776     28.22      2088    931536    310588      7.88    181504    828024     93220
21:36:51      2827480   1115828     28.30      2088    931540    315396      8.00    181504    830716     93224
21:36:52      2829688   1113620     28.24      2088    933052    310364      7.87    181504    828752     88436
21:36:53      2822400   1120908     28.43      2088    933060    319264      8.10    181504    835492     28520
21:36:54      2828504   1114804     28.27      2088    934720    309644      7.85    181504    829240     30288
21:36:55      2825192   1118116     28.35      2088    934724    314252      7.97    181504    833136     30296
21:36:56      2824268   1119040     28.38      2088    936084    313452      7.95    181504    834604     31668
21:36:57      2819268   1124040     28.51      2088    937396    316536      8.03    181504    838256     32980
21:36:58      2817936   1125372     28.54      2088    937452    317628      8.05    181504    840448     18812
21:36:59      2814172   1129136     28.63      2088    937460    325044      8.24    181504    845312     18820
21:37:00      2819188   1124120     28.51      2088    938820    316800      8.03    181504    839568     20180
21:37:01      2815556   1127752     28.60      2088    938828    320876      8.14    181504    843880     20188
21:37:02      2814124   1129184     28.64      2088    940184    319532      8.10    181504    843860     21544
21:37:03      2814124   1129184     28.64      2088    940188    319092      8.09    181504    843868     21508
21:37:04      2813312   1129996     28.66      2088    940196    323416      8.20    181504    847276     21516
21:37:05      2811108   1132200     28.71      2088    941552    321176      8.14    181504    846828     22872
21:37:06      2808852   1134456     28.77      2088    941560    325192      8.25    181504    850284     22880
21:37:07      2807856   1135452     28.79      2088    942920    323268      8.20    181504    849992     24240
21:37:08      2801980   1141328     28.94      2088    942928    332608      8.43    181504    859192     21280
21:37:09      2806848   1136460     28.82      2088    944288    323780      8.21    181504    851876     22640
21:37:10      2801500   1141808     28.96      2088    944296    330892      8.39    181504    857924     22648
21:37:11      2800992   1142316     28.97      2088    945656    327324      8.30    181504    858456     24008
21:37:12      2796140   1147168     29.09      2088    945668    334488      8.48    181504    863736     24020
21:37:13      2797752   1145556     29.05      2088    947028    328632      8.33    181504    861048     21224
21:37:14      2792336   1150972     29.19      2088    947036    339512      8.61    181504    869208     21232
21:37:15      2794756   1148552     29.13      2088    948392    331124      8.40    181504    864712     22588
21:37:16      2796096   1147212     29.09      2088    949760    330388      8.38    181504    864284     23956
21:37:17      2784888   1158420     29.38      2088    949768    340464      8.63    181504    873804     23964
21:37:18      2788300   1155008     29.29      2088    951128    335024      8.50    181504    871740     21168
21:37:19      2785988   1157320     29.35      2088    951136    341124      8.65    181504    875916     21176
21:37:20      2786352   1156956     29.34      2088    952496    336040      8.52    181504    873672     22536
21:37:21      2782400   1160908     29.44      2088    952504    341528      8.66    181504    877652     22544
21:37:22      2784692   1158616     29.38      2088    953868    337664      8.56    181504    875788     23908
21:37:23      2784008   1159300     29.40      2088    955180    336528      8.53    181504    875532     21820
21:37:24      2778236   1165072     29.55      2088    955236    342952      8.70    181504    882868     21828
21:37:25      2779920   1163388     29.50      2088    956580    340080      8.62    181504    880496     23172
21:37:26      2777384   1165924     29.57      2088    956608    342496      8.69    181504    883276     23200
21:37:27      2778220   1165088     29.55      2088    957960    340244      8.63    181504    881980     24552
21:37:28      2776564   1166744     29.59      2088    957972    343572      8.71    181504    885452     24564
21:37:29      2750684   1192624     30.24      2088    959676    365484      9.27    181504    909820     21828
21:37:30      2775392   1167916     29.62      2088    959784    342420      8.68    181504    886876     21944
21:37:31      2772340   1170968     29.70      2088    961132    341840      8.67    181504    887192     23292
21:37:32      2772628   1170680     29.69      2088    961152    343536      8.71    181504    889540     23312
21:37:33      2748356   1194952     30.30      2088    962496    364840      9.25    181504    911384     24656
21:37:34      2766296   1177012     29.85      2088    962516    344920      8.75    181504    893200     22004
21:37:35      2762988   1180320     29.93      2088    964012    348700      8.84    181504    896544     23500
21:37:36      2763736   1179572     29.91      2088    964036    348308      8.83    181504    897064     23524
21:37:37      2734512   1208796     30.65      2088    964040    378332      9.59    181504    925776     23528
21:37:38      2763832   1179476     29.91      2088    965552    346056      8.78    181504    897028     25040
21:37:39      2745396   1197912     30.38      2088    965556    366828      9.30    181504    916120     21036
21:37:40      2757272   1186036     30.08      2088    966916    348976      8.85    181504    900764     22396
21:37:41      2738068   1205240     30.56      2088    968412    371052      9.41    181504    923256     23892
21:37:42      2752492   1190816     30.20      2088    968432    354272      8.98    181504    907476     23912
21:37:43      2735600   1207708     30.63      2088    969744    372732      9.45    181504    926072     25224
21:37:44      2750744   1192564     30.24      2088    969800    353700      8.97    181504    909060     22620
21:37:45      2738380   1204928     30.56      2088    971296    368020      9.33    181504    923040     24116
21:37:46      2747368   1195940     30.33      2088    971316    356888      9.05    181504    913016     24136
21:37:47      2746680   1196628     30.35      2088    972676    356036      9.03    181504    913308     25496
21:37:48      2740820   1202488     30.49      2088    972684    362912      9.20    181504    918712     25504
21:37:49      2725992   1217316     30.87      2088    973992    376888      9.56    181504    935052     22804
21:37:50      2739088   1204220     30.54      2088    974052    367504      9.32    181504    922648     22864
21:37:51      2727228   1216080     30.84      2088    975404    374924      9.51    181504    931892     24216
21:37:52      2735104   1208204     30.64      2088    975416    363448      9.22    181504    921444     24228
21:37:53      2708644   1234664     31.31      2088    975420    396688     10.06    181504    953272     24232
21:37:54      2733796   1209512     30.67      2088    976780    365416      9.27    181504    925260     21104
21:37:55      2733844   1209464     30.67      2088    976788    371768      9.43    181504    927732     21112
21:37:56      2706604   1236704     31.36      2088    978140    393024      9.97    181504    952652     22464
21:37:57      2721392   1221916     30.99      2088    978152    380644      9.65    181504    938588     22476
21:37:58      2727192   1216116     30.84      2088    979512    371240      9.41    181504    932452     23836
21:37:59      2724740   1218568     30.90      2088    979524    376364      9.54    181504    936064     21176
21:38:00      2724732   1218576     30.90      2088    980880    373060      9.46    181504    935340     22532
21:38:01      2722912   1220396     30.95      2088    980888    376564      9.55    181504    937084     22540
21:38:02      2712864   1230444     31.20      2088    980888    387656      9.83    181504    948696     22540
21:38:03      2721328   1221980     30.99      2088    982244    375660      9.53    181504    938496     23896
21:38:04      2721744   1221564     30.98      2088    982260    374784      9.50    181504    937680     19448
21:38:05      2720148   1223160     31.02      2088    983764    375320      9.52    181504    939612     20956
21:38:06      2717484   1225824     31.09      2088    983772    377840      9.58    181504    942376     21068
21:38:07      2718164   1225144     31.07      2088    985132    376580      9.55    181504    942232     22428
21:38:08      2717944   1225364     31.07      2088    985140    377472      9.57    181504    943420     22436
21:38:09      2713760   1229548     31.18      2088    986488    378652      9.60    181504    945592     23784
21:38:10      2715636   1227672     31.13      2088    986508    378684      9.60    181504    946192     20836
21:38:11      2678776   1264532     32.07      2088    987816    413632     10.49    181504    981904     22144
21:38:12      2710576   1232732     31.26      2088    987872    378288      9.59    181504    948888     22200
21:38:13      2708052   1235256     31.33      2088    987880    385636      9.78    181504    953608     22208
21:38:14      2708272   1235036     31.32      2088    989240    379864      9.63    181504    951040     23568
21:38:15      2702996   1240312     31.45      2088    989244    388200      9.84    181504    957552     19404
21:38:16      2704516   1238792     31.42      2088    990604    382072      9.69    181504    954516     20764
21:38:17      2702576   1240732     31.46      2088    990612    387132      9.82    181504    957860     20784
21:38:18      2701956   1241352     31.48      2088    991972    383864      9.73    181504    957288     22144
21:38:19      2668504   1274804     32.33      2088    991980    419832     10.65    181504    992780     22152
21:38:20      2700508   1242800     31.52      2088    993336    384440      9.75    181504    958540     19352
21:38:21      2696676   1246632     31.61      2088    993348    390392      9.90    181504    963420     19364
21:38:22      2697736   1245572     31.59      2088    994852    386656      9.81    181504    961968     20868
21:38:23      2695892   1247416     31.63      2088    994860    388548      9.85    181504    963388     20876
21:38:24      2686204   1257104     31.88      2088    996208    396104     10.04    181504    972484     22224
21:38:25      2695184   1248124     31.65      2088    996220    387888      9.84    181504    964748     19132
21:38:26      2691132   1252176     31.75      2088    996232    391364      9.92    181504    968920     19144
21:38:27      2693096   1250212     31.70      2088    997588    388908      9.86    181504    966868     20500
21:38:28      2687592   1255716     31.84      2088    997596    393888      9.99    181504    971700     20508
21:38:29      2689340   1253968     31.80      2088    999104    389996      9.89    181504    969804     22016
21:38:30      2683852   1259456     31.94      2088    999112    397032     10.07    181504    976336     18016
21:38:31      2684300   1259008     31.93      2088   1000468    393672      9.98    181504    974456     19372
21:38:32      2685220   1258088     31.90      2088   1000476    392988      9.97    181504    973992     19380
21:38:33      2680796   1262512     32.02      2088   1000480    399548     10.13    181504    979840     19384
21:38:34      2683340   1259968     31.95      2088   1001840    392648      9.96    181504    975640     20744
21:38:35      2681324   1261984     32.00      2088   1001848    395164     10.02    181504    978520     17924
21:38:36      2679500   1263808     32.05      2088   1003196    395744     10.04    181504    979620     19276
21:38:37      2677796   1265512     32.09      2088   1003208    396644     10.06    181504    981844     19288
21:38:38      2671748   1271560     32.25      2088   1003212    404972     10.27    181504    988104     19292
21:38:39      2671972   1271336     32.24      2088   1004556    401072     10.17    181504    986908     20636
21:38:40      2657092   1286216     32.62      2088   1004576    416540     10.56    181504   1001764     17880
21:38:41      2660452   1282856     32.53      2088   1004580    414448     10.51    181504    998428     17884
21:38:42      2670828   1272480     32.27      2088   1006088    401052     10.17    181504    989368     19392
21:38:43      2644440   1298868     32.94      2088   1007504    426784     10.82    181504   1015280     20808
21:38:44      2669440   1273868     32.30      2088   1007600    401544     10.18    181504    989492     20904
21:38:45      2667868   1275440     32.34      2088   1007612    403644     10.24    181504    991984     18244
21:38:46      2638892   1304416     33.08      2088   1008956    432240     10.96    181512   1020872     19588
