Linux 5.10.234-225.910.amzn2.x86_64 (ip-10-0-130-106.ec2.internal) 	03/21/25 	_x86_64_	(2 CPU)

00:56:39        CPU     %user     %nice   %system   %iowait    %steal     %idle
00:56:40        all     71.14      0.00      8.46      0.50     16.92      2.99
00:56:41        all     41.67      0.00      6.37      0.00     15.69     36.27
00:56:42        all     43.63      0.00      1.96      0.00      5.39     49.02
00:56:43        all     40.98      0.00      4.88      0.00      5.37     48.78
00:56:44        all     42.71      0.00      3.52      0.00      5.03     48.74
00:56:45        all     40.10      0.00      4.95      0.00      8.91     46.04
00:56:46        all     39.41      0.00      5.42      0.00      9.36     45.81
00:56:47        all     20.10      0.00      2.51      0.00      2.51     74.87
00:56:48        all      0.00      0.00      0.00      0.00      0.00    100.00
00:56:49        all      0.00      0.00      0.00      0.00      0.00    100.00
00:56:50        all      0.00      0.00      0.00      0.00      0.00    100.00
00:56:51        all      0.99      0.00      0.50      7.43      0.99     90.10
00:56:52        all      0.00      0.00      0.50      7.04      0.50     91.96
00:56:53        all      0.00      0.00      0.00      0.00      0.00    100.00
00:56:54        all      0.00      0.00      0.00      0.00      0.00    100.00
00:56:55        all      0.00      0.00      0.00      0.00      0.00    100.00
00:56:56        all      2.01      0.00      0.00      0.50      0.50     96.98
00:56:57        all      5.50      0.00      2.50      2.00      6.50     83.50
00:56:58        all      2.49      0.00      0.50      0.00      0.50     96.52
00:56:59        all      0.00      0.00      0.00      0.00      0.00    100.00
00:57:00        all      0.00      0.00      0.00      0.00      0.00    100.00
00:57:01        all      0.00      0.00      0.00      0.00      0.00    100.00
00:57:02        all      0.00      0.00      2.46      4.43      0.99     92.12
00:57:03        all      0.00      0.00      0.00      0.00      0.00    100.00
00:57:04        all      0.00      0.00      0.50      0.50      0.50     98.51
00:57:05        all      0.00      0.00      0.00      0.00      0.00    100.00
00:57:06        all      0.00      0.00      0.00      0.00      0.50     99.50
00:57:07        all      0.00      0.00      0.51      9.09      1.52     88.89
00:57:08        all      0.00      0.00      0.00      0.00      0.00    100.00
00:57:09        all      0.00      0.00      0.00      0.00      0.00    100.00
00:57:10        all      0.00      0.00      0.00      0.00      0.00    100.00
00:57:11        all      0.00      0.00      0.50      0.00      1.50     98.00
00:57:12        all      0.00      0.00      0.00      0.00      0.00    100.00
00:57:13        all      0.00      0.00      0.00      2.50      0.50     97.00
00:57:14        all      0.00      0.00      0.00      0.00      0.00    100.00
00:57:15        all      2.43      0.00      2.43      8.25      7.28     79.61
00:57:16        all      0.00      0.00      0.00      0.00      0.50     99.50
00:57:17        all      0.00      0.00      0.50      0.00      0.00     99.50
00:57:18        all      0.50      0.00      0.50      0.00      0.50     98.51
00:57:19        all      0.00      0.00      0.00      0.00      0.00    100.00
00:57:20        all      0.00      0.00      0.50      0.00      0.50     99.00
00:57:21        all      1.49      0.00      1.00      0.00      1.49     96.02
00:57:22        all      0.50      0.00      0.50      0.00      0.00     99.01
00:57:23        all      0.99      0.00      1.49      0.00      3.47     94.06
00:57:24        all      0.00      0.00      0.99      0.00      0.49     98.52
00:57:25        all      0.00      0.00      0.00      0.00      0.00    100.00
00:57:26        all      0.00      0.00      0.00      0.00      0.00    100.00
00:57:27        all     14.63      0.00      2.93      0.00     11.22     71.22
