Linux 5.10.234-225.910.amzn2.x86_64 (ip-10-0-130-106.ec2.internal) 	03/21/25 	_x86_64_	(2 CPU)

00:56:39    kbmemfree kbmemused  %memused kbbuffers  kbcached  kbcommit   %commit  kbactive   kbinact   kbdirty
00:56:40      2808888   1134412     28.77      2088    900872    401988     10.19    170920    867368    298452
00:56:41      2753640   1189660     30.17      2088    913940    403804     10.24    178720    913800    311384
00:56:42      2719872   1223428     31.03      2088    913968    437608     11.10    179552    946856    311384
00:56:43      2636460   1306840     33.14      2088    913968    520916     13.21    179592   1029932    311384
00:56:44      2652084   1291216     32.74      2088    913968    505284     12.81    179592   1014216    311384
00:56:45      2651076   1292224     32.77      2088    913968    506308     12.84    179592   1015468    311384
00:56:46      2649312   1293988     32.81      2088    913968    507816     12.88    179596   1017044    311384
00:56:47      2860128   1083172     27.47      2088    913904    293552      7.44    180072    805088    311440
00:56:48      2860128   1083172     27.47      2088    913904    293552      7.44    180072    805088    311440
00:56:49      2860128   1083172     27.47      2088    913904    293552      7.44    180072    805088    311440
00:56:50      2860128   1083172     27.47      2088    913904    293552      7.44    180072    805088    311440
00:56:51      2860176   1083124     27.47      2088    913904    293552      7.44    180092    805096    214748
00:56:52      2860176   1083124     27.47      2088    913904    293552      7.44    180092    805096    173840
00:56:53      2860176   1083124     27.47      2088    913904    293552      7.44    180092    805096    173840
00:56:54      2860176   1083124     27.47      2088    913904    293552      7.44    180092    805096    173840
00:56:55      2860176   1083124     27.47      2088    913904    293552      7.44    180092    805096    173840
00:56:56      2859032   1084268     27.50      2088    914064    301348      7.64    180248    807720    173848
00:56:57      2882240   1061060     26.91      2088    914208    278364      7.06    180380    783716    171692
00:56:58      2882744   1060556     26.90      2088    914540    277984      7.05    180380    783700    172024
00:56:59      2882744   1060556     26.90      2088    914540    277984      7.05    180380    783700    172024
00:57:00      2882744   1060556     26.90      2088    914540    277984      7.05    180380    783700    172024
00:57:01      2882744   1060556     26.90      2088    914540    277984      7.05    180380    783700    172024
00:57:02      2879752   1063548     26.97      2088    914540    277984      7.05    180380    783704    120228
00:57:03      2879752   1063548     26.97      2088    914540    277984      7.05    180380    783704    120228
00:57:04      2880696   1062604     26.95      2088    914540    277984      7.05    180380    783704    120228
00:57:05      2880696   1062604     26.95      2088    914540    277984      7.05    180380    783704    120228
00:57:06      2880696   1062604     26.95      2088    914540    277984      7.05    180380    783704    120228
00:57:07      2877880   1065420     27.02      2088    914540    277984      7.05    180380    783704     17000
00:57:08      2877872   1065428     27.02      2088    914540    277972      7.05    180380    783704     16928
00:57:09      2877872   1065428     27.02      2088    914540    277972      7.05    180380    783704     16928
00:57:10      2877872   1065428     27.02      2088    914540    277972      7.05    180380    783704     16928
00:57:11      2877620   1065680     27.03      2088    914540    277972      7.05    180476    783604     16928
00:57:12      2877620   1065680     27.03      2088    914540    277972      7.05    180480    783608     16928
00:57:13      2877508   1065792     27.03      2088    914540    277972      7.05    180480    783608       668
00:57:14      2877508   1065792     27.03      2088    914540    277972      7.05    180480    783608       676
00:57:15      2847520   1095780     27.79      2088    932068    331388      8.40    180552    813100       756
00:57:16      2847488   1095812     27.79      2088    932072    331388      8.40    180552    813100       760
00:57:17      2847424   1095876     27.79      2088    932072    331388      8.40    180552    813160       760
00:57:18      2847424   1095876     27.79      2088    932072    331388      8.40    180552    813160       768
00:57:19      2847424   1095876     27.79      2088    932072    331388      8.40    180552    813160       768
00:57:20      2847424   1095876     27.79      2088    932072    331388      8.40    180552    813220       768
00:57:21      2846920   1096380     27.80      2088    932072    335484      8.51    180556    814016       768
00:57:22      2846920   1096380     27.80      2088    932072    335484      8.51    180556    814016       768
00:57:23      2846416   1096884     27.82      2088    932072    335484      8.51    180988    814240       768
00:57:24      2846416   1096884     27.82      2088    932072    335484      8.51    180988    814240       768
00:57:25      2846416   1096884     27.82      2088    932072    335484      8.51    180988    814240       768
00:57:26      2846416   1096884     27.82      2088    932072    335484      8.51    180988    814240       768
00:57:27      2814632   1128668     28.62      2088    932072    367004      9.31    180988    845664       768
