Linux 5.10.234-225.917.amzn2.x86_64 (ip-10-0-179-241.us-west-2.compute.internal) 	03/30/25 	_x86_64_	(2 CPU)

21:36:23    kbmemfree kbmemused  %memused kbbuffers  kbcached  kbcommit   %commit  kbactive   kbinact   kbdirty
21:36:24      2806872   1136428     28.82      2088    905356    374964      9.51    180456    858976    300428
21:36:25      2694172   1249128     31.68      2088    910216    517216     13.12    180548    969428    304992
21:36:26      2716696   1226604     31.11      2088    918276    440888     11.18    180588    948308    184472
21:36:27      2632256   1311044     33.25      2088    918276    525448     13.33    180580   1032776    184480
21:36:28      2647360   1295940     32.86      2088    918276    509560     12.92    180580   1017028    184480
21:36:29      2646872   1296428     32.88      2088    918276    510840     12.95    180580   1018272    184480
21:36:30      2645360   1297940     32.92      2088    918276    512168     12.99    180580   1019752    184480
21:36:31      2854236   1089064     27.62      2088    918328    305472      7.75    180832    810696    172844
21:36:32      2879756   1063544     26.97      2088    918364    277360      7.03    180948    784964    172988
21:36:33      2879768   1063532     26.97      2088    918400    277480      7.04    180992    785020    173016
21:36:34      2878244   1065056     27.01      2088    918412    280760      7.12    180992    788140    173028
21:36:35      2870128   1073172     27.22      2088    918420    291508      7.39    180992    795588    173036
21:36:36      2869608   1073692     27.23      2088    919732    291424      7.39    180992    795324    174348
21:36:37      2863884   1079416     27.37      2088    919784    299864      7.60    180992    802724    174400
21:36:38      2865612   1077688     27.33      2088    921444    292112      7.41    180992    798060    176060
21:36:39      2862564   1080736     27.41      2088    922792    295784      7.50    180992    802172    177408
21:36:40      2860320   1082980     27.46      2088    922816    298964      7.58    180992    805548    177432
21:36:41      2859984   1083316     27.47      2088    924156    297088      7.53    180992    805068    178772
21:36:42      2852536   1090764     27.66      2088    924184    305912      7.76    180992    814060    178780
21:36:43      2852208   1091092     27.67      2088    925696    302520      7.67    180992    813064    180292
21:36:44      2853144   1090156     27.65      2088    927196    301400      7.64    180992    812168    181792
21:36:45      2847552   1095748     27.79      2088    927196    304216      7.71    180992    816568    181792
21:36:46      2848028   1095272     27.78      2088    928572    300996      7.63    180992    813908    107340
21:36:47      2846236   1097064     27.82      2088    928584    304792      7.73    180992    816728    107352
21:36:48      2844664   1098636     27.86      2088    929884    304264      7.72    180992    818328    108652
21:36:49      2836756   1106544     28.06      2088    929952    312520      7.93    180992    825516    108724
21:36:50      2839144   1104156     28.00      2088    931456    308248      7.82    181088    823444    110260
21:36:51      2835568   1107732     28.09      2088    931464    312340      7.92    181088    826740    110268
21:36:52      2831236   1112064     28.20      2088    932976    309408      7.85    181088    827228     32504
21:36:53      2830432   1112868     28.22      2088    932984    312400      7.92    181088    828976     32512
21:36:54      2829804   1113496     28.24      2088    934588    310456      7.87    181088    829348     34116
21:36:55      2822740   1120560     28.42      2088    934644    318632      8.08    181088    835848     34172
21:36:56      2824524   1118776     28.37      2088    936004    313464      7.95    181088    834260     35532
21:36:57      2820444   1122856     28.48      2088    936004    321472      8.15    181088    839860     18732
21:36:58      2821712   1121588     28.44      2088    937372    314912      7.99    181088    837064     20096
21:36:59      2822728   1120572     28.42      2088    937384    316228      8.02    181088    837600     20108
21:37:00      2817820   1125480     28.54      2088    938736    318332      8.07    181088    840776     21460
21:37:01      2817340   1125960     28.55      2088    938752    319912      8.11    181088    842072     21476
21:37:02      2816664   1126636     28.57      2088    938752    320956      8.14    181088    842968     20036
21:37:03      2816396   1126904     28.58      2088    940072    318800      8.08    181088    842448     21356
21:37:04      2809216   1134084     28.76      2088    940112    321472      8.15    181088    846456     21396
21:37:05      2810332   1132968     28.73      2088    940120    326316      8.28    181088    849676     21404
21:37:06      2810104   1133196     28.74      2088    941484    323932      8.21    181088    849056     22768
21:37:07      2808700   1134600     28.77      2088    942804    322088      8.17    181088    849308     22748
21:37:08      2810304   1132996     28.73      2088    942848    323292      8.20    181088    850412     22748
21:37:09      2806324   1136976     28.83      2088    944208    324800      8.24    181088    852580     24108
21:37:10      2806764   1136536     28.82      2088    944216    323836      8.21    181088    852388     24116
21:37:11      2801568   1141732     28.95      2088    945724    326476      8.28    181088    857096     25624
21:37:12      2796976   1146324     29.07      2088    945732    334356      8.48    181088    861804     21328
21:37:13      2797700   1145600     29.05      2088    947096    328600      8.33    181088    860632     22692
21:37:14      2794112   1149188     29.14      2088    947104    334356      8.48    181088    864756     22700
21:37:15      2795288   1148012     29.11      2088    948468    331600      8.41    181088    865028     24064
21:37:16      2788476   1154824     29.29      2088    949952    339620      8.61    181088    873012     25548
21:37:17      2793988   1149312     29.15      2088    949984    336532      8.53    181088    869528     21276
21:37:18      2788628   1154672     29.28      2088    951344    335968      8.52    181088    871320     22636
21:37:19      2785680   1157620     29.36      2088    951352    341704      8.67    181088    874896     22644
21:37:20      2787656   1155644     29.31      2088    952712    335296      8.50    181088    872124     24004
21:37:21      2786800   1156500     29.33      2088    952716    337640      8.56    181088    873960     24008
21:37:22      2784672   1158628     29.38      2088    954080    337176      8.55    181088    875928     25372
21:37:23      2771892   1171408     29.71      2088    955384    349832      8.87    181088    888204     22376
21:37:24      2781600   1161700     29.46      2088    955452    338288      8.58    181088    878144     22436
21:37:25      2764484   1178816     29.89      2088    956760    356232      9.03    181088    896284     23744
21:37:26      2777276   1166024     29.57      2088    956824    342940      8.70    181088    883760     23808
21:37:27      2765480   1177820     29.87      2088    958172    354408      8.99    181088    896552     25156
21:37:28      2775432   1167868     29.62      2088    958188    342112      8.68    181088    884912     21684
21:37:29      2774240   1169060     29.65      2088    958196    345776      8.77    181088    887068     21712
21:37:30      2773492   1169808     29.67      2088    959980    343036      8.70    181088    886932     23496
21:37:31      2759144   1184156     30.03      2088    961312    355856      9.02    181088    900692     24828
21:37:32      2769992   1173308     29.75      2088    961368    344392      8.73    181088    890764     24884
21:37:33      2764912   1178388     29.88      2088    961372    351624      8.92    181088    896096     20880
21:37:34      2762896   1180404     29.93      2088    962672    351476      8.91    181088    898396     22180
21:37:35      2739720   1203580     30.52      2088    964148    373012      9.46    181088    921024     23656
21:37:36      2759072   1184228     30.03      2088    964256    353684      8.97    181088    901976     23764
21:37:37      2747792   1195508     30.32      2088    964268    367400      9.32    181088    914752     23776
21:37:38      2756584   1186716     30.09      2088    965768    353132      8.96    181088    903492     22604
21:37:39      2754532   1188768     30.15      2088    965772    358384      9.09    181088    906804     22608
21:37:40      2752236   1191064     30.20      2088    967088    356660      9.04    181088    908080     23924
21:37:41      2752068   1191232     30.21      2088    967140    360620      9.15    181088    909736     23976
21:37:42      2749780   1193520     30.27      2088    968652    358076      9.08    181088    910992     25488
21:37:43      2746112   1197188     30.36      2088    968660    361904      9.18    181088    913012     21340
21:37:44      2747076   1196224     30.34      2088    970016    358760      9.10    181088    913504     22696
21:37:45      2745372   1197928     30.38      2088    970016    361948      9.18    181088    915504     22696
21:37:46      2746336   1196964     30.35      2088    971540    360004      9.13    181088    915500     24220
21:37:47      2742268   1201032     30.46      2088    972880    361396      9.16    181088    918076     25560
21:37:48      2743460   1199840     30.43      2088    972904    362228      9.19    181088    918700     21484
21:37:49      2740532   1202768     30.50      2088    974256    361592      9.17    181088    919436     22780
21:37:50      2740784   1202516     30.50      2088    974272    365728      9.27    181088    921640     22796
21:37:51      2740516   1202784     30.50      2088    975632    362164      9.18    181088    919212     24156
21:37:52      2740516   1202784     30.50      2088    975632    363080      9.21    181088    920212     24156
21:37:53      2715048   1228252     31.15      2088    976980    387912      9.84    181088    945672     22904
21:37:54      2736008   1207292     30.62      2088    977000    366584      9.30    181088    924320     22852
21:37:55      2703392   1239908     31.44      2088    978316    397696     10.09    181088    956848     24168
21:37:56      2733888   1209412     30.67      2088    978372    365420      9.27    181088    926176     24224
21:37:57      2731308   1211992     30.74      2088    978384    370268      9.39    181088    929520     24348
21:37:58      2728276   1215024     30.81      2088    979736    370664      9.40    181088    932836     21216
21:37:59      2727364   1215936     30.84      2088    979744    372516      9.45    181088    934332     21224
21:38:00      2726796   1216504     30.85      2088    981108    371108      9.41    181088    933944     22588
21:38:01      2726684   1216616     30.85      2088    981112    371052      9.41    181088    934072     22592
21:38:02      2725320   1217980     30.89      2088    981112    372440      9.44    181088    934872     22592
21:38:03      2723756   1219544     30.93      2088    982472    373024      9.46    181088    936496     23952
21:38:04      2724172   1219128     30.92      2088    982476    372624      9.45    181088    936908     20816
21:38:05      2653928   1289372     32.70      2088   1001420    464892     11.79    181180   1006288     22268
21:38:06      2691196   1252104     31.75      2088   1001532    425760     10.80    181180    968596     22432
21:38:07      2687844   1255456     31.84      2088   1002880    428220     10.86    181180    971244     23780
21:38:08      2687628   1255672     31.84      2088   1002896    427048     10.83    181180    971744     23796
21:38:09      2686016   1257284     31.88      2088   1004240    428328     10.86    181180    973276     20888
21:38:10      2686116   1257184     31.88      2088   1004268    429104     10.88    181180    973884     20864
21:38:11      2680572   1262728     32.02      2088   1004268    435600     11.05    181180    980284     20864
21:38:12      2682392   1260908     31.98      2088   1005632    432388     10.97    181180    977944     22228
21:38:13      2681968   1261332     31.99      2088   1005640    430992     10.93    181180    977300     22236
21:38:14      2677132   1266168     32.11      2088   1007000    438460     11.12    181188    982904     20776
21:38:15      2675468   1267832     32.15      2088   1007008    439196     11.14    181188    984548     20784
21:38:16      2667696   1275604     32.35      2088   1008364    444620     11.28    181184    992256     22140
21:38:17      2670432   1272868     32.28      2088   1008372    442232     11.21    181184    990088     22160
21:38:18      2656348   1286952     32.64      2088   1009720    454844     11.53    181184   1003620     23508
21:38:19      2654584   1288716     32.68      2088   1009736    450608     11.43    181184   1000028     19368
21:38:20      2639212   1304088     33.07      2088   1011084    470456     11.93    181184   1020776     20716
21:38:21      2664096   1279204     32.44      2088   1011092    445776     11.30    181184    996924     20724
21:38:22      2638700   1304600     33.08      2088   1012604    470352     11.93    181184   1023016     22236
21:38:23      2658104   1285196     32.59      2088   1012616    447792     11.36    181184   1001500     22248
21:38:24      2658388   1284912     32.58      2088   1012616    450592     11.43    181184   1002600     18248
21:38:25      2654828   1288472     32.67      2088   1013980    450364     11.42    181184   1004548     19604
21:38:26      2656432   1286868     32.63      2088   1013980    450004     11.41    181184   1004548     19604
21:38:27      2653560   1289740     32.71      2088   1015348    450064     11.41    181184   1005592     20972
21:38:28      2651480   1291820     32.76      2088   1015348    452836     11.48    181184   1009092     20972
21:38:29      2648284   1295016     32.84      2088   1016864    454352     11.52    181184   1011136     19232
21:38:30      2648144   1295156     32.84      2088   1016864    451972     11.46    181184   1010936     19232
21:38:31      2648416   1294884     32.84      2088   1016872    456764     11.58    181184   1012444     19240
21:38:32      2625176   1318124     33.43      2088   1018220    474956     12.04    181184   1033880     20588
21:38:33      2635308   1307992     33.17      2088   1018300    465884     11.81    181188   1023832     20604
21:38:34      2641168   1302132     33.02      2088   1019640    458048     11.62    181188   1017212     19272
21:38:35      2638060   1305240     33.10      2088   1019668    461988     11.72    181188   1021496     19300
21:38:36      2621676   1321624     33.52      2088   1021016    479320     12.16    181188   1036564     20648
21:38:37      2642056   1301244     33.00      2088   1021028    457872     11.61    181188   1016832     20660
21:38:38      2641792   1301508     33.01      2088   1021036    461584     11.71    181188   1017916     20668
21:38:39      2639424   1303876     33.07      2088   1022336    460512     11.68    181188   1019216     17868
21:38:40      2639608   1303692     33.06      2088   1022404    459152     11.64    181188   1019324     17836
21:38:41      2638352   1304948     33.09      2088   1023908    458796     11.63    181188   1020260     19340
21:38:42      2637528   1305772     33.11      2088   1023908    459920     11.66    181188   1021160     19340
21:38:43      2636840   1306460     33.13      2088   1023920    463060     11.74    181188   1023448     19352
21:38:44      2635580   1307720     33.16      2088   1025424    460952     11.69    181188   1022820     18184
21:38:45      2634404   1308896     33.19      2088   1025436    461408     11.70    181188   1024220     18196
21:38:46      2623208   1320092     33.48      2088   1026780    473128     12.00    181196   1035772     19540
