Linux 5.10.234-225.910.amzn2.x86_64 (ip-10-0-164-108.ec2.internal) 	03/22/25 	_x86_64_	(2 CPU)

00:20:48        CPU     %user     %nice   %system   %iowait    %steal     %idle
00:20:49        all     76.24      0.00      6.93      0.50     11.88      4.46
00:20:50        all     47.76      0.00      5.47      0.00      6.97     39.80
00:20:51        all     44.00      0.00      0.50      0.00      5.50     50.00
00:20:52        all     41.09      0.00      3.47      0.00      5.94     49.50
00:20:53        all     41.71      0.00      4.52      0.00      5.53     48.24
00:20:54        all     41.21      0.00      5.03      0.00      7.54     46.23
00:20:55        all     44.28      0.00      4.48      0.00      8.46     42.79
00:20:56        all     22.00      0.00      4.00      0.00      5.50     68.50
00:20:57        all      0.00      0.00      0.00      0.00      0.00    100.00
00:20:58        all      0.50      0.00      0.00      0.00      0.50     99.00
00:20:59        all      4.39      0.00      2.44      0.00      7.32     85.85
00:21:00        all      0.00      0.00      0.00      0.00      0.00    100.00
00:21:01        all      0.00      0.00      0.00      2.01      0.00     97.99
00:21:02        all      0.00      0.00      0.00      0.00      0.00    100.00
00:21:03        all      0.00      0.00      0.00      0.00      0.00    100.00
00:21:04        all      0.00      0.00      0.00      0.00      0.00    100.00
00:21:05        all      0.00      0.00      0.00      0.00      0.00    100.00
00:21:06        all      0.00      0.00      0.00      0.00      0.00    100.00
00:21:07        all      0.00      0.00      0.00      0.00      0.00    100.00
00:21:08        all      0.00      0.00      0.00      0.00      0.50     99.50
00:21:09        all      0.00      0.00      0.00      0.00      0.00    100.00
00:21:10        all      0.00      0.00      0.00      0.00      0.00    100.00
00:21:11        all      0.00      0.00      1.98      6.44      1.49     90.10
00:21:12        all      0.00      0.00      0.00      0.50      0.50     99.00
00:21:13        all      0.00      0.00      0.00      0.00      0.00    100.00
00:21:14        all      0.00      0.00      0.00      0.00      0.00    100.00
00:21:15        all      0.00      0.00      0.00      0.00      0.00    100.00
00:21:16        all      0.00      0.00      0.00      0.00      0.00    100.00
00:21:17        all      0.00      0.00      1.48      6.90      2.46     89.16
00:21:18        all      0.50      0.00      0.50      0.00      0.00     99.00
00:21:19        all      0.00      0.00      0.00      0.00      0.00    100.00
00:21:20        all      0.00      0.00      0.50      0.00      0.00     99.50
00:21:21        all      0.00      0.00      0.00      0.00      0.00    100.00
00:21:22        all      0.00      0.00      0.50      2.49      0.50     96.52
00:21:23        all      0.50      0.00      0.00      0.00      0.00     99.50
00:21:24        all      0.00      0.00      0.50      0.00      0.00     99.50
00:21:25        all      0.00      0.00      0.00      0.00      0.00    100.00
