Linux 5.10.234-225.910.amzn2.x86_64 (ip-10-0-164-108.ec2.internal) 	03/22/25 	_x86_64_	(2 CPU)

00:20:48    kbmemfree kbmemused  %memused kbbuffers  kbcached  kbcommit   %commit  kbactive   kbinact   kbdirty
00:20:49      2803788   1139512     28.90      2088    904588    412464     10.46    179672    862680    176160
00:20:50      2742656   1200644     30.45      2088    914004    415444     10.54    179716    923268    185584
00:20:51      2708132   1235168     31.32      2088    914004    450828     11.43    179716    958668    185584
00:20:52      2629508   1313792     33.32      2088    914004    529312     13.42    179716   1037140    185584
00:20:53      2653700   1289600     32.70      2088    914004    505240     12.81    179716   1012956    185584
00:20:54      2652188   1291112     32.74      2088    914004    507064     12.86    179716   1014756    185584
00:20:55      2647548   1295752     32.86      2088    914160    515780     13.08    179864   1018228    185588
00:20:56      2883564   1059736     26.87      2088    914128    274980      6.97    180196    781388    172724
00:20:57      2883564   1059736     26.87      2088    914128    274980      6.97    180196    781420    172724
00:20:58      2883564   1059736     26.87      2088    914136    275120      6.98    180196    781652    172732
00:20:59      2883556   1059744     26.87      2088    914628    278572      7.06    180196    783292    173224
00:21:00      2883556   1059744     26.87      2088    914628    278572      7.06    180196    783292    173224
00:21:01      2883556   1059744     26.87      2088    914628    278572      7.06    180196    783296    171736
00:21:02      2883556   1059744     26.87      2088    914628    278572      7.06    180196    783296    171736
00:21:03      2883556   1059744     26.87      2088    914628    278572      7.06    180196    783296    171736
00:21:04      2883556   1059744     26.87      2088    914628    278572      7.06    180196    783296    171736
00:21:05      2883556   1059744     26.87      2088    914628    278572      7.06    180196    783296    171736
00:21:06      2883556   1059744     26.87      2088    914628    278572      7.06    180196    783296    171732
00:21:07      2883556   1059744     26.87      2088    914628    278572      7.06    180196    783296    171732
00:21:08      2883556   1059744     26.87      2088    914628    278572      7.06    180196    783296    171732
00:21:09      2883556   1059744     26.87      2088    914628    278560      7.06    180196    783300    171732
00:21:10      2883556   1059744     26.87      2088    914628    278560      7.06    180196    783300    171732
00:21:11      2880344   1062956     26.96      2088    914628    278560      7.06    180196    783300     95888
00:21:12      2881400   1061900     26.93      2088    914628    278560      7.06    180196    783300     95888
00:21:13      2881400   1061900     26.93      2088    914628    278560      7.06    180196    783300     95888
00:21:14      2881400   1061900     26.93      2088    914628    278560      7.06    180196    783300     95888
00:21:15      2881400   1061900     26.93      2088    914756    278560      7.06    180196    783420     95888
00:21:16      2881400   1061900     26.93      2088    914756    278560      7.06    180196    783420     95888
00:21:17      2878528   1064772     27.00      2088    914756    278560      7.06    180196    783428     16612
00:21:18      2878528   1064772     27.00      2088    914756    278560      7.06    180196    783428     16616
00:21:19      2878528   1064772     27.00      2088    914756    278560      7.06    180288    783340     16616
00:21:20      2878528   1064772     27.00      2088    914756    278560      7.06    180288    783340     16616
00:21:21      2878528   1064772     27.00      2088    914756    278560      7.06    180288    783340     16616
00:21:22      2878400   1064900     27.01      2088    914756    278560      7.06    180288    783340       336
00:21:23      2878400   1064900     27.01      2088    914756    278560      7.06    180288    783340       344
00:21:24      2878400   1064900     27.01      2088    914760    278560      7.06    180288    783340       452
00:21:25      2878400   1064900     27.01      2088    914760    278560      7.06    180288    783340       464
