Linux 5.10.234-225.910.amzn2.x86_64 (ip-10-0-190-39.us-west-2.compute.internal) 	03/25/25 	_x86_64_	(2 CPU)

22:13:08        CPU     %user     %nice   %system   %iowait    %steal     %idle
22:13:09        all     73.13      0.00      6.47      0.50     10.45      9.45
22:13:10        all     26.42      0.00      4.72      0.00     34.91     33.96
22:13:11        all     28.29      0.00      3.90      0.00     34.63     33.17
22:13:12        all     26.73      0.00      0.99      0.00     23.27     49.01
22:13:13        all     32.18      0.00      1.98      0.00     16.34     49.50
22:13:14        all     32.66      0.00      2.51      0.00     15.08     49.75
22:13:15        all     32.51      0.00      1.48      0.00     17.73     48.28
22:13:16        all     28.10      0.00      3.81      0.00     23.33     44.76
22:13:17        all     32.38      0.00      5.24     14.29     20.95     27.14
22:13:18        all     33.33      0.00      2.49      0.00     17.91     46.27
22:13:19        all     27.45      0.00      4.41      0.00     12.75     55.39
22:13:20        all      0.00      0.00      0.00      0.00      0.00    100.00
22:13:21        all      2.00      0.00      0.50      0.50      2.00     95.00
22:13:22        all      4.41      0.00      3.92      0.00     11.76     79.90
22:13:23        all      4.43      0.00      2.96      0.00      8.37     84.24
22:13:24        all     12.62      0.00     11.65      0.49     27.18     48.06
22:13:25        all     12.81      0.00     10.34      0.00     18.72     58.13
22:13:26        all      7.69      0.00      5.77      0.00     12.50     74.04
22:13:27        all     13.93      0.00      5.97      0.00      4.48     75.62
22:13:28        all     18.91      0.00      5.97      2.49      8.46     64.18
22:13:29        all     11.22      0.00      6.83      0.00     15.12     66.83
22:13:30        all     28.02      0.00      4.83      0.00     28.99     38.16
22:13:31        all     36.14      0.00      0.99      0.00     13.86     49.01
22:13:32        all     40.80      0.00      1.49      0.00      9.95     47.76
22:13:33        all     27.09      0.00      6.40      8.37      6.90     51.23
22:13:34        all     17.24      0.00      1.48      0.00     10.34     70.94
22:13:35        all     20.98      0.00      9.27      0.00     17.56     52.20
22:13:36        all     11.59      0.00      9.66      0.00     18.84     59.90
22:13:37        all     22.66      0.00      5.91      0.00     15.76     55.67
22:13:38        all     19.12      0.00      4.90      0.00      7.84     68.14
22:13:39        all     10.29      0.00      5.39      2.45      7.84     74.02
22:13:40        all     15.35      0.00      6.93      0.00     11.39     66.34
22:13:41        all      8.87      0.00      3.94      0.00      7.88     79.31
22:13:42        all     17.87      0.00      5.80      0.00     24.15     52.17
22:13:43        all     24.02      0.00      9.31      0.00     23.53     43.14
22:13:44        all      7.84      0.00      3.92      1.96     10.78     75.49
22:13:45        all      3.92      0.00      1.47      0.00      2.94     91.67
22:13:46        all     38.12      0.00      6.93      0.00     13.37     41.58
22:13:47        all     12.25      0.00      2.94      0.00      9.80     75.00
22:13:48        all     33.00      0.00      6.00      0.00      9.50     51.50
22:13:49        all      8.37      0.00      4.43      0.00      9.36     77.83
22:13:50        all     11.82      0.00      2.96      0.00      7.88     77.34
22:13:51        all     22.89      0.00      6.47      0.00     17.91     52.74
22:13:52        all     12.20      0.00      5.85      0.00     13.66     68.29
22:13:53        all     24.38      0.00      7.46      0.00     17.41     50.75
22:13:54        all     13.24      0.00      3.43      0.98     14.22     68.14
22:13:55        all     23.38      0.00      7.46      0.00     12.44     56.72
22:13:56        all      6.34      0.00      4.39      0.00      5.37     83.90
22:13:57        all     11.00      0.00      4.50      0.00      4.00     80.50
22:13:58        all      7.54      0.00      3.52      0.00      3.52     85.43
22:13:59        all     18.91      0.00      2.49      0.00      5.97     72.64
22:14:00        all      9.36      0.00      5.91      0.00     20.20     64.53
22:14:01        all     21.08      0.00      3.92      0.00     18.63     56.37
22:14:02        all     20.00      0.00      0.98      0.00     30.73     48.29
22:14:03        all     16.83      0.00      2.97      0.00     20.30     59.90
22:14:04        all      9.36      0.00      2.46      0.49      8.37     79.31
22:14:05        all     17.73      0.00      5.42      0.00     10.34     66.50
22:14:06        all     12.87      0.00      1.98      0.00      8.91     76.24
22:14:07        all     15.42      0.00      3.98      0.00     10.45     70.15
22:14:08        all     18.72      0.00      8.87      0.00     17.24     55.17
22:14:09        all     25.00      0.00      5.88      0.49     16.18     52.45
22:14:10        all     27.75      0.00      7.18      0.00     19.14     45.93
22:14:11        all      7.43      0.00      1.49      0.00      7.43     83.66
22:14:12        all     20.69      0.00     10.34      0.00     17.73     51.23
22:14:13        all     22.44      0.00      8.78      0.00     12.20     56.59
22:14:14        all     15.92      0.00      2.99      0.00      7.96     73.13
22:14:15        all     27.18      0.00      5.83      0.00     16.02     50.97
22:14:16        all      5.42      0.00      2.96      0.00      4.43     87.19
22:14:17        all     18.00      0.00      6.00      0.00      5.50     70.50
22:14:18        all     35.61      0.00      1.46      0.00     14.15     48.78
22:14:19        all     12.50      0.00      3.50      0.00      6.00     78.00
22:14:20        all     10.29      0.00      5.39      0.00      9.31     75.00
22:14:21        all     20.87      0.00      9.71      0.00     14.08     55.34
22:14:22        all     15.27      0.00      3.94      0.00     13.30     67.49
22:14:23        all     16.34      0.00      5.94      0.00     16.34     61.39
22:14:24        all      5.50      0.00      2.00      0.00      4.50     88.00
22:14:25        all      0.50      0.00      0.50      0.00      0.50     98.50
22:14:26        all     24.75      0.00      1.98      0.00     13.37     59.90
22:14:27        all     34.50      0.00      1.00      0.00     14.50     50.00
22:14:28        all     44.22      0.00      8.04      0.00     10.05     37.69
22:14:29        all     20.50      0.00      2.00      0.00      3.50     74.00
22:14:30        all     24.00      0.00      8.50      0.50     16.00     51.00
22:14:31        all     24.50      0.00     11.50      0.00     10.50     53.50
22:14:32        all      1.00      0.00      1.00      0.00      0.50     97.50
22:14:33        all      4.93      0.00      2.46      0.00      4.93     87.68
22:14:34        all     13.93      0.00      8.46      0.00     13.43     64.18
22:14:35        all     20.50      0.00      3.00      0.00      4.50     72.00
22:14:36        all     11.44      0.00      6.47      0.00     13.93     68.16
22:14:37        all     24.27      0.00      7.77      0.00     15.53     52.43
22:14:38        all     36.82      0.00      2.99      0.00      8.96     51.24
22:14:39        all     10.40      0.00      3.47      0.00      4.46     81.68
22:14:40        all     20.79      0.00      4.95      0.99     15.35     57.92
22:14:41        all     20.29      0.00     10.14      0.00     19.81     49.76
22:14:42        all     13.86      0.00      1.98      0.00      8.91     75.25
22:14:43        all      8.33      0.00      4.41      0.00      8.82     78.43
22:14:44        all     32.51      0.00      5.42      0.00     15.27     46.80
22:14:45        all     13.30      0.00      4.93      0.00      9.36     72.41
22:14:46        all     24.39      0.00      2.93      0.00     11.22     61.46
22:14:47        all     26.50      0.00      3.00      0.00      8.00     62.50
22:14:48        all      5.97      0.00      1.49      0.00      2.99     89.55
22:14:49        all     22.77      0.00      6.93      0.00     10.40     59.90
22:14:50        all     16.26      0.00      6.40      0.00      9.85     67.49
22:14:51        all      6.44      0.00      3.47      0.00      7.43     82.67
22:14:52        all     27.36      0.00      4.98      0.00     13.43     54.23
22:14:53        all     17.65      0.00      7.84      0.00     10.78     63.73
22:14:54        all     22.17      0.00      7.39      0.00     11.33     59.11
22:14:55        all      9.85      0.00      5.42      0.00      9.85     74.88
22:14:56        all     22.93      0.00      3.41      0.00     15.61     58.05
22:14:57        all     20.39      0.00      6.80      0.00     14.56     58.25
22:14:58        all     15.05      0.00      4.85      0.00     17.48     62.62
22:14:59        all     15.12      0.00      3.90      0.00     11.22     69.76
22:15:00        all     24.26      0.00      5.94      0.50     15.35     53.96
22:15:01        all      8.87      0.00      4.93      0.00     11.82     74.38
22:15:02        all      4.00      0.00      0.50      0.00      8.50     87.00
22:15:03        all     16.91      0.00      4.83      0.00     29.47     48.79
22:15:04        all     19.72      0.00     11.27      0.00     23.94     45.07
22:15:05        all      6.93      0.00      1.98      0.00      9.41     81.68
22:15:06        all     12.25      0.00      4.90      0.00     16.18     66.67
22:15:07        all     19.80      0.00      3.47      0.00     16.83     59.90
22:15:08        all     17.96      0.00      8.74      0.00     16.99     56.31
22:15:09        all     18.32      0.00      4.95      0.00      9.41     67.33
22:15:10        all     15.69      0.00      5.88      0.00     11.27     67.16
22:15:11        all     19.51      0.00      2.93      0.49     18.05     59.02
22:15:12        all     11.33      0.00      2.96      0.00     12.32     73.40
22:15:13        all     35.61      0.00      9.27      0.00     23.41     31.71
22:15:14        all     14.29      0.00      4.93      0.00      9.36     71.43
22:15:15        all     20.79      0.00      4.46      0.00     20.30     54.46
22:15:16        all      7.88      0.00      3.94      0.99      8.37     78.82
22:15:17        all     22.89      0.00      7.96      0.00     10.45     58.71
22:15:18        all      7.43      0.00      2.48      0.00      3.96     86.14
22:15:19        all      1.00      0.00      0.00      0.00      0.50     98.50
22:15:20        all      7.43      0.00      2.97      0.00      3.96     85.64
22:15:21        all     13.57      0.00      0.50      0.00     10.55     75.38
22:15:22        all     11.88      0.00      3.47      0.00      3.47     81.19
22:15:23        all     13.37      0.00      6.93      0.00     13.86     65.84
22:15:24        all     22.50      0.00      5.00      0.00      6.00     66.50
22:15:25        all      3.52      0.00      0.00      0.00      1.51     94.97
22:15:26        all      4.00      0.00      1.00      0.50      2.00     92.50
22:15:27        all     26.96      0.00      6.37      0.00     12.25     54.41
22:15:28        all      5.45      0.00      0.99      0.00      2.97     90.59
22:15:29        all     31.19      0.00      7.92      0.00     12.87     48.02
22:15:30        all      8.91      0.00      2.48      0.00      3.96     84.65
22:15:31        all      6.44      0.00      4.46      0.50      7.43     81.19
22:15:32        all     18.91      0.00      1.49      0.00      7.96     71.64
22:15:33        all      8.46      0.00      1.49      0.00      4.48     85.57
22:15:34        all     33.83      0.00      9.45      0.00      7.96     48.76
22:15:35        all      4.02      0.00      2.51      0.00      8.04     85.43
22:15:36        all      1.00      0.00      0.50      0.50      0.50     97.51
22:15:37        all      3.96      0.00      1.98      0.00      3.47     90.59
22:15:38        all      5.88      0.00      4.41      0.00      5.88     83.82
22:15:39        all     24.38      0.00      3.48      0.00      8.96     63.18
22:15:40        all      7.96      0.00      2.49      0.00      5.47     84.08
22:15:41        all     16.00      0.00      4.50      0.00      7.00     72.50
22:15:42        all      6.00      0.00      1.50      0.00      3.00     89.50
22:15:43        all      4.98      0.00      3.48      0.00      5.47     86.07
22:15:44        all     21.78      0.00      3.96      0.00      8.42     65.84
22:15:45        all      5.53      0.00      1.51      0.00      5.53     87.44
22:15:46        all     29.06      0.00      8.87      0.00     16.75     45.32
22:15:47        all      7.28      0.00      3.40      0.49     10.19     78.64
22:15:48        all      0.50      0.00      0.50      0.00      0.00     98.99
22:15:49        all      7.43      0.00      4.46      0.00      7.92     80.20
22:15:50        all     20.90      0.00      1.49      0.00     22.39     55.22
22:15:51        all     18.36      0.00      7.73      0.00     20.77     53.14
22:15:52        all      4.46      0.00      1.98      0.50      3.96     89.11
22:15:53        all     23.04      0.00      6.37      0.00     22.06     48.53
22:15:54        all      2.00      0.00      0.50      0.00      1.00     96.50
22:15:55        all      5.97      0.00      2.49      0.00      6.97     84.58
22:15:56        all     12.87      0.00      1.49      0.00      9.90     75.74
22:15:57        all     19.40      0.00      5.47      0.00     18.91     56.22
22:15:58        all      6.00      0.00      1.50      0.00      1.50     91.00
22:15:59        all      6.40      0.00      2.46      0.00      8.37     82.76
22:16:00        all     20.00      0.00      2.00      0.00      9.50     68.50
22:16:01        all      1.00      0.00      1.00      0.00      3.00     95.00
22:16:02        all      6.37      0.00      1.47      0.49     15.20     76.47
22:16:03        all     22.82      0.00      4.85      0.00     18.93     53.40
22:16:04        all      8.33      0.00      4.41      0.00      7.84     79.41
22:16:05        all     18.41      0.00      4.48      0.00     13.43     63.68
22:16:06        all     14.43      0.00      3.98      0.00      6.97     74.63
22:16:07        all      4.48      0.00      0.50      0.00      1.49     93.53
22:16:08        all      0.50      0.00      1.00      0.00      0.50     98.00
22:16:09        all      4.50      0.00      2.50      0.00      3.00     90.00
22:16:10        all      3.94      0.00      3.45      0.00      6.90     85.71
22:16:11        all     25.74      0.00      2.48      0.00     19.31     52.48
22:16:12        all     12.81      0.00      5.42      0.49     11.82     69.46
22:16:13        all      3.52      0.00      1.51      0.00      2.51     92.46
22:16:14        all     24.00      0.00      5.50      0.00     16.00     54.50
22:16:15        all      0.99      0.00      0.99      0.00      1.49     96.53
22:16:16        all      6.47      0.00      4.98      0.00      7.46     81.09
22:16:17        all     24.63      0.00      4.43      0.00     12.32     58.62
22:16:18        all     10.29      0.00      4.90      0.00      8.82     75.98
22:16:19        all      7.50      0.00      2.50      0.00      4.50     85.50
22:16:20        all     22.00      0.00      4.00      0.00     11.50     62.50
22:16:21        all      3.94      0.00      0.99      0.00      1.97     93.10
22:16:22        all      5.53      0.00      3.02      0.00      2.01     89.45
22:16:23        all     18.09      0.00      0.50      0.00      6.53     74.87
22:16:24        all      8.37      0.00      6.40      0.00     10.34     74.88
22:16:25        all     11.82      0.00      6.40      0.00     12.81     68.97
22:16:26        all     24.75      0.00      8.91      0.00     10.89     55.45
22:16:27        all      2.97      0.00      0.99      0.50      3.47     92.08
22:16:28        all      1.49      0.00      1.49      0.00      1.99     95.02
22:16:29        all     26.50      0.00      6.50      0.00      6.00     61.00
22:16:30        all     11.33      0.00      4.43      0.00     13.79     70.44
22:16:31        all     33.82      0.00      9.80      0.00     20.10     36.27
22:16:32        all      4.93      0.00      2.46      0.00      2.96     89.66
22:16:33        all      1.00      0.00      0.50      0.50      1.50     96.50
22:16:34        all      3.45      0.00      1.48      0.00      2.96     92.12
22:16:35        all     22.50      0.00      4.50      0.00     11.50     61.50
22:16:36        all      2.97      0.00      0.99      0.00      2.48     93.56
22:16:37        all     22.39      0.00      8.96      0.00     13.93     54.73
22:16:38        all     14.15      0.00      4.39      0.00     10.73     70.73
22:16:39        all      4.95      0.00      0.99      0.00      2.48     91.58
22:16:40        all      4.95      0.00      1.98      0.00      3.47     89.60
22:16:41        all     25.37      0.00      4.98      0.00     12.44     57.21
22:16:42        all     11.76      0.00      4.41      0.00      5.39     78.43
22:16:43        all     30.20      0.00      4.46      0.00      9.41     55.94
22:16:44        all      4.95      0.00      1.49      0.00      2.48     91.09
22:16:45        all      1.00      0.00      0.00      0.00      1.50     97.50
22:16:46        all      5.42      0.00      3.45      0.00      5.42     85.71
22:16:47        all     25.25      0.00      4.95      0.00     16.34     53.47
22:16:48        all     10.84      0.00      5.91      0.00     10.84     72.41
22:16:49        all     14.78      0.00      2.46      0.00     10.34     72.41
22:16:50        all     19.80      0.00      6.93      0.00      4.95     68.32
22:16:51        all      1.01      0.00      1.01      0.00      1.01     96.98
22:16:52        all      6.40      0.00      2.96      0.00      3.94     86.70
22:16:53        all     23.88      0.00      1.00      0.50      6.97     67.66
22:16:54        all     15.20      0.00      9.31      0.00     13.24     62.25
22:16:55        all     21.29      0.00      4.95      0.00      7.92     65.84
22:16:56        all      5.03      0.00      2.01      0.00      2.51     90.45
22:16:57        all      1.51      0.00      0.00      0.00      0.50     97.99
22:16:58        all     31.34      0.00      6.97      0.50      7.46     53.73
22:16:59        all      3.98      0.00      2.99      0.00      3.98     89.05
22:17:00        all     26.83      0.00      8.78      0.00     13.66     50.73
22:17:01        all     14.93      0.00      3.48      0.00      5.97     75.62
22:17:02        all      6.70      0.00      2.39      0.00     25.84     65.07
22:17:03        all      0.50      0.00      0.50      0.00      1.00     98.01
22:17:04        all      2.99      0.00      0.50      0.00      2.99     93.53
22:17:05        all     16.99      0.00      7.28      0.00     17.48     58.25
22:17:06        all     16.83      0.00      1.49      0.00      5.45     76.24
22:17:07        all     11.82      0.00      6.90      0.00     10.34     70.94
22:17:08        all     28.29      0.00     12.68      0.00     15.61     43.41
22:17:09        all      2.49      0.00      0.00      0.00      1.49     96.02
22:17:10        all      2.01      0.00      0.50      0.00      2.51     94.97
22:17:11        all     12.25      0.00      5.88      0.00     14.22     67.65
22:17:12        all     19.50      0.00      1.00      0.00      6.50     73.00
22:17:13        all     17.91      0.00      7.46      0.00     14.93     59.70
22:17:14        all     14.43      0.00      1.00      0.50      6.97     77.11
22:17:15        all     13.79      0.00      4.93      0.00      5.42     75.86
22:17:16        all      2.50      0.00      1.00      0.00      3.00     93.50
22:17:17        all     10.95      0.00      6.97      0.00     13.43     68.66
22:17:18        all     18.91      0.00      1.49      0.00      7.96     71.64
22:17:19        all     12.20      0.00      4.88      0.00     13.17     69.76
22:17:20        all     19.21      0.00      3.94      0.00     17.24     59.61
22:17:21        all     13.86      0.00      3.96      0.00      3.96     78.22
22:17:22        all      2.49      0.00      1.49      0.00      1.00     95.02
22:17:23        all     22.50      0.00      3.50      0.00      5.00     69.00
22:17:24        all     10.00      0.00      3.00      0.50      4.50     82.00
22:17:25        all     20.69      0.00      5.42      0.00     17.24     56.65
22:17:26        all     21.50      0.00      8.50      0.00     14.00     56.00
22:17:27        all      3.94      0.00      1.97      0.00      7.39     86.70
22:17:28        all      1.51      0.00      0.00      0.00      1.01     97.49
22:17:29        all      3.48      0.00      1.49      0.50      3.98     90.55
22:17:30        all     15.84      0.00      3.96      0.00     14.85     65.35
22:17:31        all     18.14      0.00      2.94      0.00     14.71     64.22
22:17:32        all     14.36      0.00      6.44      0.00      3.47     75.74
22:17:33        all     19.31      0.00      3.96      0.00     14.36     62.38
22:17:34        all      8.46      0.00      2.99      0.00      2.99     85.57
22:17:35        all      2.51      0.00      0.50      0.00      2.51     94.47
22:17:36        all     27.23      0.00      5.94      0.00      9.90     56.93
22:17:37        all     15.84      0.00      5.45      0.00      9.90     68.81
22:17:38        all     24.38      0.00      4.98      0.00      5.97     64.68
22:17:39        all      5.94      0.00      3.47      0.50      4.95     85.15
22:17:40        all      1.00      0.00      0.00      0.00      1.00     98.00
22:17:41        all      2.99      0.00      1.00      0.00      5.47     90.55
22:17:42        all     10.50      0.00      7.00      0.00     10.50     72.00
22:17:43        all     23.38      0.00      3.48      0.00      8.96     64.18
22:17:44        all      7.92      0.00      3.47      0.00      3.96     84.65
22:17:45        all     19.70      0.00      3.54      0.00      3.03     73.74
22:17:46        all      6.97      0.00      1.99      0.00      6.97     84.08
22:17:47        all      5.00      0.00      2.50      0.00      5.50     87.00
22:17:48        all     28.37      0.00      6.25      0.00     25.96     39.42
22:17:49        all      6.50      0.00      1.50      0.00      7.00     85.00
22:17:50        all     13.86      0.00      5.45      0.00     10.89     69.80
22:17:51        all     25.12      0.00      6.40      0.00     12.32     56.16
22:17:52        all      3.48      0.00      1.00      0.00      2.99     92.54
22:17:53        all      7.88      0.00      3.94      0.00      8.87     79.31
22:17:54        all     19.40      0.00      1.00      0.00     15.42     64.18
22:17:55        all     13.37      0.00      5.94      0.50      7.43     72.77
22:17:56        all      6.53      0.00      2.51      0.00      3.02     87.94
22:17:57        all     21.50      0.00      4.50      0.00      7.00     67.00
22:17:58        all      6.97      0.00      2.99      0.00      2.99     87.06
22:17:59        all      0.50      0.00      0.00      0.00      0.50     99.00
22:18:00        all      9.36      0.00      4.93      0.49      9.36     75.86
22:18:01        all     17.73      0.00      3.94      0.00     22.66     55.67
22:18:02        all     10.45      0.00      0.50      0.00     27.86     61.19
22:18:03        all      6.47      0.00      3.48      0.00      9.95     80.10
22:18:04        all     11.33      0.00      5.42      0.00      7.39     75.86
22:18:05        all     17.73      0.00      5.42      0.00     24.63     52.22
22:18:06        all     12.81      0.00      3.45      0.00     12.81     70.94
22:18:07        all      0.50      0.00      0.50      0.00      1.00     98.01
22:18:08        all     20.40      0.00      4.98      0.00     10.95     63.68
22:18:09        all      9.50      0.00      2.00      0.00      3.50     85.00
22:18:10        all      9.45      0.00      1.49      0.50      6.47     82.09
22:18:11        all     37.00      0.00     13.00      0.00     18.00     32.00
22:18:12        all      3.90      0.00      1.95      0.00      2.93     91.22
22:18:13        all      2.00      0.00      1.00      0.00      2.00     95.00
22:18:14        all      8.00      0.00      3.50      0.00      9.00     79.50
22:18:15        all     20.50      0.00      1.00      0.00      7.50     71.00
22:18:16        all     11.88      0.00      5.94      0.00     16.34     65.84
22:18:17        all     16.59      0.00      3.90      0.00     17.07     62.44
22:18:18        all     17.41      0.00      7.96      0.00     14.43     60.20
22:18:19        all      2.51      0.00      1.01      0.00      2.01     94.47
22:18:20        all      6.40      0.00      4.93      0.00     10.84     77.83
22:18:21        all     27.94      0.00      4.41      0.00     13.73     53.92
22:18:22        all      6.44      0.00      3.47      0.00      4.46     85.64
22:18:23        all     18.32      0.00      4.46      0.00     13.86     63.37
22:18:24        all     20.20      0.00      6.90      0.00     10.34     62.56
22:18:25        all      2.97      0.00      0.50      0.50      1.98     94.06
22:18:26        all      8.54      0.00      2.51      0.00      3.52     85.43
22:18:27        all     17.41      0.00      2.99      0.00      7.46     72.14
22:18:28        all     10.78      0.00      3.92      0.00     14.22     71.08
22:18:29        all     27.23      0.00      9.90      0.00     17.82     45.05
22:18:30        all      9.90      0.00      3.96      0.00      6.44     79.70
22:18:31        all      1.00      0.00      0.50      0.00      1.99     96.52
22:18:32        all     12.25      0.00      4.90      0.00      7.35     75.49
22:18:33        all     20.90      0.00      2.49      0.00      9.45     67.16
22:18:34        all      7.92      0.00      3.96      0.00      7.43     80.69
22:18:35        all     26.37      0.00      6.47      0.50     11.44     55.22
22:18:36        all     14.43      0.00      4.48      0.00      1.99     79.10
22:18:37        all      2.99      0.00      1.49      0.00      1.49     94.03
22:18:38        all     24.26      0.00      3.96      0.00      5.94     65.84
22:18:39        all      4.93      0.00      0.99      0.00      2.46     91.63
22:18:40        all     14.78      0.00      5.91      0.00     14.78     64.53
22:18:41        all     28.08      0.00      9.85      0.00     13.30     48.77
22:18:42        all      3.47      0.00      0.50      0.00      1.49     94.55
22:18:43        all      5.50      0.00      3.00      0.00      2.00     89.50
22:18:44        all     21.89      0.00      1.99      0.00      5.47     70.65
22:18:45        all     12.20      0.00      3.90      0.00     12.68     71.22
22:18:46        all     36.10      0.00      9.76      0.00     17.07     37.07
22:18:47        all      5.56      0.00      2.02      0.00      3.03     89.39
22:18:48        all      1.00      0.00      0.50      0.00      1.00     97.50
22:18:49        all      3.43      0.00      2.45      0.00      3.92     90.20
22:18:50        all      8.46      0.00      2.49      0.00      5.97     83.08
22:18:51        all     24.88      0.00      3.48      0.00     12.94     58.71
22:18:52        all      7.04      0.00      1.51      0.00      6.53     84.92
22:18:53        all     12.75      0.00      3.92      0.00      9.80     73.53
22:18:54        all     21.39      0.00      4.98      0.00      4.98     68.66
22:18:55        all      2.51      0.00      0.50      0.00      3.02     93.97
22:18:56        all     28.57      0.00      7.39      0.49      9.85     53.69
22:18:57        all      6.50      0.00      1.00      0.00      3.50     89.00
22:18:58        all     30.10      0.00      7.77      0.00     12.14     50.00
22:18:59        all     24.50      0.00      8.50      0.00     13.00     54.00
22:19:00        all      3.41      0.00      1.46      0.00      4.39     90.73
22:19:01        all      4.48      0.00      2.49      0.00      5.47     87.56
22:19:02        all     11.96      0.00      3.35      0.00     26.32     58.37
22:19:03        all     17.24      0.00      0.99      0.00     18.72     63.05
22:19:04        all     10.95      0.00      3.98      0.00      9.45     75.62
22:19:05        all     13.93      0.00      2.49      0.00      7.46     76.12
22:19:06        all     18.69      0.00     10.10      0.51      6.57     64.14
22:19:07        all      3.48      0.00      0.00      0.00      1.00     95.52
22:19:08        all      2.49      0.00      1.49      0.00      3.48     92.54
22:19:09        all     11.39      0.00      2.97      0.00      7.43     78.22
22:19:10        all     18.63      0.00      3.43      0.00      7.35     70.59
22:19:11        all      7.46      0.00      2.99      0.50      6.47     82.59
22:19:12        all      4.95      0.00      0.99      0.00      5.94     88.12
22:19:13        all     30.69      0.00      7.92      0.00     17.33     44.06
22:19:14        all      2.50      0.00      0.50      0.00      3.50     93.50
22:19:15        all      0.00      0.00      0.00      0.00      0.00    100.00
22:19:16        all     28.71      0.00      8.42      0.00     28.22     34.65
22:19:17        all      9.36      0.00      1.48      0.00      5.91     83.25
22:19:18        all     17.09      0.00      5.53      0.00      2.51     74.87
22:19:19        all     24.75      0.00      7.43      0.00     10.40     57.43
22:19:20        all      3.98      0.00      1.00      0.00      2.49     92.54
22:19:21        all      6.90      0.00      2.96      0.00      2.46     87.68
22:19:22        all     23.38      0.00      2.99      0.00      8.46     65.17
22:19:23        all      5.91      0.00      3.94      0.00      6.90     83.25
22:19:24        all     26.70      0.00      9.22      0.00     23.30     40.78
22:19:25        all     17.82      0.00      5.94      0.00      6.93     69.31
22:19:26        all      2.99      0.00      1.00      0.00      1.99     94.03
22:19:27        all     20.49      0.00      5.85      0.49     13.66     59.51
22:19:28        all     10.95      0.00      2.99      0.00      3.98     82.09
22:19:29        all      9.36      0.00      6.40      0.00     10.84     73.40
22:19:30        all     27.36      0.00      6.97      0.00     17.91     47.76
22:19:31        all     11.56      0.00      4.52      0.00      5.53     78.39
22:19:32        all      0.50      0.00      0.00      0.50      0.50     98.49
22:19:33        all      2.96      0.00      1.48      0.00      1.97     93.60
22:19:34        all      6.97      0.00      4.98      0.00      5.97     82.09
22:19:35        all     22.17      0.00      1.48      0.00     17.24     59.11
22:19:36        all     10.55      0.00      3.02      0.00      7.04     79.40
22:19:37        all      6.93      0.00      2.97      0.50      5.45     84.16
22:19:38        all     21.00      0.00      5.50      0.00      6.50     67.00
22:19:39        all     10.89      0.00      2.48      0.00      2.48     84.16
22:19:40        all      0.50      0.00      0.00      0.00      0.50     99.00
22:19:41        all     34.65      0.00      9.90      0.00     18.81     36.63
22:19:42        all      6.37      0.00      1.96      0.00      5.88     85.78
22:19:43        all     30.39      0.00      9.31      0.00     20.10     40.20
22:19:44        all     14.85      0.00      6.93      0.00      5.45     72.77
22:19:45        all      1.98      0.00      1.49      0.00      3.47     93.07
22:19:46        all      1.49      0.00      0.99      0.00      1.98     95.54
22:19:47        all     28.08      0.00      7.88      0.00     23.15     40.89
22:19:48        all      5.97      0.00      2.49      0.00      5.47     86.07
22:19:49        all     13.79      0.00      3.45      0.00      6.90     75.86
22:19:50        all     10.58      0.00      2.40      0.00     13.46     73.56
22:19:51        all     23.88      0.00      7.46      0.00     12.44     56.22
22:19:52        all      1.97      0.00      0.99      0.49      0.99     95.57
22:19:53        all      6.00      0.00      3.00      0.00      3.50     87.50
22:19:54        all     22.00      0.00      2.00      0.00      2.50     73.50
22:19:55        all     22.55      0.00      7.84      0.00     10.78     58.82
22:19:56        all     30.88      0.00      7.84      0.00     16.18     45.10
22:19:57        all      4.52      0.00      2.51      0.00      2.01     90.95
22:19:58        all      1.00      0.00      0.00      0.00      1.00     98.01
22:19:59        all      0.50      0.00      0.00      0.00      0.50     98.99
22:20:00        all      8.74      0.00      6.80      0.00     16.99     67.48
22:20:01        all     10.40      0.00      0.99      0.50      8.91     79.21
22:20:02        all     13.93      0.00      1.49      0.00     18.41     66.17
22:20:03        all      6.93      0.00      3.47      0.00      9.90     79.70
22:20:04        all      5.39      0.00      2.94      0.00      8.82     82.84
22:20:05        all     32.35      0.00      7.35      0.00     16.67     43.63
22:20:06        all     10.45      0.00      4.48      0.00     10.95     74.13
22:20:07        all      2.48      0.00      0.00      0.00      1.98     95.54
22:20:08        all     32.18      0.00      7.92      0.00     12.38     47.52
22:20:09        all      2.49      0.00      1.00      0.00      2.99     93.53
22:20:10        all     17.59      0.00      5.03      0.00      8.54     68.84
22:20:11        all      7.46      0.00      0.50      0.00      4.48     87.56
22:20:12        all     25.98      0.00     10.78      0.00     10.29     52.94
22:20:13        all      0.50      0.00      0.00      0.50      0.00     98.99
22:20:14        all      7.00      0.00      1.50      0.00      4.00     87.50
22:20:15        all     22.28      0.00      3.47      0.00      9.90     64.36
22:20:16        all      4.93      0.00      1.97      0.00      5.42     87.68
22:20:17        all     31.19      0.00      8.91      0.00     15.35     44.55
22:20:18        all     18.72      0.00     10.34      0.00     11.33     59.61
22:20:19        all      2.49      0.00      0.50      0.00      1.49     95.52
22:20:20        all      2.46      0.00      2.46      0.00      2.96     92.12
22:20:21        all     27.18      0.00      6.80      0.00     18.93     47.09
22:20:22        all      4.95      0.00      2.48      0.00      5.94     86.63
22:20:23        all     15.12      0.00      4.88      0.00     12.68     67.32
22:20:24        all     26.11      0.00      5.91      0.00     14.29     53.69
22:20:25        all     11.39      0.00      4.46      0.00      6.93     77.23
22:20:26        all      1.49      0.00      0.00      0.00      0.99     97.52
22:20:27        all     20.30      0.00      7.43      0.00     13.37     58.91
22:20:28        all     12.32      0.00      0.99      0.49      5.91     80.30
22:20:29        all      7.96      0.00      1.99      0.00      5.47     84.58
22:20:30        all     33.50      0.00     13.79      0.00     19.70     33.00
22:20:31        all     18.23      0.00      6.40      0.00     18.72     56.65
22:20:32        all      2.99      0.00      0.00      0.00      1.00     96.02
22:20:33        all      7.46      0.00      8.46      0.50      8.46     75.12
22:20:34        all     20.30      0.00      0.99      0.00      6.44     72.28
22:20:35        all     15.92      0.00      6.97      0.00      8.46     68.66
22:20:36        all     10.95      0.00      1.49      0.00      6.47     81.09
22:20:37        all     29.21      0.00      8.42      0.00     10.89     51.49
22:20:38        all      1.00      0.00      0.50      0.00      0.50     98.00
22:20:39        all      1.00      0.00      0.00      0.00      1.00     98.01
22:20:40        all     17.65      0.00      5.88      0.00     18.14     58.33
22:20:41        all     10.45      0.00      1.00      0.00      7.46     81.09
22:20:42        all     19.51      0.00      8.29      0.00     15.12     57.07
22:20:43        all     30.50      0.00      8.50      0.50      7.00     53.50
22:20:44        all      5.45      0.00      1.98      0.00      2.97     89.60
22:20:45        all      0.50      0.00      0.99      0.00      0.00     98.51
22:20:46        all      6.50      0.00      4.50      0.00      4.50     84.50
22:20:47        all     25.87      0.00      4.98      0.00     16.92     52.24
22:20:48        all      3.50      0.00      3.00      0.00      3.00     90.50
22:20:49        all     15.50      0.00      5.00      0.00      8.00     71.50
22:20:50        all     18.32      0.00      2.97      0.00     13.37     65.35
22:20:51        all     16.58      0.00      6.53      0.00     12.06     64.82
22:20:52        all      1.50      0.00      0.00      0.00      2.50     96.00
22:20:53        all     10.84      0.00      3.45      0.00      9.85     75.86
22:20:54        all     19.61      0.00      2.94      0.00      7.84     69.61
22:20:55        all     15.27      0.00      7.88      0.00     14.78     62.07
22:20:56        all     20.40      0.00      4.98      0.00     11.44     63.18
22:20:57        all     24.12      0.00     15.58      0.00     13.57     46.73
22:20:58        all      1.49      0.00      0.00      0.00      0.50     98.01
22:20:59        all      0.50      0.00      0.50      0.50      0.99     97.52
22:21:00        all     13.93      0.00      6.97      0.00     16.42     62.69
22:21:01        all     20.39      0.00      5.83      0.00     15.53     58.25
22:21:02        all      3.96      0.00      3.47      0.00      8.42     84.16
22:21:03        all     16.35      0.00      9.62      0.00     26.44     47.60
22:21:04        all      0.50      0.00      0.50      0.50      3.00     95.50
22:21:05        all     30.05      0.00      7.88      0.00     12.32     49.75
22:21:06        all      4.00      0.00      1.50      0.00      3.00     91.50
22:21:07        all      4.46      0.00      2.48      0.00      1.98     91.09
22:21:08        all     27.36      0.00      2.99      0.00      5.97     63.68
22:21:09        all     10.00      0.00      4.00      0.00      2.50     83.50
22:21:10        all      6.00      0.00      1.50      0.00      5.50     87.00
22:21:11        all     13.00      0.00      2.50      0.00      3.50     81.00
22:21:12        all     27.72      0.00      8.42      0.00     13.86     50.00
22:21:13        all      1.49      0.00      0.99      0.00      1.98     95.54
22:21:14        all      2.96      0.00      1.97      0.49      1.97     92.61
22:21:15        all      9.00      0.00      3.50      0.00      9.00     78.50
22:21:16        all     20.50      0.00      1.50      0.00     12.50     65.50
22:21:17        all     11.39      0.00      4.95      0.00      4.95     78.71
22:21:18        all      8.96      0.00      1.99      0.00      4.98     84.08
22:21:19        all     27.72      0.00      8.91      0.00      8.91     54.46
22:21:20        all      2.00      0.00      0.50      0.00      1.00     96.50
22:21:21        all     11.00      0.00      2.50      0.00      8.00     78.50
22:21:22        all     18.81      0.00      2.48      0.00     11.39     67.33
22:21:23        all     18.00      0.00      3.00      0.00     10.50     68.50
22:21:24        all     28.43      0.00      9.80      0.49     11.76     49.51
22:21:25        all      6.97      0.00      1.99      0.00      9.95     81.09
22:21:26        all      0.50      0.00      0.50      0.00      0.00     99.00
22:21:27        all      1.01      0.00      0.00      0.00      1.51     97.49
22:21:28        all      9.90      0.00      3.47      0.00      7.43     79.21
22:21:29        all     21.11      0.00      1.01      0.00      6.03     71.86
22:21:30        all     16.34      0.00      5.45      0.50     11.39     66.34
22:21:31        all     18.50      0.00      3.00      0.00     14.00     64.50
22:21:32        all     21.57      0.00      9.80      0.00     22.06     46.57
22:21:33        all      0.50      0.00      0.50      0.00      1.00     98.00
22:21:34        all      8.87      0.00      3.45      0.00      9.36     78.33
22:21:35        all     20.50      0.00      1.50      0.00      5.50     72.50
22:21:36        all      7.50      0.00      3.50      0.00      2.50     86.50
22:21:37        all      6.97      0.00      3.48      0.00      1.00     88.56
22:21:38        all     28.71      0.00      8.42      0.00     14.36     48.51
22:21:39        all      9.50      0.00      3.50      0.00      2.00     85.00
22:21:40        all      0.50      0.00      0.50      0.50      1.00     97.51
22:21:41        all      7.92      0.00      3.96      0.00      6.93     81.19
22:21:42        all     23.88      0.00      2.99      0.00     11.94     61.19
22:21:43        all     14.36      0.00      6.44      0.00      9.41     69.80
22:21:44        all      4.48      0.00      1.49      0.00      2.49     91.54
22:21:45        all     17.33      0.00      3.47      0.00     11.39     67.82
22:21:46        all     18.59      0.00      6.03      0.00      6.53     68.84
22:21:47        all      1.01      0.00      0.50      0.00      1.01     97.49
22:21:48        all     26.73      0.00      3.96      0.00     12.87     56.44
22:21:49        all      3.98      0.00      1.49      0.00      5.47     89.05
22:21:50        all     39.60      0.00     10.89      0.50      8.91     40.10
22:21:51        all     13.86      0.00      4.46      0.00      2.97     78.71
22:21:52        all      3.96      0.00      1.98      0.00      1.98     92.08
22:21:53        all      0.50      0.00      0.00      0.00      0.50     98.99
22:21:54        all     21.67      0.00      4.43      0.00      8.87     65.02
22:21:55        all      5.91      0.00      2.46      0.00      4.43     87.19
22:21:56        all     17.41      0.00      4.98      0.00      6.97     70.65
22:21:57        all     22.50      0.00      7.00      0.00      8.50     62.00
22:21:58        all     15.50      0.00      6.50      0.00     12.50     65.50
22:21:59        all      2.97      0.00      0.00      0.00      1.49     95.54
22:22:00        all      4.46      0.00      3.96      0.00      7.43     84.16
22:22:01        all     23.90      0.00      4.88      0.00     25.37     45.85
22:22:02        all      9.50      0.00      1.50      0.00     13.00     76.00
22:22:03        all     10.24      0.00      3.90      0.00      9.76     76.10
22:22:04        all      2.49      0.00      1.49      0.00      2.99     93.03
22:22:05        all     21.50      0.00      1.50      0.50      7.50     69.00
22:22:06        all     20.40      0.00      5.97      0.00      4.98     68.66
22:22:07        all      2.03      0.00      0.00      0.00      1.02     96.95
22:22:08        all     23.88      0.00      3.48      0.00      9.45     63.18
22:22:09        all      7.43      0.00      2.48      0.00      2.97     87.13
22:22:10        all      7.46      0.00      3.48      0.50      6.97     81.59
22:22:11        all     20.50      0.00      8.50      0.00      8.50     62.50
22:22:12        all     10.34      0.00      3.45      0.00     12.81     73.40
22:22:13        all      2.01      0.00      0.50      0.00      1.01     96.48
22:22:14        all     26.60      0.00      5.91      0.00     14.78     52.71
22:22:15        all      8.91      0.00      1.49      0.00      3.47     86.14
22:22:16        all     12.06      0.00      5.03      0.00      6.03     76.88
22:22:17        all     18.32      0.00      3.47      0.00      5.45     72.77
22:22:18        all     23.50      0.00      9.50      0.00      9.00     58.00
22:22:19        all      1.50      0.00      0.00      0.00      0.50     98.00
22:22:20        all      1.49      0.00      0.50      0.00      2.49     95.52
22:22:21        all     25.37      0.00      7.80      0.00     23.41     43.41
22:22:22        all      8.04      0.00      1.01      0.00      9.55     81.41
22:22:23        all     19.21      0.00      6.90      0.00     12.32     61.58
22:22:24        all     16.08      0.00      2.51      0.00      9.05     72.36
22:22:25        all     22.77      0.00      8.42      0.00      9.90     58.91
22:22:26        all      2.97      0.00      0.50      0.00      1.98     94.55
22:22:27        all     22.55      0.00      4.90      0.00      6.37     66.18
22:22:28        all      9.45      0.00      1.99      0.00      7.46     81.09
22:22:29        all     17.33      0.00      5.94      0.00     12.38     64.36
22:22:30        all     28.92      0.00      9.31      0.00     21.08     40.69
22:22:31        all     13.17      0.00      5.37      0.49     13.66     67.32
22:22:32        all      2.00      0.00      0.00      0.00      2.50     95.50
22:22:33        all      0.50      0.00      0.00      0.00      1.00     98.50
22:22:34        all      3.96      0.00      2.48      0.00      3.96     89.60
22:22:35        all     23.50      0.00      2.50      0.00      6.00     68.00
22:22:36        all      4.98      0.00      2.49      0.00      4.48     88.06
22:22:37        all      6.97      0.00      3.98      0.00      5.47     83.58
22:22:38        all     11.56      0.00      3.02      0.00      3.52     81.91
22:22:39        all     27.72      0.00      8.91      0.00     11.39     51.98
22:22:40        all      1.99      0.00      0.50      0.00      2.49     95.02
22:22:41        all      5.97      0.00      1.49      0.00      3.48     89.05
22:22:42        all     28.22      0.00      3.47      0.00     14.36     53.96
22:22:43        all     15.69      0.00      5.39      0.00     11.76     67.16
22:22:44        all     35.92      0.00     10.19      0.00     17.48     36.41
22:22:45        all     15.84      0.00      6.44      0.00     10.89     66.83
22:22:46        all      1.01      0.00      1.01      0.50      1.01     96.48
22:22:47        all      1.49      0.00      0.00      0.00      0.99     97.52
22:22:48        all     10.84      0.00      4.93      0.00      6.40     77.83
22:22:49        all     19.50      0.00      1.00      0.00      5.00     74.50
22:22:50        all     20.90      0.00      4.48      0.00      7.96     66.67
22:22:51        all      2.50      0.00      0.50      0.00      1.00     96.00
22:22:52        all     23.00      0.00      5.50      0.00     11.50     60.00
22:22:53        all     19.80      0.00      6.44      0.00     15.35     58.42
22:22:54        all      1.98      0.00      0.50      0.00      0.99     96.53
22:22:55        all      5.53      0.00      3.52      0.00      4.02     86.93
22:22:56        all     19.40      0.00      1.99      0.00     12.44     66.17
22:22:57        all     10.78      0.00      4.41      0.00      8.82     75.98
22:22:58        all      9.45      0.00      3.98      0.00      7.96     78.61
22:22:59        all     27.45      0.00     10.78      0.00     19.12     42.65
22:23:00        all     15.76      0.00      6.40      0.00     13.30     64.53
22:23:01        all      2.51      0.00      0.00      0.00      2.01     95.48
22:23:02        all      0.50      0.00      0.50      0.50      0.50     98.01
22:23:03        all     10.14      0.00      3.86      0.00     19.32     66.67
22:23:04        all     15.84      0.00      3.47      0.00     13.86     66.83
22:23:05        all     12.25      0.00      5.88      0.00     17.65     64.22
22:23:06        all      3.00      0.00      1.50      0.00      4.50     91.00
22:23:07        all     22.77      0.00      5.94      0.00     12.87     58.42
22:23:08        all     22.17      0.00      8.87      0.00     14.78     54.19
22:23:09        all      1.49      0.00      1.00      0.00      1.00     96.52
22:23:10        all     25.74      0.00      5.45      0.00     13.37     55.45
22:23:11        all      7.39      0.00      1.97      0.00      5.42     85.22
22:23:12        all     28.43      0.00      6.86      0.49     10.29     53.92
22:23:13        all     22.00      0.00      7.50      0.00      9.50     61.00
22:23:14        all      7.43      0.00      4.46      0.00      5.94     82.18
22:23:15        all      0.50      0.00      0.00      0.00      0.00     99.50
22:23:16        all      1.01      0.00      0.50      0.00      0.50     97.99
22:23:17        all     18.54      0.00      4.88      0.00     13.17     63.41
22:23:18        all     13.50      0.00      0.50      0.00     11.50     74.50
22:23:19        all     20.30      0.00      8.42      0.00     15.84     55.45
22:23:20        all     18.00      0.00      3.00      0.00     10.00     69.00
22:23:21        all     24.38      0.00      8.96      0.00     14.43     52.24
22:23:22        all      1.99      0.00      0.00      0.00      1.00     97.01
22:23:23        all      0.50      0.00      0.00      0.00      0.50     98.99
22:23:24        all     16.92      0.00      3.98      0.00      9.95     69.15
22:23:25        all     10.05      0.00      0.50      0.00      4.52     84.92
22:23:26        all     26.60      0.00     10.34      0.00     13.79     49.26
22:23:27        all     27.00      0.00      8.00      0.50      4.50     60.00
22:23:28        all      4.02      0.00      2.01      0.00      6.03     87.94
22:23:29        all      5.45      0.00      2.48      0.00      4.46     87.62
22:23:30        all      7.50      0.00      5.00      0.00      9.50     78.00
22:23:31        all     23.38      0.00      1.49      0.00     17.91     57.21
22:23:32        all     10.00      0.00      4.50      0.50     11.50     73.50
22:23:33        all      2.50      0.00      1.00      0.00      2.00     94.50
22:23:34        all     25.37      0.00      6.34      0.00     13.66     54.63
22:23:35        all     21.29      0.00      6.93      0.00     10.89     60.89
22:23:36        all      1.99      0.00      0.50      0.00      1.00     96.52
22:23:37        all     12.81      0.00      4.93      0.00      9.85     72.41
22:23:38        all     17.65      0.00      0.98      0.00      6.37     75.00
22:23:39        all     23.53      0.00      5.39      0.00     13.73     57.35
22:23:40        all     25.74      0.00      8.91      0.00     25.25     40.10
22:23:41        all     12.06      0.00      5.03      0.00     16.08     66.83
22:23:42        all      1.49      0.00      0.99      0.00      0.99     96.53
22:23:43        all      0.51      0.00      0.00      0.00      0.00     99.49
22:23:44        all     20.30      0.00      5.45      0.00      5.45     68.81
22:23:45        all     12.38      0.00      2.48      0.00      3.47     81.68
22:23:46        all     12.44      0.00      4.98      0.00      3.48     79.10
22:23:47        all     21.00      0.00      3.00      0.00      9.50     66.50
22:23:48        all     23.50      0.00      9.00      0.50      3.00     64.00
22:23:49        all      1.50      0.00      1.50      0.00      1.00     96.00
22:23:50        all      1.01      0.00      0.00      0.00      1.01     97.99
22:23:51        all      0.50      0.00      0.50      0.00      1.49     97.51
22:23:52        all     10.19      0.00      6.80      0.00     18.45     64.56
22:23:53        all     24.63      0.00      3.94      0.49     17.73     53.20
22:23:54        all     13.86      0.00      5.45      0.00      6.93     73.76
22:23:55        all      1.97      0.00      0.99      0.00      3.94     93.10
22:23:56        all     23.00      0.00      6.00      0.00     13.00     58.00
22:23:57        all     14.85      0.00      6.44      0.00     10.89     67.82
22:23:58        all      1.99      0.00      1.00      0.00      2.49     94.53
22:23:59        all     26.87      0.00      3.98      0.00     13.43     55.72
22:24:00        all      1.98      0.00      0.99      0.00      3.96     93.07
22:24:01        all      7.73      0.00      4.83      0.00     17.87     69.57
22:24:02        all     10.00      0.00      7.62      0.00     31.43     50.95
22:24:03        all      4.52      0.00      0.50      0.00      4.02     90.95
22:24:04        all     27.94      0.00      6.86      0.00     17.65     47.55
22:24:05        all     10.95      0.00      3.48      0.00      1.99     83.58
22:24:06        all      2.50      0.00      2.00      0.00      3.50     92.00
22:24:07        all     24.75      0.00      4.55      0.00      8.59     62.12
22:24:08        all      5.50      0.00      2.50      0.50      3.50     88.00
22:24:09        all     27.23      0.00      5.45      0.00      9.41     57.92
22:24:10        all     28.14      0.00      8.04      0.00      6.03     57.79
22:24:11        all      5.97      0.00      3.48      0.00      1.49     89.05
22:24:12        all      1.50      0.00      0.00      0.00      0.50     98.00
22:24:13        all      0.51      0.00      0.51      0.00      1.01     97.98
22:24:14        all      4.48      0.00      1.99      0.00      1.00     92.54
22:24:15        all      9.36      0.00      1.97      0.00      3.94     84.73
22:24:16        all     19.90      0.00      4.48      0.00      6.47     69.15
22:24:17        all      5.53      0.00      4.52      0.00      5.03     84.92
22:24:18        all      4.46      0.00      1.98      0.50      4.46     88.61
22:24:19        all     27.72      0.00      7.92      0.00      8.42     55.94
22:24:20        all     10.95      0.00      2.99      0.00      5.47     80.60
22:24:21        all      1.00      0.00      0.50      0.00      0.50     98.00
22:24:22        all      4.39      0.00      4.39      0.00      8.78     82.44
22:24:23        all     25.50      0.00      3.50      0.00     13.00     58.00
22:24:24        all     15.35      0.00      5.45      0.00      9.90     69.31
22:24:25        all      2.99      0.00      2.49      0.00      5.97     88.56
22:24:26        all     12.87      0.00      1.98      0.00      6.44     78.71
22:24:27        all     28.86      0.00      9.95      0.00     12.44     48.76
22:24:28        all      4.00      0.00      0.50      0.00      1.00     94.50
22:24:29        all      7.46      0.00      3.98      0.00      4.98     83.58
22:24:30        all     29.21      0.00      4.95      0.00     16.34     49.50
22:24:31        all     10.45      0.00      2.49      0.00      5.97     81.09
22:24:32        all      7.84      0.00      5.39      0.00     10.29     76.47
22:24:33        all     30.69      0.00      8.91      0.00     12.38     48.02
22:24:34        all     14.43      0.00      4.98      0.00      5.97     74.63
22:24:35        all      1.52      0.00      0.00      0.00      1.01     97.47
22:24:36        all      6.83      0.00      2.93      0.00      8.29     81.95
22:24:37        all     27.36      0.00      7.46      0.00     16.92     48.26
22:24:38        all      8.00      0.00      2.50      0.00      5.00     84.50
22:24:39        all     26.11      0.00      7.39      0.49      8.37     57.64
22:24:40        all     31.34      0.00     11.94      0.00      9.45     47.26
22:24:41        all      1.51      0.00      0.50      0.00      2.51     95.48
22:24:42        all      1.00      0.00      0.50      0.00      1.49     97.01
22:24:43        all     25.50      0.00      5.50      0.00      5.00     64.00
22:24:44        all      3.96      0.00      0.99      0.50      3.96     90.59
22:24:45        all     31.19      0.00      7.43      0.00     11.39     50.00
22:24:46        all     34.30      0.00     17.87      0.00     15.94     31.88
22:24:47        all      2.99      0.00      2.49      0.00      2.49     92.04
22:24:48        all      1.49      0.00      0.50      0.00      0.50     97.52
22:24:49        all      2.49      0.00      1.49      0.00      1.99     94.03
22:24:50        all      3.00      0.00      1.00      0.00      3.00     93.00
22:24:51        all     30.54      0.00      5.91      0.00     18.72     44.83
22:24:52        all      3.48      0.00      1.99      0.00      9.45     85.07
22:24:53        all      5.45      0.00      2.97      0.00      6.44     85.15
22:24:54        all     31.53      0.00     10.34      0.00     13.30     44.83
22:24:55        all     10.34      0.00      3.45      0.00      9.85     76.35
22:24:56        all      0.50      0.00      0.50      0.00      1.01     97.99
22:24:57        all     28.08      0.00      8.87      0.00     14.29     48.77
22:24:58        all      9.45      0.00      1.00      0.00      3.48     86.07
22:24:59        all     23.38      0.00      4.98      0.50     10.45     60.70
22:25:00        all     22.27      0.00     14.69      0.00     28.91     34.12
22:25:01        all     24.00      0.00      8.00      0.00     18.00     50.00
22:25:02        all      1.52      0.00      1.01      0.00      1.01     96.46
22:25:03        all      1.49      0.00      0.50      0.00      2.49     95.52
22:25:04        all     10.78      0.00      5.39      0.00     13.73     70.10
22:25:05        all     21.00      0.00      1.50      0.50     10.00     67.00
22:25:06        all     13.93      0.00      3.98      0.00      8.96     73.13
22:25:07        all      5.00      0.00      1.00      0.00      6.00     88.00
22:25:08        all      2.49      0.00      0.50      0.00      2.99     94.03
22:25:09        all     28.86      0.00      7.46      0.00      8.46     55.22
22:25:10        all     13.57      0.00      2.51      0.00      2.51     81.41
22:25:11        all      3.47      0.00      0.99      0.00      2.48     93.07
22:25:12        all     33.17      0.00      7.92      0.00     19.80     39.11
22:25:13        all      8.87      0.00      2.96      0.00      8.37     79.80
22:25:14        all     10.89      0.00      4.46      0.00     10.89     73.76
22:25:15        all     23.76      0.00      6.44      0.00     18.32     51.49
22:25:16        all     20.60      0.00     10.05      0.00      5.03     64.32
22:25:17        all      2.45      0.00      0.98      0.00      2.45     94.12
22:25:18        all      7.35      0.00      3.92      0.00      8.33     80.39
22:25:19        all     22.89      0.00      1.49      0.00     15.42     60.20
22:25:20        all     15.46      0.00      7.25      0.00     14.49     62.80
22:25:21        all      2.48      0.00      1.49      0.00      2.97     93.07
22:25:22        all     19.00      0.00      5.50      0.00     11.50     64.00
22:25:23        all     27.50      0.00     10.00      0.00     16.50     46.00
22:25:24        all      0.50      0.00      0.50      0.00      0.50     98.49
22:25:25        all      0.50      0.00      0.00      0.50      0.00     99.00
22:25:26        all     37.07      0.00      8.29      0.00     15.61     39.02
22:25:27        all      3.98      0.00      1.00      0.00      2.49     92.54
22:25:28        all     38.81      0.00      9.95      0.00     10.45     40.80
22:25:29        all     23.76      0.00      8.91      0.00      9.90     57.43
22:25:30        all      3.00      0.00      2.50      0.00      1.50     93.00
22:25:31        all      0.50      0.00      0.00      0.00      0.00     99.50
22:25:32        all      0.00      0.00      0.50      0.00      0.50     98.99
22:25:33        all      9.41      0.00      4.95      0.00      6.93     78.71
22:25:34        all     21.57      0.00      1.96      0.00      9.80     66.67
22:25:35        all     15.46      0.00      8.70      0.00     21.26     54.59
22:25:36        all      3.00      0.00      1.00      0.00      5.00     91.00
22:25:37        all     17.41      0.00      4.48      0.00      7.96     70.15
22:25:38        all     24.26      0.00     12.38      0.00     24.75     38.61
22:25:39        all      6.93      0.00      2.48      0.00      4.46     86.14
22:25:40        all      1.01      0.00      0.50      0.00      1.01     97.49
22:25:41        all      6.37      0.00      5.39      0.00      5.88     82.35
22:25:42        all     24.26      0.00      2.48      0.00     21.29     51.98
22:25:43        all      5.50      0.00      3.50      0.00      1.50     89.50
22:25:44        all      5.37      0.00      3.41      0.00      7.80     83.41
22:25:45        all      7.04      0.00      0.00      0.00      1.51     91.46
22:25:46        all     27.09      0.00      8.87      0.00     15.76     48.28
22:25:47        all     13.00      0.00      5.00      0.00      5.50     76.50
22:25:48        all      1.49      0.00      0.00      0.00      1.00     97.51
22:25:49        all     13.24      0.00      4.90      0.00     10.29     71.57
22:25:50        all     15.50      0.00      0.50      0.00      7.50     76.50
22:25:51        all     15.61      0.00      7.32      0.00     11.22     65.85
22:25:52        all      2.50      0.00      1.00      0.00      2.00     94.50
22:25:53        all     27.23      0.00     10.89      0.00     15.35     46.53
22:25:54        all     18.91      0.00      5.47      0.00      6.47     69.15
22:25:55        all      1.01      0.00      0.00      0.00      0.00     98.99
22:25:56        all     18.72      0.00      2.96      0.49     14.78     63.05
22:25:57        all     13.37      0.00      2.48      0.00      6.93     77.23
22:25:58        all      9.95      0.00      3.48      0.00      6.97     79.60
22:25:59        all      4.48      0.00      0.00      0.00      5.47     90.05
22:26:00        all     23.30      0.00      8.25      0.00     26.21     42.23
22:26:01        all     24.88      0.00      8.78      0.49     25.85     40.00
22:26:02        all      4.00      0.00      1.00      0.00      8.50     86.50
22:26:03        all      0.50      0.00      0.00      0.00      1.01     98.49
22:26:04        all      9.95      0.00      2.99      0.00      8.46     78.61
22:26:05        all     27.14      0.00      5.24      0.00     20.48     47.14
22:26:06        all     12.44      0.00      3.98      0.00      8.96     74.63
22:26:07        all      7.50      0.00      2.50      0.00      2.00     88.00
22:26:08        all     32.16      0.00      8.04      0.00      7.54     52.26
22:26:09        all     11.88      0.00      5.45      0.00      7.43     75.25
22:26:10        all      4.50      0.00      1.00      0.00      3.50     91.00
22:26:11        all      5.45      0.00      3.47      0.00      4.95     86.14
22:26:12        all     28.36      0.00      4.98      0.00     10.95     55.72
22:26:13        all      6.93      0.00      3.47      0.00      3.96     85.64
22:26:14        all      3.96      0.00      1.49      0.00      4.95     89.60
22:26:15        all     12.50      0.00      1.50      0.00      9.00     77.00
22:26:16        all     26.24      0.00      9.41      0.50     15.35     48.51
22:26:17        all     10.00      0.00      3.00      0.00      3.00     84.00
22:26:18        all      2.00      0.00      1.00      0.00      1.50     95.50
22:26:19        all     24.75      0.00      3.47      0.00      9.90     61.88
22:26:20        all      3.96      0.00      1.49      0.00      1.49     93.07
22:26:21        all     13.79      0.00      6.90      0.00     11.82     67.49
22:26:22        all     19.90      0.00      6.47      0.00      7.96     65.67
22:26:23        all     25.24      0.00     14.56      0.00     22.82     37.38
22:26:24        all      3.47      0.00      1.98      0.00      0.99     93.56
22:26:25        all      0.00      0.00      0.00      0.00      0.00    100.00
22:26:26        all      1.49      0.00      0.50      0.50      1.49     96.04
22:26:27        all     25.74      0.00      5.94      0.00     17.33     50.99
22:26:28        all      4.00      0.00      1.50      0.00      4.50     90.00
22:26:29        all     15.76      0.00      5.91      0.00     14.78     63.55
22:26:30        all     18.81      0.00      4.95      0.00      8.91     67.33
22:26:31        all     29.85      0.00     11.94      0.00     14.93     43.28
22:26:32        all      3.45      0.00      0.49      0.00      0.49     95.57
22:26:33        all      0.50      0.00      0.50      0.00      1.00     98.01
22:26:34        all     21.39      0.00      5.97      0.00     10.95     61.69
22:26:35        all     13.30      0.00      2.46      0.00      8.37     75.86
22:26:36        all     12.87      0.00      4.95      0.00     10.89     71.29
22:26:37        all      1.00      0.00      0.50      0.00      0.50     98.01
22:26:38        all     20.30      0.00      5.45      0.00     14.36     59.90
22:26:39        all     28.64      0.00     13.07      0.00      9.55     48.74
22:26:40        all      3.50      0.00      0.50      0.00      1.00     95.00
22:26:41        all      7.39      0.00      5.42      0.00      8.87     78.33
22:26:42        all     27.00      0.00      3.00      0.50     12.00     57.50
22:26:43        all     15.84      0.00      7.92      0.00      8.42     67.82
22:26:44        all     30.24      0.00      8.29      0.00     14.63     46.83
22:26:45        all     21.29      0.00      9.41      0.00     13.86     55.45
22:26:46        all      2.00      0.00      0.50      0.00      1.00     96.50
22:26:47        all      0.00      0.00      0.00      0.50      0.00     99.50
22:26:48        all      2.00      0.00      1.00      0.00      2.00     95.00
22:26:49        all     28.22      0.00      6.44      0.00     10.89     54.46
22:26:50        all      5.97      0.00      2.49      0.00      4.98     86.57
22:26:51        all     36.14      0.00     11.39      0.00     17.82     34.65
22:26:52        all     29.85      0.00     13.43      0.00     16.92     39.80
22:26:53        all      7.00      0.00      2.50      0.00      5.00     85.50
22:26:54        all      0.50      0.00      0.00      0.00      0.00     99.50
22:26:55        all      1.49      0.00      1.49      0.00      3.48     93.53
22:26:56        all     10.40      0.00      5.45      0.00      2.48     81.68
22:26:57        all     24.00      0.00      1.50      0.00      7.50     67.00
22:26:58        all     10.40      0.00      5.94      0.00      6.44     77.23
22:26:59        all      2.02      0.00      0.00      0.00      0.51     97.47
22:27:00        all     15.35      0.00      1.98      0.00     10.40     72.28
22:27:01        all     20.30      0.00      9.41      0.00     26.24     44.06
22:27:02        all     16.26      0.00      5.42      0.49     29.56     48.28
22:27:03        all      3.48      0.00      1.99      0.00      2.99     91.54
22:27:04        all     10.40      0.00      2.97      0.00      9.90     76.73
22:27:05        all     26.47      0.00      8.82      0.00     16.18     48.53
22:27:06        all      8.50      0.00      4.00      0.00      6.00     81.50
22:27:07        all     31.55      0.00     11.65      0.00     18.45     38.35
22:27:08        all     25.87      0.00     10.95      0.00     12.94     50.25
22:27:09        all      4.50      0.00      2.00      0.00      2.50     91.00
22:27:10        all      0.00      0.00      0.00      0.00      0.00    100.00
22:27:11        all      0.50      0.00      0.00      0.00      0.00     99.50
22:27:12        all      6.80      0.00      3.40      0.00      8.25     81.55
22:27:13        all     20.00      0.00      2.00      0.00      6.00     72.00
22:27:14        all     12.00      0.00      4.50      0.00      8.50     75.00
22:27:15        all      9.50      0.00      6.50      0.00      8.50     75.50
22:27:16        all     21.29      0.00      5.45      0.00     15.84     57.43
22:27:17        all     23.04      0.00     10.29      0.00     10.78     55.88
22:27:18        all      1.51      0.00      0.50      0.00      1.51     96.48
22:27:19        all      7.00      0.00      5.00      0.00      6.50     81.50
22:27:20        all     19.90      0.00      1.99      0.00     12.44     65.67
22:27:21        all     10.89      0.00      3.96      0.00      7.92     77.23
22:27:22        all     11.82      0.00      2.96      0.00      5.91     79.31
22:27:23        all     24.38      0.00      8.46      0.50      9.45     57.21
22:27:24        all     24.38      0.00      6.97      0.00     12.44     56.22
22:27:25        all      1.49      0.00      0.00      0.00      1.98     96.53
22:27:26        all      0.50      0.00      1.00      0.00      1.50     97.00
22:27:27        all     20.59      0.00      3.43      0.00     15.20     60.78
22:27:28        all      9.31      0.00      4.41      0.00      5.39     80.88
22:27:29        all     33.00      0.00     13.30      0.00     15.27     38.42
