Linux 5.10.234-225.910.amzn2.x86_64 (ip-10-0-190-39.us-west-2.compute.internal) 	03/25/25 	_x86_64_	(2 CPU)

22:13:08    kbmemfree kbmemused  %memused kbbuffers  kbcached  kbcommit   %commit  kbactive   kbinact   kbdirty
22:13:09      2810372   1132928     28.73      2088    900732    371548      9.42    170932    864524    298540
22:13:10      2744596   1198704     30.40      2088    913576    459548     11.65    175088    925836    311380
22:13:11      2744268   1199032     30.41      2088    913608    415336     10.53    179560    923176    311420
22:13:12      2739984   1203316     30.52      2088    913608    420756     10.67    179560    928636    311420
22:13:13      2689836   1253464     31.79      2088    913608    470772     11.94    179560    978756    311420
22:13:14      2616000   1327300     33.66      2088    913608    544208     13.80    179600   1052036    311420
22:13:15      2654556   1288744     32.68      2088    913608    504624     12.80    179600   1012580    311420
22:13:16      2653800   1289500     32.70      2088    913608    505392     12.82    179604   1013388    311420
22:13:17      2652792   1290508     32.73      2088    913608    506896     12.85    179604   1014728    172268
22:13:18      2652036   1291264     32.75      2088    913608    507664     12.87    179604   1015428    172240
22:13:19      2862064   1081236     27.42      2088    913576    293464      7.44    179844    804108    173796
22:13:20      2862064   1081236     27.42      2088    913536    293464      7.44    179804    804036    173820
22:13:21      2860000   1083300     27.47      2088    913636    301612      7.65    180004    806736    173820
22:13:22      2885212   1058088     26.83      2088    913736    275160      6.98    180160    782676    174096
22:13:23      2873484   1069816     27.13      2088    913752    286628      7.27    180160    792628    173000
22:13:24      2852080   1091220     27.67      2088    913756    310644      7.88    180160    814224    173004
22:13:25      2828104   1115196     28.28      2088    913760    334972      8.49    180160    838288    173008
22:13:26      2820824   1122476     28.47      2088    913768    344264      8.73    180160    847104    173016
22:13:27      2807208   1136092     28.81      2088    913776    357612      9.07    180160    860512    173024
22:13:28      2795988   1147312     29.10      2088    913784    368004      9.33    180160    869888    134624
22:13:29      2776456   1166844     29.59      2088    913784    387236      9.82    180160    889400    134624
22:13:30      2790628   1152672     29.23      2088    913788    371024      9.41    180160    875132    134628
22:13:31      2817620   1125680     28.55      2088    913812    343920      8.72    180160    847916    134652
22:13:32      2841028   1102272     27.95      2088    913848    318712      8.08    180160    823180    134688
22:13:33      2839148   1104152     28.00      2088    917444    315408      8.00    180160    821448     40332
22:13:34      2832144   1111156     28.18      2088    917444    310496      7.87    180160    816660     40332
22:13:35      2834428   1108872     28.12      2088    917464    319740      8.11    180160    824288     40352
22:13:36      2819860   1123440     28.49      2088    917464    336532      8.53    180160    840052     40352
22:13:37      2813200   1130100     28.66      2088    917468    342232      8.68    180160    846136     40356
22:13:38      2800316   1142984     28.99      2088    920084    352828      8.95    180160    860060     42976
22:13:39      2821568   1121732     28.45      2088    920168    330476      8.38    180160    838504     20944
22:13:40      2823740   1119560     28.39      2088    920192    327580      8.31    180160    835560     20988
22:13:41      2815500   1127800     28.60      2088    920200    336996      8.55    180160    844628     20996
22:13:42      2807856   1135444     28.79      2088    920204    343384      8.71    180160    852012     21000
22:13:43      2791832   1151468     29.20      2088    920216    360236      9.14    180160    866644     21012
22:13:44      2788328   1154972     29.29      2088    920220    364272      9.24    180160    872160      8176
22:13:45      2788508   1154792     29.28      2088    920228    365300      9.26    180160    872992      8184
22:13:46      2776160   1167140     29.60      2088    920248    375528      9.52    180160    883516      8204
22:13:47      2777624   1165676     29.56      2088    920256    375212      9.52    180160    882916      8212
22:13:48      2797392   1145908     29.06      2088    922860    348812      8.85    180252    859396     10816
22:13:49      2814480   1128820     28.63      2088    922968    336872      8.54    180252    846204     10924
22:13:50      2805944   1137356     28.84      2088    922976    335444      8.51    180252    844960     10932
22:13:51      2813260   1130040     28.66      2088    922988    339164      8.60    180252    847964     10944
22:13:52      2805812   1137488     28.85      2088    922992    346200      8.78    180252    853576     10948
22:13:53      2792436   1150864     29.19      2088    922992    359500      9.12    180252    867144     10948
22:13:54      2787116   1156184     29.32      2088    923012    365780      9.28    180252    874168      9104
22:13:55      2793588   1149712     29.16      2088    925692    359052      9.11    180252    869536     11784
22:13:56      2810692   1132608     28.72      2088    925716    340032      8.62    180252    851656     11808
22:13:57      2800008   1143292     28.99      2088    925716    349476      8.86    180252    860732     11808
22:13:58      2802408   1140892     28.93      2088    925732    346776      8.79    180252    859336     11824
22:13:59      2793588   1149712     29.16      2088    925736    357644      9.07    180252    868424     11828
22:14:00      2792044   1151256     29.20      2088    925748    360048      9.13    180252    870060     11840
22:14:01      2787792   1155508     29.30      2088    925748    360520      9.14    180252    872152     11840
22:14:02      2779728   1163572     29.51      2088    925764    359672      9.12    180252    871300     11856
22:14:03      2796004   1147296     29.09      2088    925780    351600      8.92    180252    865020     11872
22:14:04      2796036   1147264     29.09      2088    925784    352476      8.94    180252    865424      8376
22:14:05      2809156   1134144     28.76      2088    928484    335876      8.52    180252    851700     11024
22:14:06      2807652   1135648     28.80      2088    928484    334492      8.48    180252    849536     11024
22:14:07      2810660   1132640     28.72      2088    928504    334760      8.49    180252    850872     11044
22:14:08      2800580   1142720     28.98      2088    928508    346732      8.79    180252    860616     11048
22:14:09      2799872   1143428     29.00      2088    928512    346012      8.77    180252    861056      8008
22:14:10      2807172   1136128     28.81      2088    931136    338096      8.57    180252    855112     10648
22:14:11      2808716   1134584     28.77      2088    931204    336280      8.53    180252    853936     10716
22:14:12      2805976   1137324     28.84      2088    931220    340320      8.63    180252    857128     10732
22:14:13      2795580   1147720     29.11      2088    931228    348628      8.84    180252    866232     10740
22:14:14      2793768   1149532     29.15      2088    931240    353204      8.96    180252    868700     10736
22:14:15      2786696   1156604     29.33      2088    931248    358136      9.08    180252    875648     10752
22:14:16      2781308   1161992     29.47      2088    931248    363104      9.21    180252    880060     10752
22:14:17      2770816   1172484     29.73      2088    931252    373016      9.46    180252    890424     10756
22:14:18      2777864   1165436     29.55      2088    931268    367824      9.33    180252    884240     10772
22:14:19      2800280   1143020     28.99      2088    933976    338772      8.59    180252    860252     10880
22:14:20      2800236   1143064     28.99      2088    933980    340384      8.63    180252    860108     10820
22:14:21      2776804   1166496     29.58      2088    933988    364268      9.24    180252    884600     10828
22:14:22      2770556   1172744     29.74      2088    933996    370264      9.39    180252    890952     10836
22:14:23      2765064   1178236     29.88      2088    934008    378628      9.60    180252    897544     10848
22:14:24      2759216   1184084     30.03      2088    934008    382724      9.71    180252    902004     10848
22:14:25      2761128   1182172     29.98      2088    934008    382724      9.71    180252    902048     10848
22:14:26      2755940   1187360     30.11      2088    934008    380084      9.64    180252    901004     10848
22:14:27      2769024   1174276     29.78      2088    934032    366324      9.29    180252    887340     10872
22:14:28      2792496   1150804     29.18      2088    936716    344788      8.74    180252    868440     13556
22:14:29      2794296   1149004     29.14      2088    936748    345764      8.77    180252    868308     13588
22:14:30      2792212   1151088     29.19      2088    936756    345628      8.76    180252    868796     10932
22:14:31      2792792   1150508     29.18      2088    939452    342132      8.68    180252    868248     13628
22:14:32      2792792   1150508     29.18      2088    939452    342116      8.68    180252    868168     13628
22:14:33      2790980   1152320     29.22      2088    939456    342920      8.70    180252    869544     13632
22:14:34      2786628   1156672     29.33      2088    939464    351132      8.90    180252    875688     13640
22:14:35      2783280   1160020     29.42      2088    939476    355140      9.01    180252    879584     13652
22:14:36      2779880   1163420     29.50      2088    939480    356476      9.04    180252    880612     13656
22:14:37      2776856   1166444     29.58      2088    939480    358824      9.10    180252    884232     13656
22:14:38      2788508   1154792     29.28      2088    942468    345332      8.76    180252    873944     16644
22:14:39      2785956   1157344     29.35      2088    942492    343920      8.72    180252    872980     16668
22:14:40      2787224   1156076     29.32      2088    942508    348020      8.83    180252    875200     10980
22:14:41      2787112   1156188     29.32      2088    942508    344460      8.74    180252    873552     10980
22:14:42      2784112   1159188     29.40      2088    945200    344912      8.75    180252    877156     13672
22:14:43      2785956   1157344     29.35      2088    945204    343940      8.72    180252    876168     13676
22:14:44      2775124   1168176     29.62      2088    945212    355440      9.01    180252    885312     13684
22:14:45      2779680   1163620     29.51      2088    945220    349932      8.87    180252    882356     13668
22:14:46      2778684   1164616     29.53      2088    947912    348680      8.84    180252    883928     16368
22:14:47      2781592   1161708     29.46      2088    947920    345460      8.76    180252    879960     16376
22:14:48      2782400   1160900     29.44      2088    947932    345612      8.76    180252    879764     16388
22:14:49      2754700   1188600     30.14      2088    947944    369392      9.37    180252    903368     16400
22:14:50      2779120   1164180     29.52      2088    950628    346108      8.78    180252    882420     16484
22:14:51      2776368   1166932     29.59      2088    950636    348204      8.83    180252    885084     16428
22:14:52      2775772   1167528     29.61      2088    950648    351800      8.92    180252    886440     16440
22:14:53      2764224   1179076     29.90      2088    950652    364120      9.23    180252    898552     16544
22:14:54      2769316   1173984     29.77      2088    953268    354224      8.98    180252    892900     19160
22:14:55      2770184   1173116     29.75      2088    953352    353136      8.96    180252    891396     19244
22:14:56      2769820   1173480     29.76      2088    953352    353716      8.97    180252    892284     19244
22:14:57      2762400   1180900     29.95      2088    953368    362900      9.20    180252    899568     19260
22:14:58      2764676   1178624     29.89      2088    953372    356856      9.05    180252    895556     19264
22:14:59      2766804   1176496     29.84      2088    956056    353580      8.97    180252    894812     21948
22:15:00      2765192   1178108     29.88      2088    956080    353900      8.97    180252    895208     19332
22:15:01      2766756   1176544     29.84      2088    956084    356436      9.04    180252    895812     19324
22:15:02      2763688   1179612     29.91      2088    956084    356336      9.04    180252    895964     19324
22:15:03      2758028   1185272     30.06      2088    956092    358036      9.08    180252    899248     19332
22:15:04      2763316   1179984     29.92      2088    958772    353932      8.98    180252    898532     22012
22:15:05      2761764   1181536     29.96      2088    958780    355356      9.01    180252    899704     22020
22:15:06      2758756   1184544     30.04      2088    958784    357560      9.07    180252    901408     19360
22:15:07      2758360   1184940     30.05      2088    958796    360704      9.15    180252    903708     19372
22:15:08      2753732   1189568     30.17      2088    958800    366000      9.28    180252    908740     19376
22:15:09      2757940   1185360     30.06      2088    961492    356320      9.04    180252    903300     22068
22:15:10      2755692   1187608     30.12      2088    961496    358580      9.09    180252    905652     22072
22:15:11      2755448   1187852     30.12      2088    961512    361656      9.17    180252    907140     18788
22:15:12      2754636   1188664     30.14      2088    961512    357676      9.07    180252    904808     18788
22:15:13      2753716   1189584     30.17      2088    964192    357748      9.07    180252    906992     21468
22:15:14      2752844   1190456     30.19      2088    964204    357128      9.06    180252    907568     21480
22:15:15      2751864   1191436     30.21      2088    964220    359948      9.13    180252    909540     21496
22:15:16      2750068   1193232     30.26      2088    964220    364576      9.25    180252    912180     16152
22:15:17      2749376   1193924     30.28      2088    966896    359168      9.11    180252    911444     18836
22:15:18      2749628   1193672     30.27      2088    966912    358508      9.09    180252    911364     18852
22:15:19      2748200   1195100     30.31      2088    966912    359540      9.12    180252    912288     18852
22:15:20      2746952   1196348     30.34      2088    966912    361880      9.18    180252    914388     18852
22:15:21      2743260   1200040     30.43      2088    966920    361332      9.16    180252    914160     16196
22:15:22      2749516   1193784     30.27      2088    966932    362080      9.18    180252    913640     16208
22:15:23      2739784   1203516     30.52      2088    966932    372180      9.44    180252    923316     16208
22:15:24      2743556   1199744     30.42      2088    969616    362452      9.19    180252    917356     18892
22:15:25      2743548   1199752     30.43      2088    969624    363008      9.21    180252    918508     18900
22:15:26      2740428   1202872     30.50      2088    969628    365004      9.26    180252    920476     16204
22:15:27      2735556   1207744     30.63      2088    969644    373336      9.47    180252    926736     16156
22:15:28      2737288   1206012     30.58      2088    969644    369400      9.37    180252    924488     16156
22:15:29      2694968   1248332     31.66      2088    971644    412916     10.47    180252    969240     18156
22:15:30      2738116   1205184     30.56      2088    972324    363968      9.23    180252    923028     18836
22:15:31      2732532   1210768     30.70      2088    972344    370540      9.40    180252    928988     16180
22:15:32      2732176   1211124     30.71      2088    972344    369512      9.37    180252    927732     16192
22:15:33      2732020   1211280     30.72      2088    972356    373444      9.47    180252    929780     16204
22:15:34      2711340   1231960     31.24      2088    975032    391672      9.93    180252    951620     18880
22:15:35      2732064   1211236     30.72      2088    975040    368284      9.34    180252    929068     18888
22:15:36      2731556   1211744     30.73      2088    975056    369316      9.37    180252    930068     16240
22:15:37      2731152   1212148     30.74      2088    975056    370360      9.39    180252    930968     16240
22:15:38      2723388   1219912     30.94      2088    975060    379916      9.63    180252    940064     16244
22:15:39      2720100   1223200     31.02      2088    975072    382960      9.71    180252    941532     16256
22:15:40      2717120   1226180     31.10      2088    975076    386056      9.79    180252    945060     16260
22:15:41      2680796   1262504     32.02      2088    977688    418068     10.60    180252    981484     15948
22:15:42      2724072   1219228     30.92      2088    977776    373444      9.47    180252    937380     16040
22:15:43      2722908   1220392     30.95      2088    977776    375320      9.52    180252    938884     16040
22:15:44      2719316   1223984     31.04      2088    977792    380428      9.65    180252    941920     16056
22:15:45      2719632   1223668     31.03      2088    977792    378872      9.61    180252    942268     16056
22:15:46      2720884   1222416     31.00      2088    980472    374492      9.50    180252    940200     18736
22:15:47      2721072   1222228     31.00      2088    980472    374316      9.49    180252    940688     16056
22:15:48      2721136   1222164     30.99      2088    980488    375344      9.52    180252    941716     16080
22:15:49      2712220   1231080     31.22      2088    980488    384216      9.74    180252    950496     16080
22:15:50      2710300   1233000     31.27      2088    980496    384472      9.75    180252    949552     16088
22:15:51      2704252   1239048     31.42      2088    980504    392504      9.95    180252    956932     16096
22:15:52      2702740   1240560     31.46      2088    980504    394184     10.00    180252    958568     13432
22:15:53      2690376   1252924     31.77      2088    983116    402392     10.20    180252    970796     16044
22:15:54      2710948   1232352     31.25      2088    983196    381196      9.67    180252    949664     16124
22:15:55      2705720   1237580     31.38      2088    983200    386556      9.80    180252    954788     16128
22:15:56      2703188   1240112     31.45      2088    983204    385520      9.78    180252    953952     16132
22:15:57      2697768   1245532     31.59      2088    983220    395908     10.04    180252    962556     13484
22:15:58      2701880   1241420     31.48      2088    983220    393892      9.99    180252    961300     13484
22:15:59      2698188   1245112     31.58      2088    983220    398716     10.11    180252    965540     13484
22:16:00      2705424   1237876     31.39      2088    985908    384956      9.76    180252    956376     16172
22:16:01      2705488   1237812     31.39      2088    985916    385848      9.78    180252    957196     16180
22:16:02      2705688   1237612     31.39      2088    985920    384716      9.76    180252    956148     13584
22:16:03      2704260   1239040     31.42      2088    985928    389196      9.87    180252    958304     13516
22:16:04      2705256   1238044     31.40      2088    985932    385828      9.78    180252    956680     13532
22:16:05      2700932   1242368     31.51      2088    985944    389328      9.87    180252    960448     13544
22:16:06      2699464   1243836     31.54      2088    988608    386492      9.80    180252    960912     16208
22:16:07      2700220   1243080     31.52      2088    988624    386224      9.79    180252    961060     13560
22:16:08      2699464   1243836     31.54      2088    988628    387128      9.82    180252    962032     13564
22:16:09      2695652   1247648     31.64      2088    988628    390828      9.91    180252    965528     13564
22:16:10      2691620   1251680     31.74      2088    988636    395260     10.02    180252    969708     13572
22:16:11      2690140   1253160     31.78      2088    988648    397700     10.09    180252    970344     13584
22:16:12      2684688   1258612     31.92      2088    988652    402504     10.21    180252    975076     10688
22:16:13      2682832   1260468     31.96      2088    988652    407488     10.33    180252    978812     10688
22:16:14      2691392   1251908     31.75      2088    991340    391752      9.93    180252    968988     13376
22:16:15      2691464   1251836     31.75      2088    991340    392456      9.95    180252    969688     13376
22:16:16      2689116   1254184     31.81      2088    991356    395436     10.03    180252    971836     13392
22:16:17      2684328   1258972     31.93      2088    991368    403048     10.22    180252    977752     10740
22:16:18      2682260   1261040     31.98      2088    991368    403564     10.23    180252    978200     10740
22:16:19      2680776   1262524     32.02      2088    991368    402400     10.20    180252    979264     10740
22:16:20      2682540   1260760     31.97      2088    994052    398040     10.09    180252    977984     13424
22:16:21      2683808   1259492     31.94      2088    994064    397960     10.09    180252    977740     13436
22:16:22      2681256   1262044     32.00      2088    994064    399052     10.12    180252    978916     13436
22:16:23      2679776   1263524     32.04      2088    994068    397976     10.09    180252    977908     13436
22:16:24      2681256   1262044     32.00      2088    994080    401468     10.18    180252    980160     13448
22:16:25      2677192   1266108     32.11      2088    994084    407324     10.33    180252    985212     13452
22:16:26      2679264   1264036     32.06      2088    996768    399288     10.13    180252    981060     16136
22:16:27      2678752   1264548     32.07      2088    996772    399884     10.14    180252    981876     13540
22:16:28      2675980   1267320     32.14      2088    996776    402968     10.22    180252    984944     13480
22:16:29      2672444   1270856     32.23      2088    996792    407420     10.33    180252    987860     13496
22:16:30      2669304   1273996     32.31      2088    996796    410328     10.41    180252    990928     13500
22:16:31      2676460   1266840     32.13      2088    999472    399552     10.13    180252    983956     16176
22:16:32      2676148   1267152     32.13      2088    999476    399572     10.13    180252    984244     16180
22:16:33      2675956   1267344     32.14      2088    999496    400436     10.15    180252    985260     13536
22:16:34      2676948   1266352     32.11      2088    999496    400584     10.16    180252    985244     13536
22:16:35      2668120   1275180     32.34      2088    999512    407964     10.35    180252    991444     13552
22:16:36      2671136   1272164     32.26      2088    999512    407808     10.34    180252    991344     13552
22:16:37      2658608   1284692     32.58      2088    999512    415748     10.54    180252   1000268     13552
22:16:38      2671208   1272092     32.26      2088   1002192    401796     10.19    180252    989392     13552
22:16:39      2671428   1271872     32.25      2088   1002204    402812     10.22    180252    990464     13564
22:16:40      2670012   1273288     32.29      2088   1002212    404168     10.25    180252    991392     13572
22:16:41      2667176   1276124     32.36      2088   1002224    408088     10.35    180252    993480     13584
22:16:42      2663136   1280164     32.46      2088   1002224    412488     10.46    180252    999040     13584
22:16:43      2666400   1276900     32.38      2088   1004836    403144     10.22    180252    993832     16000
22:16:44      2666152   1277148     32.39      2088   1004916    403208     10.23    180252    993992     16020
22:16:45      2665900   1277400     32.39      2088   1004916    404240     10.25    180252    995228     16020
22:16:46      2663372   1279928     32.46      2088   1004924    408056     10.35    180252    998420     16028
22:16:47      2659080   1284220     32.57      2088   1004940    414360     10.51    180252   1002784     16044
22:16:48      2648664   1294636     32.83      2088   1004944    423652     10.74    180252   1011936     13384
22:16:49      2652724   1290576     32.73      2088   1004944    414696     10.52    180252   1004756     13384
22:16:50      2660392   1282908     32.53      2088   1007628    407384     10.33    180252   1000044     16068
22:16:51      2661960   1281340     32.49      2088   1007636    408196     10.35    180252    999036     16076
22:16:52      2654868   1288432     32.67      2088   1007636    415480     10.54    180252   1006236     16176
22:16:53      2658088   1285212     32.59      2088   1007656    415472     10.54    180252   1004104     13532
22:16:54      2649512   1293788     32.81      2088   1007656    423980     10.75    180252   1012524     13540
22:16:55      2658828   1284472     32.57      2088   1010332    409272     10.38    180252   1002460     16216
22:16:56      2658324   1284976     32.59      2088   1010348    409584     10.39    180252   1002492     16232
22:16:57      2658984   1284316     32.57      2088   1010348    410612     10.41    180252   1003584     16232
22:16:58      2652684   1290616     32.73      2088   1010368    417252     10.58    180252   1008524     13588
22:16:59      2655056   1288244     32.67      2088   1010368    417176     10.58    180252   1008464     13588
22:17:00      2647456   1295844     32.86      2088   1010372    420456     10.66    180252   1013928     13592
22:17:01      2653248   1290052     32.72      2088   1013048    411384     10.43    180252   1007544     16268
22:17:02      2653000   1290300     32.72      2088   1013060    411364     10.43    180252   1007640     16280
22:17:03      2653200   1290100     32.72      2088   1013060    411348     10.43    180252   1007740     13680
22:17:04      2653440   1289860     32.71      2088   1013064    412632     10.46    180252   1009104     13620
22:17:05      2642156   1301144     33.00      2088   1013068    423772     10.75    180252   1019584     13624
22:17:06      2644556   1298744     32.94      2088   1013080    423184     10.73    180252   1017104     13636
22:17:07      2638636   1304664     33.09      2088   1013084    428956     10.88    180252   1023008     13640
22:17:08      2639660   1303640     33.06      2088   1015752    421904     10.70    180252   1020736     13708
22:17:09      2643080   1300220     32.97      2088   1015760    417936     10.60    180252   1017056     13652
22:17:10      2644016   1299284     32.95      2088   1015776    418964     10.62    180252   1017928     13668
22:17:11      2633744   1309556     33.21      2088   1015780    428888     10.88    180252   1026944     13672
22:17:12      2635296   1308004     33.17      2088   1015784    428800     10.87    180252   1025452     13676
22:17:13      2625276   1318024     33.42      2088   1015792    437620     11.10    180252   1034004     13684
22:17:14      2633796   1309504     33.21      2088   1015796    431032     10.93    180252   1029052     10788
22:17:15      2637848   1305452     33.11      2088   1018484    422664     10.72    180252   1023700     13476
22:17:16      2637760   1305540     33.11      2088   1018492    423560     10.74    180252   1024684     13484
22:17:17      2627976   1315324     33.36      2088   1018492    430988     10.93    180252   1032536     13484
22:17:18      2626708   1316592     33.39      2088   1018508    434368     11.02    180252   1033916     13500
22:17:19      2624784   1318516     33.44      2088   1018508    438240     11.11    180252   1037524     13500
22:17:20      2620948   1322352     33.53      2088   1018508    438356     11.12    180252   1039824     13500
22:17:21      2629572   1313728     33.32      2088   1021196    427092     10.83    180252   1031332     16188
22:17:22      2630040   1313260     33.30      2088   1021204    428028     10.85    180252   1032256     16196
22:17:23      2630580   1312720     33.29      2088   1021220    426996     10.83    180252   1030844     16212
22:17:24      2628564   1314736     33.34      2088   1021228    431656     10.95    180252   1033824     13424
22:17:25      2619876   1323424     33.56      2088   1021228    436452     11.07    180252   1040244     13432
22:17:26      2625028   1318272     33.43      2088   1023912    429280     10.89    180252   1035580     16128
22:17:27      2624272   1319028     33.45      2088   1023916    429224     10.88    180252   1035920     16132
22:17:28      2624776   1318524     33.44      2088   1023928    430224     10.91    180252   1036760     16144
22:17:29      2619232   1324068     33.58      2088   1023928    434576     11.02    180252   1041032     13544
22:17:30      2614444   1328856     33.70      2088   1023932    437344     11.09    180252   1044192     13484
22:17:31      2619452   1323848     33.57      2088   1023944    436332     11.07    180252   1043308     13496
22:17:32      2610568   1332732     33.80      2088   1023944    446912     11.33    180252   1051776     13496
22:17:33      2584128   1359172     34.47      2088   1026620    467092     11.85    180252   1076064     16172
22:17:34      2617776   1325524     33.61      2088   1026636    434244     11.01    180252   1043512     13588
22:17:35      2617616   1325684     33.62      2088   1026644    434256     11.01    180252   1043520     13532
22:17:36      2613632   1329668     33.72      2088   1026648    439252     11.14    180252   1047092     13536
22:17:37      2599784   1343516     34.07      2088   1026660    452800     11.48    180252   1060448     13548
22:17:38      2613452   1329848     33.72      2088   1029272    434752     11.03    180252   1046892     16160
22:17:39      2613208   1330092     33.73      2088   1029352    434416     11.02    180252   1047184     13576
22:17:40      2612956   1330344     33.74      2088   1029356    435168     11.04    180252   1048224     13580
22:17:41      2612400   1330900     33.75      2088   1029356    436204     11.06    180252   1049072     13580
22:17:42      2605136   1338164     33.94      2088   1029356    444232     11.27    180252   1056128     13580
22:17:43      2598640   1344660     34.10      2088   1029372    452012     11.46    180252   1062476     13596
22:17:44      2597624   1345676     34.13      2088   1029372    453740     11.51    180252   1064228     13396
22:17:45      2594276   1349024     34.21      2088   1032048    451844     11.46    180252   1067308     16024
22:17:46      2605616   1337684     33.92      2088   1032068    441196     11.19    180252   1056844     16044
22:17:47      2600932   1342368     34.04      2088   1032068    443988     11.26    180252   1058992     16044
22:17:48      2598504   1344796     34.10      2088   1032072    447444     11.35    180252   1062372     16048
22:17:49      2598696   1344604     34.10      2088   1032084    447588     11.35    180252   1062276     13460
22:17:50      2591804   1351496     34.27      2088   1032088    457800     11.61    180252   1069836     13400
22:17:51      2600112   1343188     34.06      2088   1034700    442824     11.23    180252   1060680     16012
22:17:52      2599120   1344180     34.09      2088   1034780    442708     11.23    180252   1061128     16092
22:17:53      2593528   1349772     34.23      2088   1034784    449340     11.40    180252   1067500     16096
22:17:54      2595520   1347780     34.18      2088   1034784    446232     11.32    180252   1064536     15096
22:17:55      2585748   1357552     34.43      2088   1034800    460272     11.67    180252   1076512     13440
22:17:56      2589464   1353836     34.33      2088   1034800    453856     11.51    180252   1072108     13448
22:17:57      2593192   1350108     34.24      2088   1037400    445924     11.31    180252   1066800     16048
22:17:58      2593300   1350000     34.24      2088   1037492    445936     11.31    180252   1066792     16140
22:17:59      2593520   1349780     34.23      2088   1037492    446964     11.33    180252   1067692     16140
22:18:00      2588812   1354488     34.35      2088   1037504    452084     11.46    180252   1072404     13472
22:18:01      2586040   1357260     34.42      2088   1037504    453736     11.51    180252   1074304     13472
22:18:02      2584780   1358520     34.45      2088   1037516    457352     11.60    180252   1076196     13484
22:18:03      2579616   1363684     34.58      2088   1037516    456788     11.58    180252   1077600     13484
22:18:04      2581156   1362144     34.54      2088   1037516    461660     11.71    180252   1080628     13484
22:18:05      2509848   1433452     36.35      2088   1040192    526776     13.36    180252   1150576     13496
22:18:06      2587528   1355772     34.38      2088   1040204    448740     11.38    180252   1073284     13508
22:18:07      2587276   1356024     34.39      2088   1040208    448744     11.38    180252   1073148     13512
22:18:08      2587016   1356284     34.39      2088   1040212    449372     11.40    180252   1073380     13516
22:18:09      2587972   1355328     34.37      2088   1040224    449824     11.41    180252   1073380     13528
22:18:10      2584024   1359276     34.47      2088   1040224    449888     11.41    180252   1073148     10928
22:18:11      2582200   1361100     34.52      2088   1042900    452400     11.47    180252   1078256     13544
22:18:12      2583008   1360292     34.50      2088   1042912    452204     11.47    180252   1078032     13556
22:18:13      2581608   1361692     34.53      2088   1042916    453232     11.49    180252   1078972     13560
22:18:14      2576204   1367096     34.67      2088   1042924    459336     11.65    180252   1084980     13580
22:18:15      2575952   1367348     34.68      2088   1042928    461060     11.69    180252   1085248     13348
22:18:16      2573936   1369364     34.73      2088   1042936    464260     11.77    180252   1088560     13360
22:18:17      2576396   1366904     34.66      2088   1042940    457632     11.61    180252   1083680     13364
22:18:18      2572920   1370380     34.75      2088   1045620    458880     11.64    180252   1087464     16044
22:18:19      2575000   1368300     34.70      2088   1045624    457676     11.61    180252   1086388     16048
22:18:20      2569644   1373656     34.84      2088   1045640    460888     11.69    180252   1089484     13400
22:18:21      2567376   1375924     34.89      2088   1045652    466716     11.84    180252   1093456     13412
22:18:22      2567544   1375756     34.89      2088   1045652    466916     11.84    180252   1093364     13412
22:18:23      2565772   1377528     34.93      2088   1045652    463420     11.75    180252   1091796     13412
22:18:24      2569856   1373444     34.83      2088   1048332    459420     11.65    180252   1091048     16092
22:18:25      2569344   1373956     34.84      2088   1048348    460104     11.67    180252   1091884     13444
22:18:26      2565512   1377788     34.94      2088   1048352    462048     11.72    180252   1093416     13448
22:18:27      2566572   1376728     34.91      2088   1048364    465048     11.79    180252   1094676     13460
22:18:28      2562280   1381020     35.02      2088   1048368    469016     11.89    180252   1099552     13464
22:18:29      2564792   1378508     34.96      2088   1051044    462328     11.72    180252   1096080     16140
22:18:30      2563936   1379364     34.98      2088   1051044    462596     11.73    180252   1096368     13540
22:18:31      2563776   1379524     34.98      2088   1051060    463596     11.76    180252   1097392     13484
22:18:32      2560484   1382816     35.07      2088   1051064    465428     11.80    180252   1099732     13488
22:18:33      2558940   1384360     35.11      2088   1051076    469388     11.90    180252   1101728     13500
22:18:34      2552040   1391260     35.28      2088   1051080    476744     12.09    180252   1108844     13504
22:18:35      2522424   1420876     36.03      2088   1051080    505320     12.81    180252   1138816     10904
22:18:36      2558860   1384440     35.11      2088   1053768    464468     11.78    180252   1101564     13528
22:18:37      2558696   1384604     35.11      2088   1053776    465392     11.80    180252   1102424     13536
22:18:38      2555240   1388060     35.20      2088   1053796    470100     11.92    180252   1105160     13556
22:18:39      2556248   1387052     35.17      2088   1053796    470232     11.92    180252   1105120     13556
22:18:40      2550340   1392960     35.32      2088   1053796    473052     12.00    180252   1109976     13556
22:18:41      2554216   1389084     35.23      2088   1056476    466576     11.83    180252   1106360     16232
22:18:42      2553948   1389352     35.23      2088   1056476    466832     11.84    180252   1107004     16232
22:18:43      2547264   1396036     35.40      2088   1056496    472936     11.99    180252   1112396     16252
22:18:44      2549304   1393996     35.35      2088   1056508    472520     11.98    180252   1109996     16264
22:18:45      2544336   1398964     35.48      2088   1056508    478348     12.13    180252   1115920     16264
22:18:46      2511124   1432176     36.32      2088   1059184    508248     12.89    180252   1150028     16008
22:18:47      2550184   1393116     35.33      2088   1059200    468332     11.88    180252   1110956     16036
22:18:48      2548420   1394880     35.37      2088   1059204    469348     11.90    180252   1112008     16040
22:18:49      2542688   1400612     35.52      2088   1059204    476032     12.07    180252   1118408     16040
22:18:50      2533796   1409504     35.74      2088   1059208    486028     12.33    180252   1127560     16044
22:18:51      2536064   1407236     35.69      2088   1059216    485252     12.31    180252   1125012     13388
22:18:52      2535308   1407992     35.71      2088   1059224    486024     12.33    180252   1126168     13396
22:18:53      2535468   1407832     35.70      2088   1059224    482772     12.24    180272   1125104     13396
22:18:54      2542096   1401204     35.53      2088   1061912    473356     12.00    180272   1118384     16084
22:18:55      2542696   1400604     35.52      2088   1061920    474248     12.03    180272   1119296     16092
22:18:56      2538316   1404984     35.63      2088   1061924    478212     12.13    180272   1122528     13432
22:18:57      2538664   1404636     35.62      2088   1061936    480272     12.18    180272   1124180     13444
22:18:58      2524960   1418340     35.97      2088   1061936    491052     12.45    180272   1135896     13444
22:18:59      2536292   1407008     35.68      2088   1064552    476880     12.09    180272   1124132     16060
22:19:00      2536480   1406820     35.68      2088   1064632    477612     12.11    180272   1125092     16140
22:19:01      2529488   1413812     35.85      2088   1064636    483176     12.25    180272   1130352     13472
22:19:02      2526360   1416940     35.93      2088   1064636    486740     12.34    180272   1134032     13576
22:19:03      2526904   1416396     35.92      2088   1064648    487348     12.36    180272   1132844     13592
22:19:04      2522400   1420900     36.03      2088   1064648    492792     12.50    180272   1138360     13592
22:19:05      2522880   1420420     36.02      2088   1064652    491640     12.47    180272   1139188     13596
22:19:06      2526476   1416824     35.93      2088   1067332    482944     12.25    180272   1133648     13612
22:19:07      2528644   1414656     35.87      2088   1067348    480788     12.19    180272   1131548     13628
22:19:08      2526448   1416852     35.93      2088   1067352    483752     12.27    180272   1134356     13632
22:19:09      2521332   1421968     36.06      2088   1067352    488028     12.38    180272   1138468     13632
22:19:10      2521744   1421556     36.05      2088   1067368    489876     12.42    180272   1138636     13648
22:19:11      2517832   1425468     36.15      2088   1067368    495844     12.57    180272   1143980     11048
22:19:12      2515292   1428008     36.21      2088   1067368    490736     12.44    180272   1141056     10984
22:19:13      2523400   1419900     36.01      2088   1069980    481808     12.22    180272   1136976     13596
22:19:14      2523904   1419396     36.00      2088   1070060    481912     12.22    180272   1136736     13676
22:19:15      2523400   1419900     36.01      2088   1070060    481852     12.22    180272   1136724     13676
22:19:16      2521132   1422168     36.07      2088   1070064    486444     12.34    180272   1139100     10784
22:19:17      2520312   1422988     36.09      2088   1070072    490556     12.44    180272   1141348     10796
22:19:18      2511544   1431756     36.31      2088   1070076    497396     12.61    180272   1149460     10800
22:19:19      2517280   1426020     36.16      2088   1072688    486368     12.33    180272   1143012     13412
22:19:20      2517092   1426208     36.17      2088   1072768    486800     12.34    180272   1143624     13492
22:19:21      2513280   1430020     36.26      2088   1072768    491524     12.46    180272   1147812     13492
22:19:22      2507916   1435384     36.40      2088   1072784    498196     12.63    180272   1152820     13496
22:19:23      2508556   1434744     36.38      2088   1072784    498372     12.64    180272   1152560     13496
22:19:24      2496980   1446320     36.68      2088   1072788    509488     12.92    180272   1164524     13500
22:19:25      2512340   1430960     36.29      2088   1075468    489788     12.42    180272   1148116     16180
22:19:26      2512944   1430356     36.27      2088   1075480    490592     12.44    180272   1148940     16192
22:19:27      2506036   1437264     36.45      2088   1075488    495544     12.57    180272   1154060     13536
22:19:28      2507292   1436008     36.42      2088   1075500    495140     12.56    180272   1153812     13556
22:19:29      2490916   1452384     36.83      2088   1075504    513708     13.03    180272   1170596     13560
22:19:30      2476232   1467068     37.20      2088   1078112    524092     13.29    180272   1184940     16168
22:19:31      2507288   1436012     36.42      2088   1078196    491900     12.47    180272   1153104     16252
22:19:32      2505924   1437376     36.45      2088   1078196    492864     12.50    180272   1154104     13584
22:19:33      2504708   1438592     36.48      2088   1078200    495260     12.56    180272   1156292     13584
22:19:34      2496380   1446920     36.69      2088   1078200    503896     12.78    180272   1164628     13584
22:19:35      2497200   1446100     36.67      2088   1078216    504596     12.80    180272   1163896     13604
22:19:36      2493420   1449880     36.77      2088   1078216    508320     12.89    180272   1167684     13604
22:19:37      2487120   1456180     36.93      2088   1078216    514572     13.05    180272   1173532     10836
22:19:38      2490820   1452480     36.83      2088   1080816    503640     12.77    180272   1169532     13436
22:19:39      2501068   1442232     36.57      2088   1080908    492904     12.50    180272   1158780     13528
22:19:40      2498956   1444344     36.63      2088   1080908    498920     12.65    180272   1162364     13528
22:19:41      2493916   1449384     36.76      2088   1080924    505316     12.81    180272   1166988     13544
22:19:42      2492536   1450764     36.79      2088   1080924    504184     12.79    180272   1167488     13544
22:19:43      2395384   1547916     39.25      2088   1080924    603568     15.31    180272   1266564     13544
22:19:44      2494060   1449240     36.75      2088   1083600    499988     12.68    180272   1165816     16220
22:19:45      2495160   1448140     36.72      2088   1083620    498992     12.65    180272   1165316     16240
22:19:46      2495652   1447648     36.71      2088   1083620    498988     12.65    180272   1165012     16240
22:19:47      2489284   1454016     36.87      2088   1083632    503664     12.77    180272   1170360     13348
22:19:48      2487052   1456248     36.93      2088   1083636    508800     12.90    180272   1173508     13352
22:19:49      2480008   1463292     37.11      2088   1083636    517496     13.12    180272   1182168     13352
22:19:50      2479184   1464116     37.13      2088   1083640    513740     13.03    180272   1180968     13356
22:19:51      2486196   1457104     36.95      2088   1086332    503932     12.78    180272   1173756     16048
22:19:52      2486796   1456504     36.94      2088   1086336    504760     12.80    180272   1174664     13388
22:19:53      2481472   1461828     37.07      2088   1086336    509872     12.93    180272   1179020     13388
22:19:54      2483260   1460040     37.03      2088   1086352    508576     12.90    180272   1177256     13404
22:19:55      2479244   1464056     37.13      2088   1086356    512244     12.99    180272   1181180     13408
22:19:56      2476212   1467088     37.20      2088   1089032    512648     13.00    180272   1184128     16084
22:19:57      2481304   1461996     37.08      2088   1089048    506332     12.84    180272   1178564     13500
22:19:58      2481560   1461740     37.07      2088   1089052    506268     12.84    180272   1178636     13440
22:19:59      2482032   1461268     37.06      2088   1089056    507296     12.86    180272   1179660     13444
22:20:00      2470724   1472576     37.34      2088   1089060    517216     13.12    180272   1189136     13448
22:20:01      2471908   1471392     37.31      2088   1089060    516156     13.09    180272   1188236     13548
22:20:02      2470976   1472324     37.34      2088   1089116    519156     13.17    180400   1189148     11028
22:20:03      2473200   1470100     37.28      2088   1089116    518088     13.14    180400   1188624     11028
22:20:04      2469212   1474088     37.38      2088   1089120    522976     13.26    180400   1192672     11032
22:20:05      2468676   1474624     37.40      2088   1091784    517096     13.11    180400   1191208     13696
22:20:06      2474164   1469136     37.26      2088   1091800    510996     12.96    180400   1185512     13712
22:20:07      2475488   1467812     37.22      2088   1091816    511784     12.98    180400   1186220     13728
22:20:08      2464872   1478428     37.49      2088   1091832    523020     13.26    180400   1195692     13732
22:20:09      2464364   1478936     37.51      2088   1091832    522992     13.26    180400   1195688     13736
22:20:10      2459760   1483540     37.62      2088   1091832    528744     13.41    180400   1202116     13736
22:20:11      2458288   1485012     37.66      2088   1091832    523524     13.28    180400   1198616     13736
22:20:12      2471164   1472136     37.33      2088   1094448    509700     12.93    180400   1188908     16352
22:20:13      2470944   1472356     37.34      2088   1094520    509704     12.93    180400   1188772     13760
22:20:14      2467416   1475884     37.43      2088   1094524    513276     13.02    180400   1192180     13764
22:20:15      2468676   1474624     37.40      2088   1094524    516520     13.10    180400   1192412     13764
22:20:16      2461860   1481440     37.57      2088   1094540    526668     13.36    180400   1198980     13780
22:20:17      2440436   1502864     38.11      2088   1097212    540612     13.71    180400   1220124     16452
22:20:18      2464580   1478720     37.50      2088   1097216    515712     13.08    180400   1195264     13580
22:20:19      2464828   1478472     37.49      2088   1097228    515720     13.08    180400   1195976     13592
22:20:20      2460076   1483224     37.61      2088   1097236    519968     13.19    180400   1200484     13600
22:20:21      2455776   1487524     37.72      2088   1097248    525828     13.33    180400   1204696     13612
22:20:22      2455776   1487524     37.72      2088   1097248    528308     13.40    180400   1206196     13612
22:20:23      2447660   1495640     37.93      2088   1097252    534480     13.55    180400   1212632     10952
22:20:24      2451948   1491352     37.82      2088   1099864    525248     13.32    180400   1207900     13564
22:20:25      2459224   1484076     37.64      2088   1099936    517012     13.11    180400   1200504     13636
22:20:26      2459076   1484224     37.64      2088   1099952    518216     13.14    180400   1201448     13652
22:20:27      2454492   1488808     37.76      2088   1099956    521856     13.23    180400   1204992     13656
22:20:28      2455912   1487388     37.72      2088   1099968    524612     13.30    180400   1206032     11004
22:20:29      2451508   1491792     37.83      2088   1099972    527216     13.37    180400   1208780     11008
22:20:30      2366860   1576440     39.98      2088   1099980    611616     15.51    180400   1293848     11016
22:20:31      2453792   1489508     37.77      2088   1102648    519392     13.17    180400   1205992     13684
22:20:32      2455460   1487840     37.73      2088   1102664    519420     13.17    180400   1205928     13704
22:20:33      2437412   1505888     38.19      2088   1102668    538668     13.66    180400   1223932     13468
22:20:34      2446452   1496848     37.96      2088   1102680    531032     13.47    180400   1214884     13480
22:20:35      2435648   1507652     38.23      2088   1102684    541460     13.73    180400   1224808     13484
22:20:36      2442256   1501044     38.07      2088   1102684    533136     13.52    180400   1218208     13484
22:20:37      2448224   1495076     37.91      2088   1105368    523756     13.28    180400   1211664     16168
22:20:38      2448420   1494880     37.91      2088   1105368    523284     13.27    180400   1211476     13568
22:20:39      2448908   1494392     37.90      2088   1105380    524312     13.30    180400   1212488     13512
22:20:40      2438880   1504420     38.15      2088   1105384    531548     13.48    180400   1219308     13516
22:20:41      2443080   1500220     38.04      2088   1105400    531948     13.49    180400   1218200     13540
22:20:42      2431040   1512260     38.35      2088   1105404    543100     13.77    180400   1229628     13544
22:20:43      2381908   1561392     39.60      2088   1108004    587644     14.90    180400   1278380     13544
22:20:44      2441648   1501652     38.08      2088   1108096    527328     13.37    180400   1218468     13568
22:20:45      2441144   1502156     38.09      2088   1108096    528360     13.40    180400   1219448     13568
22:20:46      2435844   1507456     38.23      2088   1108100    533848     13.54    180400   1224712     13572
22:20:47      2431064   1512236     38.35      2088   1108120    539908     13.69    180400   1229212     13592
22:20:48      2431520   1511780     38.34      2088   1108120    539992     13.69    180400   1229312     13592
22:20:49      2423284   1520016     38.55      2088   1108120    549568     13.94    180400   1238800     10688
22:20:50      2346928   1596372     40.48      2088   1108120    623252     15.81    180400   1314032     10688
22:20:51      2432848   1510452     38.30      2088   1110808    532584     13.51    180400   1226972     13476
22:20:52      2434112   1509188     38.27      2088   1110820    533052     13.52    180400   1227448     13496
22:20:53      2426552   1516748     38.46      2088   1110820    537944     13.64    180400   1231388     13496
22:20:54      2423628   1519672     38.54      2088   1110832    544168     13.80    180400   1235844     13508
22:20:55      2420748   1522552     38.61      2088   1110836    547468     13.88    180404   1239948     13512
22:20:56      2355664   1587636     40.26      2088   1113448    607416     15.40    180404   1304224     16124
22:20:57      2426544   1516756     38.46      2088   1113516    535164     13.57    180404   1233364     16192
22:20:58      2428716   1514584     38.41      2088   1113520    531372     13.48    180404   1230876     16196
22:20:59      2428560   1514740     38.41      2088   1113524    531632     13.48    180404   1230944     13536
22:21:00      2424980   1518320     38.50      2088   1113528    536504     13.61    180404   1233408     13540
22:21:01      2423584   1519716     38.54      2088   1113540    543164     13.77    180404   1237392     13552
22:21:02      2412660   1530640     38.82      2088   1113540    554220     14.05    180404   1248292     13552
22:21:03      2411472   1531828     38.85      2088   1113544    554016     14.05    180404   1247992     13556
22:21:04      2414876   1528424     38.76      2088   1113544    549784     13.94    180404   1245392     10888
22:21:05      2318372   1624928     41.21      2088   1116220    644136     16.33    180404   1342460     13564
22:21:06      2422448   1520852     38.57      2088   1116232    539520     13.68    180404   1237976     13576
22:21:07      2419676   1523624     38.64      2088   1116232    542004     13.74    180404   1240576     13576
22:21:08      2412084   1531216     38.83      2088   1116256    551144     13.98    180404   1248100     13600
22:21:09      2410628   1532672     38.87      2088   1116256    550584     13.96    180404   1248500     11000
22:21:10      2407140   1536160     38.96      2088   1116256    554784     14.07    180404   1252788     10936
22:21:11      2408572   1534728     38.92      2088   1116260    551136     13.98    180404   1251236     10940
22:21:12      2414380   1528920     38.77      2088   1118936    542760     13.76    180404   1245788     13616
22:21:13      2416212   1527088     38.73      2088   1118956    541428     13.73    180404   1244704     13640
22:21:14      2413892   1529408     38.78      2088   1118960    542940     13.77    180404   1245708     11036
22:21:15      2408328   1534972     38.93      2088   1118960    550220     13.95    180404   1252480     10960
22:21:16      2407320   1535980     38.95      2088   1118976    552452     14.01    180404   1253012     10976
22:21:17      2402580   1540720     39.07      2088   1118976    557320     14.13    180404   1257916     10976
22:21:18      2402020   1541280     39.09      2088   1118980    555892     14.10    180404   1258580     10980
22:21:19      2405824   1537476     38.99      2088   1121660    548036     13.90    180404   1253612     13452
22:21:20      2409100   1534200     38.91      2088   1121660    545476     13.83    180404   1251212     13452
22:21:21      2405116   1538184     39.01      2088   1121676    548356     13.91    180404   1253104     13468
22:21:22      2408740   1534560     38.92      2088   1121688    549352     13.93    180404   1253276     13480
22:21:23      2399572   1543728     39.15      2088   1121692    550316     13.96    180404   1254928     13484
22:21:24      2405400   1537900     39.00      2088   1124304    547276     13.88    180404   1254368     13396
22:21:25      2405052   1538248     39.01      2088   1124372    547408     13.88    180404   1254684     13392
22:21:26      2404856   1538444     39.01      2088   1124384    547392     13.88    180404   1254748     13404
22:21:27      2405864   1537436     38.99      2088   1124388    548276     13.90    180404   1255676     13408
22:21:28      2396532   1546768     39.23      2088   1124388    557508     14.14    180404   1264104     13408
22:21:29      2395976   1547324     39.24      2088   1124408    558864     14.17    180404   1263880     13436
22:21:30      2388400   1554900     39.43      2088   1124408    566644     14.37    180404   1271828     10772
22:21:31      2316616   1626684     41.25      2088   1124408    637656     16.17    180404   1344132     10772
22:21:32      2395484   1547816     39.25      2088   1127096    553660     14.04    180404   1263784     13460
22:21:33      2396996   1546304     39.21      2088   1127104    553104     14.03    180404   1263372     13468
22:21:34      2391232   1552068     39.36      2088   1127104    559244     14.18    180404   1268896     13468
22:21:35      2389940   1553360     39.39      2088   1127120    561392     14.24    180404   1269396     13484
22:21:36      2389900   1553400     39.39      2088   1127124    562168     14.26    180404   1270648     13488
22:21:37      2384688   1558612     39.53      2088   1127124    567432     14.39    180404   1276408     13488
22:21:38      2375860   1567440     39.75      2088   1129736    572228     14.51    180404   1285168     16100
22:21:39      2392648   1550652     39.32      2088   1129816    552636     14.01    180404   1266924     16180
22:21:40      2392460   1550840     39.33      2088   1129824    553876     14.05    180404   1267848     13524
22:21:41      2386852   1556448     39.47      2088   1129832    560500     14.21    180404   1273352     13532
22:21:42      2384676   1558624     39.53      2088   1129840    565504     14.34    180404   1276244     13540
22:21:43      2379388   1563912     39.66      2088   1129844    570272     14.46    180404   1280840     13544
22:21:44      2376212   1567088     39.74      2088   1129844    572048     14.51    180404   1282748     13544
22:21:45      2310524   1632776     41.41      2088   1129844    637332     16.16    180404   1349848     10944
22:21:46      2384160   1559140     39.54      2088   1132536    560140     14.20    180404   1275760     13556
22:21:47      2384632   1558668     39.53      2088   1132540    560904     14.22    180404   1276560     13560
22:21:48      2378356   1564944     39.69      2088   1132560    568800     14.42    180404   1282220     13580
22:21:49      2380040   1563260     39.64      2088   1132560    564876     14.32    180404   1279848     13580
22:21:50      2356296   1587004     40.25      2088   1135224    585516     14.85    180404   1303540     13336
22:21:51      2380984   1562316     39.62      2088   1135240    560584     14.22    180404   1278820     13356
22:21:52      2381332   1561968     39.61      2088   1135256    560208     14.21    180404   1279100     13372
22:21:53      2380984   1562316     39.62      2088   1135256    561256     14.23    180404   1280104     13372
22:21:54      2372568   1570732     39.83      2088   1135260    568684     14.42    180404   1286540     13376
22:21:55      2374072   1569228     39.79      2088   1135272    571520     14.49    180404   1287488     10724
22:21:56      2365032   1578268     40.02      2088   1135276    578608     14.67    180404   1294496     10728
22:21:57      2233624   1709676     43.36      2088   1137876    705284     17.89    180404   1425812     13328
22:21:58      2371328   1571972     39.86      2088   1137960    567452     14.39    180404   1288400     13412
22:21:59      2373552   1569748     39.81      2088   1137972    565448     14.34    180404   1286664     13424
22:22:00      2368748   1574552     39.93      2088   1137976    570840     14.48    180404   1291004     13416
22:22:01      2364212   1579088     40.04      2088   1137976    574776     14.58    180404   1295284     13428
22:22:02      2359104   1584196     40.17      2088   1137988    581060     14.74    180404   1299692     13440
22:22:03      2361912   1581388     40.10      2088   1137988    580252     14.71    180404   1299252     13440
22:22:04      2360480   1582820     40.14      2088   1137988    581692     14.75    180404   1300652     13440
22:22:05      2281084   1662216     42.15      2088   1137992    659780     16.73    180404   1380516     10844
22:22:06      2364836   1578464     40.03      2088   1140672    570732     14.47    180404   1294736     13460
22:22:07      2365764   1577536     40.01      2088   1140688    569740     14.45    180404   1293584     13476
22:22:08      2365748   1577552     40.01      2088   1140704    572632     14.52    180404   1294780     13492
22:22:09      2358640   1584660     40.19      2088   1140704    579012     14.68    180404   1301180     13492
22:22:10      2356812   1586488     40.23      2088   1140704    580072     14.71    180404   1302244     10892
22:22:11      2333484   1609816     40.82      2088   1143308    600340     15.22    180404   1327112     13432
22:22:12      2358432   1584868     40.19      2088   1143380    574128     14.56    180404   1301200     13504
22:22:13      2363064   1580236     40.07      2088   1143396    571272     14.49    180404   1298548     13520
22:22:14      2355156   1588144     40.27      2088   1143400    578412     14.67    180404   1304688     13524
22:22:15      2351376   1591924     40.37      2088   1143412    584932     14.83    180404   1309092     13536
22:22:16      2346540   1596760     40.49      2088   1143416    590568     14.98    180404   1313544     13528
22:22:17      2305968   1637332     41.52      2088   1143416    629932     15.97    180404   1355608     13536
22:22:18      2356056   1587244     40.25      2088   1146100    574564     14.57    180404   1303644     16220
22:22:19      2356612   1586688     40.24      2088   1146112    573652     14.55    180404   1302988     16232
22:22:20      2357020   1586280     40.23      2088   1146116    574680     14.57    180404   1304004     16236
22:22:21      2348492   1594808     40.44      2088   1146120    582056     14.76    180404   1310720     10684
22:22:22      2347652   1595648     40.46      2088   1146132    584304     14.82    180404   1311156     10696
22:22:23      2341436   1601864     40.62      2088   1146132    592024     15.01    180404   1318688     10696
22:22:24      2282556   1660744     42.12      2088   1146132    649588     16.47    180404   1377728     10696
22:22:25      2342768   1600532     40.59      2088   1148812    585668     14.85    180404   1316928     13376
22:22:26      2350012   1593288     40.40      2088   1148824    579664     14.70    180404   1310912     13388
22:22:27      2344496   1598804     40.54      2088   1148828    583764     14.80    180404   1315388     13392
22:22:28      2340952   1602348     40.63      2088   1148844    590692     14.98    180404   1319204     13408
22:22:29      2339968   1603332     40.66      2088   1148848    588860     14.93    180404   1320128     13412
22:22:30      2333916   1609384     40.81      2088   1151464    592540     15.03    180404   1326444     16028
22:22:31      2345064   1598236     40.53      2088   1151532    579996     14.71    180404   1314360     13432
22:22:32      2345508   1597792     40.52      2088   1151532    579728     14.70    180404   1314356     13432
22:22:33      2345256   1598044     40.53      2088   1151544    580760     14.73    180404   1315408     13444
22:22:34      2340664   1602636     40.64      2088   1151548    585572     14.85    180404   1319792     13448
22:22:35      2340216   1603084     40.65      2088   1151564    587344     14.89    180404   1319524     13464
22:22:36      2336376   1606924     40.75      2088   1151564    590720     14.98    180404   1323124     10788
22:22:37      2331144   1612156     40.88      2088   1151564    596188     15.12    180404   1328960     10788
22:22:38      2332588   1610712     40.85      2088   1151564    591652     15.00    180404   1326660     10788
22:22:39      2336148   1607152     40.76      2088   1154184    585680     14.85    180404   1323428     13408
22:22:40      2338680   1604620     40.69      2088   1154252    583932     14.81    180404   1321844     13476
22:22:41      2336664   1606636     40.74      2088   1154264    584868     14.83    180404   1322744     13488
22:22:42      2335908   1607392     40.76      2088   1154276    587304     14.89    180404   1324056     13500
22:22:43      2328820   1614480     40.94      2088   1154280    595132     15.09    180404   1330992     13512
22:22:44      2221208   1722092     43.67      2088   1156888    698564     17.72    180404   1438016     16120
22:22:45      2333380   1609920     40.83      2088   1156956    586444     14.87    180404   1326372     16188
22:22:46      2333580   1609720     40.82      2088   1156972    585848     14.86    180404   1326148     13540
22:22:47      2333144   1610156     40.83      2088   1156972    586940     14.88    180404   1327140     13544
22:22:48      2323648   1619652     41.07      2088   1156976    596740     15.13    180404   1336468     13548
22:22:49      2323544   1619756     41.08      2088   1156992    597472     15.15    180404   1335540     13568
22:22:50      2313084   1630216     41.34      2088   1156992    607072     15.40    180404   1344956     13568
22:22:51      2317952   1625348     41.22      2088   1156992    606012     15.37    180404   1343964     10752
22:22:52      2178636   1764664     44.75      2088   1159604    737880     18.71    180404   1480364     13296
22:22:53      2324852   1618448     41.04      2088   1159684    591340     15.00    180404   1334520     13376
22:22:54      2326964   1616336     40.99      2088   1159688    590540     14.98    180404   1333620     13484
22:22:55      2323748   1619552     41.07      2088   1159696    593680     15.06    180404   1336480     13492
22:22:56      2321516   1621784     41.13      2088   1159708    593780     15.06    180404   1336840     13504
22:22:57      2320396   1622904     41.16      2088   1159712    595864     15.11    180404   1338380     10844
22:22:58      2315260   1628040     41.29      2088   1159712    604044     15.32    180404   1346004     10844
22:22:59      2259252   1684048     42.71      2088   1162320    655400     16.62    180404   1400368     13452
22:23:00      2318780   1624520     41.20      2088   1162388    595252     15.10    180404   1340876     13520
22:23:01      2320504   1622796     41.15      2088   1162392    592980     15.04    180404   1338900     13524
22:23:02      2321384   1621916     41.13      2088   1162408    592960     15.04    180404   1338996     10876
22:23:03      2311968   1631332     41.37      2088   1162408    599644     15.21    180404   1344828     10876
22:23:04      2314992   1628308     41.29      2088   1162424    600364     15.22    180404   1344320     10892
22:23:05      2308692   1634608     41.45      2088   1162424    606464     15.38    180404   1350480     10892
22:23:06      2307432   1635868     41.48      2088   1162424    609400     15.45    180404   1353376     10892
22:23:07      2226004   1717296     43.55      2088   1162424    689604     17.49    180404   1434352     10892
22:23:08      2311708   1631592     41.38      2088   1165108    600324     15.22    180404   1348236     13576
22:23:09      2314952   1628348     41.29      2088   1165108    598248     15.17    180404   1346216     13576
22:23:10      2314796   1628504     41.30      2088   1165128    597628     15.16    180404   1345620     13596
22:23:11      2313128   1630172     41.34      2088   1165136    601808     15.26    180404   1347812     13604
22:23:12      2251788   1691512     42.90      2088   1165148    660776     16.76    180404   1408652     10944
22:23:13      2310236   1633064     41.41      2088   1167752    598784     15.18    180404   1349560     13548
22:23:14      2309740   1633560     41.43      2088   1167828    598536     15.18    180404   1349792     13624
22:23:15      2309992   1633308     41.42      2088   1167828    598536     15.18    180404   1349816     13624
22:23:16      2310652   1632648     41.40      2088   1167832    599624     15.21    180404   1350832     13628
22:23:17      2299104   1644196     41.70      2088   1167836    608768     15.44    180404   1359260     10964
22:23:18      2300416   1642884     41.66      2088   1167848    610592     15.48    180404   1359652     10976
22:23:19      2290820   1652480     41.91      2088   1167852    618544     15.69    180404   1367980     10980
22:23:20      2211208   1732092     43.92      2088   1167852    697732     17.69    180404   1448880     10980
22:23:21      2301668   1641632     41.63      2088   1170536    603608     15.31    180404   1357500     13664
22:23:22      2301668   1641632     41.63      2088   1170536    603464     15.30    180404   1357684     13472
22:23:23      2302424   1640876     41.61      2088   1170552    604492     15.33    180404   1358688     13448
22:23:24      2294108   1649192     41.82      2088   1170556    610392     15.48    180404   1364072     13452
22:23:25      2296376   1646924     41.77      2088   1170568    612216     15.53    180404   1364456     13464
22:23:26      2290304   1652996     41.92      2088   1170568    616408     15.63    180404   1369864     13464
22:23:27      2296180   1647120     41.77      2088   1173184    606820     15.39    180404   1363008     13380
22:23:28      2295840   1647460     41.78      2088   1173260    608120     15.42    180404   1364508     13388
22:23:29      2291556   1651744     41.89      2088   1173272    611740     15.51    180404   1367944     13400
22:23:30      2286968   1656332     42.00      2088   1173272    617696     15.66    180404   1373564     13400
22:23:31      2279708   1663592     42.19      2088   1173284    625676     15.87    180404   1379580     13412
22:23:32      2282640   1660660     42.11      2088   1173284    623876     15.82    180404   1377572     10748
22:23:33      2283012   1660288     42.10      2088   1173288    624304     15.83    180404   1378012     10752
22:23:34      2170832   1772468     44.95      2088   1173288    733664     18.61    180404   1489456     10752
22:23:35      2287224   1656076     42.00      2088   1175964    613504     15.56    180404   1372408     13428
22:23:36      2288004   1655296     41.98      2088   1175976    614332     15.58    180404   1373272     13440
22:23:37      2282704   1660596     42.11      2088   1175988    617808     15.67    180404   1376612     13452
22:23:38      2282364   1660936     42.12      2088   1176000    621756     15.77    180404   1378768     13464
22:23:39      2282400   1660900     42.12      2088   1176004    618224     15.68    180404   1376856     13472
22:23:40      2247172   1696128     43.01      2088   1178612    651792     16.53    180404   1412760     16080
22:23:41      2282704   1660596     42.11      2088   1178680    615136     15.60    180404   1376624     16148
22:23:42      2282924   1660376     42.11      2088   1178696    614672     15.59    180404   1376336     16164
22:23:43      2282672   1660628     42.11      2088   1178696    615704     15.61    180404   1377204     13500
22:23:44      2278672   1664628     42.21      2088   1178700    619404     15.71    180404   1381044     13504
22:23:45      2278152   1665148     42.23      2088   1178716    621956     15.77    180404   1381840     13520
22:23:46      2269816   1673484     42.44      2088   1178716    629324     15.96    180404   1389068     13520
22:23:47      2135276   1808024     45.85      2088   1178716    762232     19.33    180404   1523268     13520
22:23:48      2278636   1664664     42.21      2088   1181396    616044     15.62    180404   1380676     13600
22:23:49      2278808   1664492     42.21      2088   1181404    615716     15.61    180404   1380660     13544
22:23:50      2277624   1665676     42.24      2088   1181412    616732     15.64    180404   1381632     13552
22:23:51      2278660   1664640     42.21      2088   1181412    616728     15.64    180404   1381580     13552
22:23:52      2269820   1673480     42.44      2088   1181416    626048     15.88    180404   1390144     13556
22:23:53      2262008   1681292     42.64      2088   1181428    636640     16.14    180404   1398704     10968
22:23:54      2261192   1682108     42.66      2088   1181428    635220     16.11    180404   1398108     10900
22:23:55      2263268   1680032     42.60      2088   1181432    635220     16.11    180404   1398044     10904
22:23:56      2189672   1753628     44.47      2088   1184040    701896     17.80    180404   1469428     13512
22:23:57      2270064   1673236     42.43      2088   1184116    621296     15.76    180404   1389000     13588
22:23:58      2270836   1672464     42.41      2088   1184128    621180     15.75    180408   1388932     10684
22:23:59      2260996   1682304     42.66      2088   1184128    632752     16.05    180408   1397636     10684
22:24:00      2259544   1683756     42.70      2088   1184144    634692     16.10    180408   1400148     10700
22:24:01      2254756   1688544     42.82      2088   1184144    640296     16.24    180408   1405796     10700
22:24:02      2253480   1689820     42.85      2088   1184144    640844     16.25    180408   1406300     10700
22:24:03      2258712   1684588     42.72      2088   1184144    634076     16.08    180408   1401332     10700
22:24:04      2225492   1717808     43.56      2088   1186756    664876     16.86    180408   1434636     13312
22:24:05      2264560   1678740     42.57      2088   1186840    625244     15.86    180408   1395384     13396
22:24:06      2256236   1687064     42.78      2088   1186848    631696     16.02    180408   1401804     13404
22:24:07      2263988   1679312     42.59      2088   1186860    625620     15.87    180408   1395188     13416
22:24:08      2263544   1679756     42.60      2088   1186864    629500     15.96    180408   1397292     10752
22:24:09      2260520   1682780     42.67      2088   1186876    630060     15.98    180408   1399932     10764
22:24:10      2260992   1682308     42.66      2088   1189476    625596     15.86    180408   1398168     13364
22:24:11      2260324   1682976     42.68      2088   1189544    625888     15.87    180408   1399044     13436
22:24:12      2260512   1682788     42.67      2088   1189556    625372     15.86    180408   1398684     13448
22:24:13      2261324   1681976     42.65      2088   1189564    626060     15.88    180408   1399444     10856
22:24:14      2256480   1686820     42.78      2088   1189564    631736     16.02    180408   1404096     10792
22:24:15      2248920   1694380     42.97      2088   1189568    632092     16.03    180408   1404876     10796
22:24:16      2245392   1697908     43.06      2088   1189580    644180     16.34    180408   1414792     10808
22:24:17      2249676   1693624     42.95      2088   1189580    641304     16.26    180408   1411660     10808
22:24:18      2247344   1695956     43.01      2088   1189580    643840     16.33    180408   1414160      8208
22:24:19      2209096   1734204     43.98      2088   1192192    676760     17.16    180408   1451264     10756
22:24:20      2253636   1689664     42.85      2088   1192276    630156     15.98    180408   1405652     10840
22:24:21      2253788   1689512     42.85      2088   1192276    631328     16.01    180408   1406600     10840
22:24:22      2250676   1692624     42.92      2088   1192280    634832     16.10    180408   1409892     10844
22:24:23      2244880   1698420     43.07      2088   1192292    641604     16.27    180408   1415184     10856
22:24:24      2242812   1700488     43.12      2088   1192292    644404     16.34    180408   1417880     10840
22:24:25      2234296   1709004     43.34      2088   1192296    652240     16.54    180408   1425592     10852
22:24:26      2241076   1702224     43.17      2088   1192296    643312     16.31    180408   1419004     10852
22:24:27      2159852   1783448     45.23      2088   1194980    721112     18.29    180408   1499448     13536
22:24:28      2244280   1699020     43.09      2088   1194984    637052     16.16    180408   1415600     13540
22:24:29      2240556   1702744     43.18      2088   1194992    641168     16.26    180408   1418456     10672
22:24:30      2236964   1706336     43.27      2088   1195008    647204     16.41    180408   1422752     10688
22:24:31      2237452   1705848     43.26      2088   1195008    647440     16.42    180408   1422752     10688
22:24:32      2227888   1715412     43.50      2088   1195008    655676     16.63    180408   1431248     10688
22:24:33      2223292   1720008     43.62      2088   1197620    655924     16.63    180408   1435900     13300
22:24:34      2239800   1703500     43.20      2088   1197692    639104     16.21    180408   1419424     13372
22:24:35      2240304   1702996     43.19      2088   1197704    638980     16.20    180408   1419384     13384
22:24:36      2240208   1703092     43.19      2088   1197708    638104     16.18    180408   1418856     13388
22:24:37      2238036   1705264     43.24      2088   1197716    643172     16.31    180408   1421896     13396
22:24:38      2235200   1708100     43.32      2088   1197724    646740     16.40    180408   1425812     13404
22:24:39      2088600   1854700     47.03      2088   1197736    790864     20.06    180408   1571520     10752
22:24:40      2236012   1707288     43.30      2088   1200404    639848     16.23    180408   1423040     13420
22:24:41      2235908   1707392     43.30      2088   1200404    639412     16.22    180408   1423200     13420
22:24:42      2236516   1706784     43.28      2088   1200424    640440     16.24    180408   1424248     13448
22:24:43      2232224   1711076     43.39      2088   1200440    646068     16.38    180408   1427120     13464
22:24:44      2230780   1712520     43.43      2088   1200440    646504     16.39    180408   1427616     10864
22:24:45      2117116   1826184     46.31      2088   1200444    759992     19.27    180408   1542840     10800
22:24:46      2143260   1800040     45.65      2088   1203120    730268     18.52    180408   1515560     13476
22:24:47      2230540   1712760     43.43      2088   1203136    641392     16.27    180408   1428296     13492
22:24:48      2230496   1712804     43.44      2088   1203136    642512     16.29    180408   1429196     13492
22:24:49      2228996   1714304     43.47      2088   1203136    644728     16.35    180408   1431292     13492
22:24:50      2227232   1716068     43.52      2088   1203144    647324     16.42    180408   1433928     13500
22:24:51      2221684   1721616     43.66      2088   1203156    653228     16.57    180408   1437200     13512
22:24:52      2220176   1723124     43.70      2088   1203156    655520     16.62    180408   1440004     13512
22:24:53      2217772   1725528     43.76      2088   1203160    657936     16.68    180408   1442560     13516
22:24:54      2123400   1819900     46.15      2088   1205768    748500     18.98    180408   1536780     13524
22:24:55      2224232   1719068     43.59      2088   1205848    645948     16.38    180408   1435040     13540
22:24:56      2224704   1718596     43.58      2088   1205856    647152     16.41    180408   1436052     13548
22:24:57      2221376   1721924     43.67      2088   1205864    649956     16.48    180408   1438676     13556
22:24:58      2220136   1723164     43.70      2088   1205872    654064     16.59    180408   1441096     13568
22:24:59      2208324   1734976     44.00      2088   1205884    661180     16.77    180408   1449844     10680
22:25:00      2044272   1899028     48.16      2088   1205884    828632     21.01    180408   1616336     10688
22:25:01      2219624   1723676     43.71      2088   1208552    647604     16.42    180408   1439456     13356
22:25:02      2219592   1723708     43.71      2088   1208560    647644     16.42    180408   1439636     13364
22:25:03      2219704   1723596     43.71      2088   1208572    648624     16.45    180408   1440492     13480
22:25:04      2209040   1734260     43.98      2088   1208576    659088     16.71    180408   1450604     13484
22:25:05      2211540   1731760     43.92      2088   1208576    658772     16.71    180408   1448300     10820
22:25:06      2202904   1740396     44.14      2088   1208592    666200     16.89    180408   1455536     10836
22:25:07      2200400   1742900     44.20      2088   1208592    669228     16.97    180408   1458656     10836
22:25:08      2202000   1741300     44.16      2088   1208592    669468     16.98    180408   1459120     10836
22:25:09      2176548   1766752     44.80      2088   1211276    689304     17.48    180408   1484108     13520
22:25:10      2212584   1730716     43.89      2088   1211284    651224     16.51    180408   1446264     10864
22:25:11      2211776   1731524     43.91      2088   1211284    652536     16.55    180408   1447464     10864
22:25:12      2205528   1737772     44.07      2088   1211296    662092     16.79    180408   1454148     10876
22:25:13      2200108   1743192     44.21      2088   1211296    662868     16.81    180408   1456388     10876
22:25:14      2199732   1743568     44.22      2088   1211300    669252     16.97    180408   1461272     10880
22:25:15      2037696   1905604     48.33      2088   1211300    828428     21.01    180408   1622192     10868
22:25:16      2205988   1737312     44.06      2088   1213972    656272     16.64    180408   1453392     13540
22:25:17      2206464   1736836     44.05      2088   1213996    656880     16.66    180408   1454104     13564
22:25:18      2200952   1742348     44.19      2088   1213996    663288     16.82    180408   1459732     13564
22:25:19      2198496   1744804     44.25      2088   1214016    665388     16.87    180408   1460316     13584
22:25:20      2190468   1752832     44.45      2088   1214016    671988     17.04    180408   1467136     10920
22:25:21      2193612   1749688     44.37      2088   1214016    671988     17.04    180408   1467072     10920
22:25:22      2021812   1921488     48.73      2088   1214016    838896     21.27    180408   1635556     10920
22:25:23      2201228   1742072     44.18      2088   1216704    656944     16.66    180408   1457948     13608
22:25:24      2200608   1742692     44.19      2088   1216704    656964     16.66    180408   1458048     13608
22:25:25      2200724   1742576     44.19      2088   1216712    656964     16.66    180408   1458020     11016
22:25:26      2196188   1747112     44.31      2088   1216724    666548     16.90    180408   1463792     10964
22:25:27      2191652   1751648     44.42      2088   1216724    671412     17.03    180408   1468592     10964
22:25:28      2089340   1853960     47.02      2088   1216724    771588     19.57    180408   1570564     10964
22:25:29      2196180   1747120     44.31      2088   1219404    660796     16.76    180408   1462716     13644
22:25:30      2196428   1746872     44.30      2088   1219404    660596     16.75    180408   1463116     13444
22:25:31      2196180   1747120     44.31      2088   1219424    660548     16.75    180408   1463016     13456
22:25:32      2196716   1746584     44.29      2088   1219424    661576     16.78    180408   1463716     13456
22:25:33      2187100   1756200     44.54      2088   1219428    670704     17.01    180408   1472904     13460
22:25:34      2188108   1755192     44.51      2088   1219440    670740     17.01    180408   1471140     13472
22:25:35      2180540   1762760     44.70      2088   1219444    678188     17.20    180408   1478780     10708
22:25:36      2178292   1765008     44.76      2088   1219444    679732     17.24    180408   1480256     10708
22:25:37      2087284   1856016     47.07      2088   1219444    768080     19.48    180408   1570140     10708
22:25:38      2034860   1908440     48.40      2088   1222120    819488     20.78    180408   1624704     13384
22:25:39      2189744   1753556     44.47      2088   1222136    663096     16.82    180408   1468976     13400
22:25:40      2190816   1752484     44.44      2088   1222140    664368     16.85    180408   1470028     10740
22:25:41      2177944   1765356     44.77      2088   1222144    676792     17.16    180408   1481696     10744
22:25:42      2173444   1769856     44.88      2088   1222156    682888     17.32    180408   1486048     10756
22:25:43      2176516   1766784     44.80      2088   1222156    680980     17.27    180408   1484708     10756
22:25:44      2161868   1781432     45.18      2088   1222156    693824     17.60    180408   1497520     10756
22:25:45      2175200   1768100     44.84      2088   1222160    679720     17.24    180408   1485224     10760
22:25:46      2157764   1785536     45.28      2088   1224832    693640     17.59    180408   1502052     13432
22:25:47      2182044   1761256     44.66      2088   1224852    668984     16.97    180408   1477576     13452
22:25:48      2182320   1760980     44.66      2088   1224856    668980     16.96    180408   1477564     13456
22:25:49      2171752   1771548     44.93      2088   1224860    679048     17.22    180408   1486936     13460
22:25:50      2174272   1769028     44.86      2088   1224872    680148     17.25    180408   1486236     13472
22:25:51      2166208   1777092     45.07      2088   1224872    688248     17.45    180408   1493892     10808
22:25:52      2163336   1779964     45.14      2088   1224872    691916     17.55    180408   1496492     10808
22:25:53      2088256   1855044     47.04      2088   1227548    759976     19.27    180408   1570744     13484
22:25:54      2172648   1770652     44.90      2088   1227564    675144     17.12    180408   1485936     13500
22:25:55      2174004   1769296     44.87      2088   1227576    675972     17.14    180408   1486792     13512
22:25:56      2166948   1776352     45.05      2088   1227584    681864     17.29    180408   1491920     10856
22:25:57      2165908   1777392     45.07      2088   1227596    684272     17.35    180408   1492708     10868
22:25:58      2162272   1781028     45.17      2088   1227596    687500     17.43    180408   1496020     10868
22:25:59      2166776   1776524     45.05      2088   1227600    682552     17.31    180408   1492824     10872
22:26:00      1990944   1952356     49.51      2088   1230208    852360     21.62    180408   1667396     13480
22:26:01      2068116   1875184     47.55      2088   1230272    775300     19.66    180408   1590624     10652
22:26:02      2168412   1774888     45.01      2088   1230276    675136     17.12    180408   1490516     10668
22:26:03      2168696   1774604     45.00      2088   1230288    674940     17.12    180408   1490380     10692
22:26:04      2165888   1777412     45.07      2088   1230288    677572     17.18    180408   1491880     10692
22:26:05      2165388   1777912     45.09      2088   1230288    682956     17.32    180408   1494380     10692
22:26:06      2160512   1782788     45.21      2088   1230300    686676     17.41    180408   1499076     10704
22:26:07      2159072   1784228     45.25      2088   1230300    689616     17.49    180408   1500924     10704
22:26:08      2116720   1826580     46.32      2088   1232972    727016     18.44    180408   1543060     13376
22:26:09      2163056   1780244     45.15      2088   1232980    679708     17.24    180408   1496208     13384
22:26:10      2160256   1783044     45.22      2088   1232996    682100     17.30    180408   1498656     13400
22:26:11      2157984   1785316     45.27      2088   1233000    686252     17.40    180408   1502232     10740
22:26:12      2154516   1788784     45.36      2088   1233008    690604     17.51    180408   1504260     10748
22:26:13      2152148   1791152     45.42      2088   1233012    694264     17.61    180408   1508140     10752
22:26:14      2152476   1790824     45.41      2088   1233012    691528     17.54    180408   1507356     10752
22:26:15      2152928   1790372     45.40      2088   1233016    689456     17.48    180408   1506036     10756
22:26:16      2047908   1895392     48.07      2088   1235688    793004     20.11    180408   1612104     10828
22:26:17      2156132   1787168     45.32      2088   1235704    683708     17.34    180408   1502916     10780
22:26:18      2157088   1786212     45.30      2088   1235712    683720     17.34    180408   1502832     10788
22:26:19      2151228   1792072     45.45      2088   1235728    690364     17.51    180408   1507256     10804
22:26:20      2151948   1791352     45.43      2088   1235728    691052     17.52    180408   1507956     10804
22:26:21      2145148   1798152     45.60      2088   1235728    697816     17.70    180408   1514604     10804
22:26:22      1961692   1981608     50.25      2088   1235728    877828     22.26    180408   1696092     10804
22:26:23      2066504   1876796     47.59      2088   1238404    770684     19.54    180408   1592676     13480
22:26:24      2150892   1792408     45.45      2088   1238408    685040     17.37    180408   1507600     13484
22:26:25      2150936   1792364     45.45      2088   1238420    685064     17.37    180408   1507668     13496
22:26:26      2150952   1792348     45.45      2088   1238424    685996     17.40    180408   1508572     10836
22:26:27      2146368   1796932     45.57      2088   1238440    693096     17.58    180408   1513212     10852
22:26:28      2147376   1795924     45.54      2088   1238440    693644     17.59    180408   1513156     10852
22:26:29      2139500   1803800     45.74      2088   1238440    700884     17.77    180408   1520204     10852
22:26:30      1992080   1951220     49.48      2088   1238440    847296     21.49    180408   1668104     10852
22:26:31      2140596   1802704     45.72      2088   1241120    694468     17.61    180408   1518480     13532
22:26:32      2145384   1797916     45.59      2088   1241136    689088     17.47    180408   1513140     10872
22:26:33      2146360   1796940     45.57      2088   1241140    690116     17.50    180408   1514220     10884
22:26:34      2137572   1805728     45.79      2088   1241144    697544     17.69    180408   1521128     10888
22:26:35      2136720   1806580     45.81      2088   1241152    701148     17.78    180408   1522840     10896
22:26:36      2134296   1809004     45.88      2088   1241160    702240     17.81    180408   1524520     10904
22:26:37      2136500   1806800     45.82      2088   1241160    702240     17.81    180408   1524512     10664
22:26:38      2117412   1825888     46.30      2088   1241160    718620     18.22    180408   1542600     10668
22:26:39      2071452   1871848     47.47      2088   1243844    760556     19.29    180408   1587536     13352
22:26:40      2138636   1804664     45.77      2088   1243844    693632     17.59    180408   1520880     13352
22:26:41      2135240   1808060     45.85      2088   1243856    695968     17.65    180408   1522964     13364
22:26:42      2129500   1813800     46.00      2088   1243872    705208     17.88    180408   1529948     10716
22:26:43      2121780   1821520     46.19      2088   1243872    713608     18.10    180408   1538304     10716
22:26:44      1993548   1949752     49.44      2088   1246472    836140     21.20    180408   1665340     13316
22:26:45      2136296   1807004     45.82      2088   1246552    693356     17.58    180408   1523096     13396
22:26:46      2135856   1807444     45.84      2088   1246556    693184     17.58    180408   1523196     13400
22:26:47      2135792   1807508     45.84      2088   1246572    693184     17.58    180408   1523184     10816
22:26:48      2134228   1809072     45.88      2088   1246572    695460     17.64    180408   1525204     10752
22:26:49      2130700   1812600     45.97      2088   1246592    701784     17.80    180408   1528952     10772
22:26:50      2134116   1809184     45.88      2088   1246592    699372     17.74    180408   1526580     10772
22:26:51      2014896   1928404     48.90      2088   1246592    815492     20.68    180408   1644904     10776
22:26:52      1950060   1993240     50.55      2088   1249268    876552     22.23    180408   1708300     13452
22:26:53      2131156   1812144     45.96      2088   1249272    694804     17.62    180408   1527972     13456
22:26:54      2131060   1812240     45.96      2088   1249284    694980     17.62    180408   1527884     13468
22:26:55      2130840   1812460     45.96      2088   1249288    696060     17.65    180408   1528984     13472
22:26:56      2119216   1824084     46.26      2088   1249292    708612     17.97    180408   1540928     13476
22:26:57      2120724   1822576     46.22      2088   1249292    708864     17.98    180408   1539328     10876
22:26:58      2112412   1830888     46.43      2088   1249304    717308     18.19    180408   1547344     10824
22:26:59      2113640   1829660     46.40      2088   1249304    717328     18.19    180408   1547368     10824
22:27:00      2118644   1824656     46.27      2088   1249308    706348     17.91    180408   1538608     10832
22:27:01      2112888   1830412     46.42      2088   1251916    710156     18.01    180408   1545848     13540
22:27:02      2002724   1940576     49.21      2088   1251992    820156     20.80    180408   1655888     11020
22:27:03      2121980   1821320     46.19      2088   1251996    700748     17.77    180408   1536576     10960
22:27:04      2119964   1823336     46.24      2088   1252004    703536     17.84    180408   1538824     10968
22:27:05      2116940   1826360     46.32      2088   1252016    709984     18.00    180408   1542704     10980
22:27:06      2118152   1825148     46.28      2088   1252016    710316     18.01    180408   1542804     10980
22:27:07      1986380   1956920     49.63      2088   1252024    839196     21.28    180408   1673112     10772
22:27:08      2113632   1829668     46.40      2088   1254692    707704     17.95    180408   1545236     13452
22:27:09      2118164   1825136     46.28      2088   1254708    702952     17.83    180408   1541104     13468
22:27:10      2118168   1825132     46.28      2088   1254712    702952     17.83    180408   1541224     13472
22:27:11      2117664   1825636     46.30      2088   1254712    703968     17.85    180408   1542224     13472
22:27:12      2109540   1833760     46.50      2088   1254712    711588     18.05    180408   1549224     10872
22:27:13      2109592   1833708     46.50      2088   1254732    713776     18.10    180408   1549752     10828
22:27:14      2103732   1839568     46.65      2088   1254732    718948     18.23    180408   1555108     10828
22:27:15      2101016   1842284     46.72      2088   1254732    722768     18.33    180408   1558676     10828
22:27:16      1917308   2025992     51.38      2088   1254736    905940     22.97    180408   1743312     10832
22:27:17      2105292   1838008     46.61      2088   1257412    712636     18.07    180408   1553460     13508
22:27:18      2109828   1833472     46.50      2088   1257412    708768     17.97    180408   1549560     10844
22:27:19      2103760   1839540     46.65      2088   1257432    715864     18.15    180408   1556292     10864
22:27:20      2102756   1840544     46.68      2088   1257432    714288     18.11    180408   1554692     10864
22:27:21      2102912   1840388     46.67      2088   1257444    719028     18.23    180408   1557612     10876
22:27:22      2097840   1845460     46.80      2088   1257444    721948     18.31    180408   1561700     10876
22:27:23      1979700   1963600     49.80      2088   1260056    835840     21.20    180408   1678544     10824
22:27:24      2104256   1839044     46.64      2088   1260132    711776     18.05    180408   1554704     10900
22:27:25      2105740   1837560     46.60      2088   1260140    709540     17.99    180408   1552652     10908
22:27:26      2106684   1836616     46.58      2088   1260144    709800     18.00    180408   1552848     10912
22:27:27      2100216   1843084     46.74      2088   1260144    711252     18.04    180408   1554740     10912
22:27:28      2104512   1838788     46.63      2088   1260160    713980     18.11    180408   1555768     10928
22:27:29      1949784   1993516     50.55      2088   1260160    867448     22.00    180408   1709896     10928
