Linux 5.10.234-225.910.amzn2.x86_64 (ip-10-0-150-141.us-west-2.compute.internal) 	03/26/25 	_x86_64_	(2 CPU)

03:51:31        CPU     %user     %nice   %system   %iowait    %steal     %idle
03:51:32        all     73.37      0.00      5.53      0.00     18.09      3.02
03:51:33        all     40.49      0.00      5.85      3.90     10.73     39.02
03:51:34        all     50.00      0.00      3.50      0.00      7.50     39.00
03:51:35        all     45.00      0.00      2.50      0.00      2.50     50.00
03:51:36        all     46.23      0.00      3.02      0.00      2.01     48.74
03:51:37        all     44.67      0.00      4.57      0.00      3.55     47.21
03:51:38        all     40.69      0.00      3.92      0.00      9.31     46.08
03:51:39        all     15.08      0.00      2.51      0.00      2.51     79.90
03:51:40        all      3.48      0.00      2.99      0.00      4.48     89.05
03:51:41        all      5.50      0.00      3.00      0.00      3.50     88.00
03:51:42        all     18.14      0.00      1.96      0.00      9.31     70.59
03:51:43        all     18.54      0.00     10.24      1.46     10.73     59.02
03:51:44        all     12.50      0.00      8.00      0.00     10.50     69.00
03:51:45        all     13.73      0.00      6.86      0.00      6.37     73.04
03:51:46        all     15.27      0.00      4.93      0.00      2.46     77.34
03:51:47        all     21.67      0.00      8.87      0.00      6.40     63.05
03:51:48        all     12.87      0.00      6.44      0.00      8.91     71.78
03:51:49        all     21.84      0.00      6.31      4.85     10.68     56.31
03:51:50        all     19.12      0.00      6.37      0.00      5.39     69.12
03:51:51        all     16.67      0.00      5.88      0.00     10.29     67.16
03:51:52        all     27.09      0.00      3.94      0.00     17.73     51.23
03:51:53        all     18.23      0.00      9.85      0.00     12.32     59.61
03:51:54        all     11.33      0.00      8.37      5.42      5.91     68.97
03:51:55        all     13.50      0.00      4.50      1.00      5.00     76.00
03:51:56        all     36.76      0.00      9.31      0.00     14.71     39.22
03:51:57        all     11.33      0.00      2.46      0.00      8.87     77.34
03:51:58        all      9.27      0.00      2.44      0.00      2.44     85.85
03:51:59        all     32.34      0.00      5.47      0.00     11.94     50.25
03:52:00        all      9.18      0.00      6.28      7.25      7.73     69.57
03:52:01        all     23.15      0.00      5.91      0.00     11.33     59.61
03:52:02        all      4.74      0.00      4.27      0.00     16.11     74.88
03:52:03        all      6.85      0.00      8.68      0.00     28.31     56.16
03:52:04        all      7.48      0.00      5.14      0.00     22.43     64.95
03:52:05        all     33.33      0.00     13.51      0.90     31.53     20.72
03:52:06        all     11.17      0.00      4.85      0.00      8.25     75.73
03:52:07        all     12.56      0.00      8.21      0.00     18.84     60.39
03:52:08        all     14.36      0.00      3.47      0.00      9.41     72.77
03:52:09        all     35.15      0.00      9.90      0.00     13.86     41.09
03:52:10        all     18.91      0.00      5.47      0.00     12.94     62.69
03:52:11        all      6.00      0.00      5.00      0.00      3.00     86.00
03:52:12        all     39.70      0.00      9.05      0.00      4.52     46.73
03:52:13        all     15.76      0.00      3.45      0.00      9.85     70.94
03:52:14        all     19.21      0.00      5.91      0.49     10.34     64.04
03:52:15        all     26.21      0.00      9.22      0.00     12.14     52.43
03:52:16        all     14.43      0.00      4.48      0.00      4.48     76.62
03:52:17        all     10.29      0.00      6.37      0.00      9.31     74.02
03:52:18        all     26.24      0.00      4.46      0.00     12.38     56.93
03:52:19        all     17.16      0.00      7.84      0.00     14.71     60.29
03:52:20        all     12.00      0.00      4.50      0.50      6.00     77.00
03:52:21        all     19.51      0.00      5.37      0.00     15.12     60.00
03:52:22        all     25.24      0.00      8.25      0.00     20.87     45.63
03:52:23        all      8.78      0.00      2.93      0.00      7.80     80.49
03:52:24        all     12.38      0.00     10.40      0.00      9.90     67.33
03:52:25        all     20.79      0.00      2.48      0.00      7.92     68.81
03:52:26        all     17.17      0.00      8.59      0.51      6.06     67.68
03:52:27        all     18.14      0.00      7.35      0.00      8.82     65.69
03:52:28        all      9.45      0.00      3.48      0.00      9.95     77.11
03:52:29        all     32.67      0.00      8.91      0.00     16.34     42.08
03:52:30        all     10.95      0.00      1.99      0.00      7.46     79.60
03:52:31        all     15.61      0.00      5.85      0.49      4.39     73.66
03:52:32        all     18.59      0.00      1.01      0.00     10.55     69.85
03:52:33        all     20.49      0.00     10.24      0.00     16.10     53.17
03:52:34        all     10.95      0.00      2.49      0.00      3.48     83.08
03:52:35        all     23.88      0.00      6.47      0.00     10.45     59.20
03:52:36        all     14.78      0.00      3.94      0.49      7.39     73.40
03:52:37        all     23.04      0.00      8.82      0.00     10.29     57.84
03:52:38        all     15.94      0.00      6.28      0.00     14.98     62.80
03:52:39        all     19.80      0.00      1.98      0.00      9.41     68.81
03:52:40        all     20.30      0.00     10.40      0.00      9.90     59.41
03:52:41        all     13.86      0.00      4.95      0.00      7.43     73.76
03:52:42        all     24.51      0.00      6.37      0.00     12.25     56.86
03:52:43        all     13.79      0.00      4.93      0.00      8.37     72.91
03:52:44        all     19.02      0.00      6.34      0.00      8.29     66.34
03:52:45        all     12.81      0.00      4.43      0.49      8.37     73.89
03:52:46        all     18.09      0.00      1.51      0.00      8.04     72.36
03:52:47        all     30.24      0.00     10.73      0.00     11.71     47.32
03:52:48        all     11.33      0.00      4.43      0.00      9.36     74.88
03:52:49        all     25.37      0.00      5.47      0.00     10.45     58.71
03:52:50        all     24.88      0.00      8.29      0.00     12.68     54.15
03:52:51        all     10.29      0.00      3.92      0.49      6.37     78.92
03:52:52        all     29.00      0.00      5.00      0.00      7.50     58.50
03:52:53        all     10.00      0.00      4.00      0.00      4.00     82.00
03:52:54        all     17.41      0.00      4.98      0.00      4.98     72.64
03:52:55        all     18.63      0.00      3.92      0.00      8.82     68.63
03:52:56        all     20.30      0.00      6.93      0.50      7.92     64.36
03:52:57        all     23.88      0.00      6.47      0.00      8.46     61.19
03:52:58        all      9.66      0.00      5.31      0.00     10.14     74.88
03:52:59        all     29.85      0.00      3.48      0.00     13.43     53.23
03:53:00        all     11.88      0.00      6.44      0.00      6.44     75.25
03:53:01        all     10.34      0.00      4.93      0.49      4.43     79.80
03:53:02        all      9.85      0.00      1.97      0.00     10.34     77.83
03:53:03        all     13.33      0.00      5.24      0.00     26.67     54.76
03:53:04        all     17.22      0.00      5.74      0.00     20.57     56.46
03:53:05        all     12.20      0.00      5.37      0.00     15.61     66.83
03:53:06        all     11.33      0.00      1.97      0.49      7.88     78.33
03:53:07        all     19.21      0.00      7.39      0.00      9.85     63.55
03:53:08        all     25.00      0.00      6.37      0.00     15.20     53.43
03:53:09        all      8.37      0.00      3.45      0.00      4.43     83.74
03:53:10        all     28.36      0.00      7.96      0.00      6.47     57.21
03:53:11        all     21.57      0.00      1.96      0.00      8.33     68.14
03:53:12        all     21.29      0.00     11.39      0.00     15.35     51.98
03:53:13        all     16.42      0.00      5.47      0.00      6.47     71.64
03:53:14        all     16.10      0.00      9.27      0.00      8.78     65.85
03:53:15        all     18.41      0.00      1.99      0.00      6.97     72.64
03:53:16        all     19.21      0.00      6.90      0.00      8.87     65.02
03:53:17        all     18.72      0.00      6.40      0.49      7.39     67.00
03:53:18        all     14.78      0.00      2.96      0.00      5.91     76.35
03:53:19        all     27.09      0.00      3.94      0.00     12.81     56.16
03:53:20        all     11.44      0.00      6.47      0.00     10.45     71.64
03:53:21        all     18.14      0.00      6.37      0.00      8.33     67.16
03:53:22        all     24.63      0.00      5.42      0.49     10.84     58.62
03:53:23        all     17.09      0.00      6.53      0.00      7.04     69.35
03:53:24        all     22.06      0.00      8.33      0.00     12.75     56.86
03:53:25        all     18.81      0.00      5.45      0.00      8.91     66.83
03:53:26        all     13.37      0.00      4.46      0.00      5.45     76.73
03:53:27        all     36.63      0.00     10.89      0.00      6.93     45.54
03:53:28        all      5.45      0.00      1.98      0.00      3.47     89.11
03:53:29        all     21.57      0.00      5.39      0.00     10.78     62.25
03:53:30        all     16.75      0.00      6.40      0.00      9.85     67.00
03:53:31        all     18.23      0.00      6.40      0.00     10.84     64.53
03:53:32        all      9.85      0.00      3.94      0.99     10.34     74.88
03:53:33        all     18.54      0.00      5.85      0.00     15.61     60.00
03:53:34        all     25.62      0.00      8.37      0.00     10.84     55.17
03:53:35        all     16.92      0.00      4.48      0.00      7.96     70.65
03:53:36        all     16.26      0.00      6.40      0.00      6.90     70.44
03:53:37        all     21.00      0.00      1.50      0.50      7.00     70.00
03:53:38        all     19.51      0.00      8.78      0.00     11.22     60.49
03:53:39        all     18.81      0.00      3.47      0.00     11.39     66.34
03:53:40        all      9.90      0.00      5.45      0.00      6.93     77.72
03:53:41        all     14.93      0.00      1.49      0.00     11.94     71.64
03:53:42        all     24.88      0.00      8.29      0.00     16.59     50.24
03:53:43        all     14.93      0.00      7.46      0.00     11.44     66.17
03:53:44        all     17.82      0.00      4.95      0.00      5.45     71.78
03:53:45        all     18.32      0.00      1.98      0.00     10.89     68.81
03:53:46        all     22.39      0.00      8.46      0.00      5.47     63.68
03:53:47        all     26.77      0.00      5.56      0.51      7.07     60.10
