Linux 5.10.234-225.917.amzn2.x86_64 (ip-10-0-161-92.us-west-2.compute.internal) 	03/30/25 	_x86_64_	(2 CPU)

21:36:22    kbmemfree kbmemused  %memused kbbuffers  kbcached  kbcommit   %commit  kbactive   kbinact   kbdirty
21:36:23      2806784   1136516     28.82      2088    904932    375088      9.51    180872    858720    172864
21:36:24      2697612   1245688     31.59      2088    907496    517580     13.13    180964    967216    175424
21:36:25      2714064   1229236     31.17      2088    917756    443668     11.25    180980    950652    185696
21:36:26      2614232   1329068     33.70      2088    917756    543528     13.78    180980   1050512    185696
21:36:27      2647788   1295512     32.85      2088    917756    510100     12.94    180980   1017032    172596
21:36:28      2645772   1297528     32.90      2088    917756    512008     12.98    180980   1019036    172536
21:36:29      2645724   1297576     32.91      2088    917756    511120     12.96    181180   1017932    173936
21:36:30      2855760   1087540     27.58      2088    917784    305088      7.74    181308    809724    173980
21:36:31      2880524   1062776     26.95      2088    917840    276844      7.02    181472    783948    174080
21:36:32      2880576   1062724     26.95      2088    917876    277124      7.03    181484    784016    172616
21:36:33      2880544   1062756     26.95      2088    917876    277252      7.03    181484    784156    172580
21:36:34      2880508   1062792     26.95      2088    917880    278260      7.06    181484    785136    172584
21:36:35      2871864   1071436     27.17      2088    917896    290300      7.36    181484    793880    172600
21:36:36      2874188   1069112     27.11      2088    919256    288352      7.31    181484    791016    173960
21:36:37      2864328   1078972     27.36      2088    919268    299652      7.60    181484    801196    173968
21:36:38      2869112   1074188     27.24      2088    920872    290964      7.38    181484    795752    175572
21:36:39      2859468   1083832     27.49      2088    920928    301900      7.66    181484    805956    175628
21:36:40      2862272   1081028     27.41      2088    922288    295828      7.50    181484    802464    176988
21:36:41      2857792   1085508     27.53      2088    922296    302600      7.67    181484    809112    176996
21:36:42      2855152   1088148     27.59      2088    923656    302424      7.67    181484    809740    169448
21:36:43      2858248   1085052     27.52      2088    925168    296864      7.53    181484    806496    170868
21:36:44      2845980   1097320     27.83      2088    925304    309568      7.85    181484    817984    170876
21:36:45      2852232   1091068     27.67      2088    926812    301008      7.63    181484    812504    172384
21:36:46      2844684   1098616     27.86      2088    928156    308672      7.83    181484    819996    173728
21:36:47      2847160   1096140     27.80      2088    928164    305756      7.75    181484    818420    160636
21:36:48      2841560   1101740     27.94      2088    929532    303120      7.69    181484    816760     76192
21:36:49      2833404   1109896     28.15      2088    929548    311068      7.89    181484    824672     76208
21:36:50      2836032   1107268     28.08      2088    931048    309464      7.85    181580    824148     77712
21:36:51      2828188   1115112     28.28      2088    931060    312708      7.93    181580    828240     77724
21:36:52      2833472   1109828     28.14      2088    932568    308996      7.84    181580    824716     79232
21:36:53      2828264   1115036     28.28      2088    932584    312612      7.93    181580    829852     28640
21:36:54      2828844   1114456     28.26      2088    934236    310880      7.88    181580    828576     30300
21:36:55      2823268   1120032     28.40      2088    934248    318840      8.09    181580    835196     30312
21:36:56      2826032   1117268     28.33      2088    935548    312192      7.92    181580    831644     31612
21:36:57      2820220   1123080     28.48      2088    935616    319468      8.10    181580    838412     31692
21:36:58      2823692   1119608     28.39      2088    936964    313224      7.94    181580    834416     20252
21:36:59      2814184   1129116     28.63      2088    936980    324260      8.22    181580    844388     20268
21:37:00      2814720   1128580     28.62      2088    936988    324304      8.22    181580    844220     20276
21:37:01      2815168   1128132     28.61      2088    938336    320136      8.12    181580    843512     21624
21:37:02      2813412   1129888     28.65      2088    938352    326460      8.28    181580    847396     21640
21:37:03      2818096   1125204     28.53      2088    939652    317620      8.05    181580    840604     21540
21:37:04      2809696   1133604     28.75      2088    939712    324840      8.24    181580    848732     21512
21:37:05      2807040   1136260     28.81      2088    939712    329256      8.35    181580    851728     21512
21:37:06      2811428   1131872     28.70      2088    941076    321124      8.14    181580    846548     22876
21:37:07      2803580   1139720     28.90      2088    941080    330036      8.37    181580    854448     22880
21:37:08      2808892   1134408     28.77      2088    942448    322464      8.18    181580    849644     21280
21:37:09      2801568   1141732     28.95      2088    942452    331412      8.40    181580    856768     21284
21:37:10      2806316   1136984     28.83      2088    943812    324268      8.22    181580    852064     22644
21:37:11      2802768   1140532     28.92      2088    945232    326548      8.28    181580    855184     24064
21:37:12      2798124   1145176     29.04      2088    945336    332072      8.42    181580    860520     24168
21:37:13      2801452   1141848     28.96      2088    946696    326460      8.28    181580    857352     25528
21:37:14      2794372   1148928     29.14      2088    946704    335556      8.51    181580    865112     21380
21:37:15      2796812   1146488     29.07      2088    948052    330252      8.38    181580    863036     22728
21:37:16      2795508   1147792     29.11      2088    948072    334368      8.48    181580    865380     22748
21:37:17      2795800   1147500     29.10      2088    949432    333048      8.45    181580    866908     24108
21:37:18      2793564   1149736     29.16      2088    950796    331540      8.41    181580    866508     25472
21:37:19      2788404   1154896     29.29      2088    950808    339616      8.61    181580    872920     21328
21:37:20      2791636   1151664     29.21      2088    952164    332884      8.44    181580    868636     22684
21:37:21      2785972   1157328     29.35      2088    952172    340204      8.63    181580    874904     22692
21:37:22      2783316   1159984     29.42      2088    953484    338728      8.59    181580    876232     24004
21:37:23      2779860   1163440     29.50      2088    953540    344968      8.75    181580    880572     24060
21:37:24      2781648   1161652     29.46      2088    954900    339964      8.62    181580    879368     21860
21:37:25      2777056   1166244     29.58      2088    954912    344256      8.73    181580    882492     21880
21:37:26      2777860   1165440     29.55      2088    956268    340916      8.65    181580    882420     23236
21:37:27      2773576   1169724     29.66      2088    956276    348124      8.83    181580    887564     23244
21:37:28      2777180   1166120     29.57      2088    957624    341280      8.65    181580    882904     24592
21:37:29      2774056   1169244     29.65      2088    957648    346408      8.78    181580    886456     20296
21:37:30      2771716   1171584     29.71      2088    959348    344376      8.73    181580    888040     21996
21:37:31      2768316   1174984     29.80      2088    959456    349592      8.87    181580    892280     22104
21:37:32      2768760   1174540     29.79      2088    960816    346076      8.78    181580    890884     23464
21:37:33      2764728   1178572     29.89      2088    960820    352088      8.93    181580    895188     23468
21:37:34      2767500   1175800     29.82      2088    962184    346520      8.79    181580    892816     22160
21:37:35      2762316   1180984     29.95      2088    962192    352552      8.94    181580    897688     22168
21:37:36      2762712   1180588     29.94      2088    963512    349564      8.86    181580    897364     23488
21:37:37      2759308   1183992     30.03      2088    963560    355572      9.02    181580    901368     23536
21:37:38      2738536   1204764     30.55      2088    965052    372160      9.44    181580    922212     25028
21:37:39      2744040   1199260     30.41      2088    965060    367560      9.32    181580    915200     22452
21:37:40      2751620   1191680     30.22      2088    966412    360084      9.13    181580    909668     23716
21:37:41      2735272   1208028     30.63      2088    966436    375192      9.51    181580    924484     23740
21:37:42      2747260   1196040     30.33      2088    967932    362876      9.20    181580    914056     25236
21:37:43      2742260   1201040     30.46      2088    967952    364432      9.24    181580    915756     25256
21:37:44      2737616   1205684     30.58      2088    969260    369604      9.37    181580    922172     22408
21:37:45      2728360   1214940     30.81      2088    969316    379392      9.62    181580    931900     22464
21:37:46      2709228   1234072     31.30      2088    969328    400056     10.15    181580    952840     22480
21:37:47      2723624   1219676     30.93      2088    970832    383220      9.72    181580    936128     23984
21:37:48      2725136   1218164     30.89      2088    970832    380224      9.64    181580    935184     23984
21:37:49      2702196   1241104     31.47      2088    972192    403456     10.23    181580    959108     21336
21:37:50      2701120   1242180     31.50      2088    972200    401424     10.18    181580    957848     21344
21:37:51      2705748   1237552     31.38      2088    973560    397092     10.07    181584    953580     22704
21:37:52      2708444   1234856     31.32      2088    973568    394392     10.00    181584    951872     22712
21:37:53      2713276   1230024     31.19      2088    974928    389228      9.87    181584    946620     24072
21:37:54      2715536   1227764     31.14      2088    976272    382920      9.71    181584    943888     25416
21:37:55      2716048   1227252     31.12      2088    976292    384720      9.76    181584    943260     20936
21:37:56      2696120   1247180     31.63      2088    976304    405716     10.29    181584    965260     20956
21:37:57      2692300   1251000     31.72      2088    977664    407252     10.33    181584    967896     22316
21:37:58      2711756   1231544     31.23      2088    979024    386860      9.81    181584    948872     23676
21:37:59      2710588   1232712     31.26      2088    979040    388804      9.86    181584    949316     23692
21:38:00      2709780   1233520     31.28      2088    980340    386688      9.81    181584    949472     22320
21:38:01      2709956   1233344     31.28      2088    980400    384716      9.76    181584    949620     22488
21:38:02      2709600   1233700     31.29      2088    980408    389036      9.87    181584    950816     22496
21:38:03      2711132   1232168     31.25      2088    980408    387172      9.82    181584    949492     22496
21:38:04      2695064   1248236     31.65      2088    981760    400212     10.15    181584    965228     23848
21:38:05      2700440   1242860     31.52      2088    981776    398096     10.10    181584    961116     19412
21:38:06      2695456   1247844     31.64      2088    983176    398452     10.10    181584    964292     20812
21:38:07      2700180   1243120     31.52      2088    983288    395000     10.02    181584    959768     20924
21:38:08      2672216   1271084     32.23      2088    984644    419996     10.65    181584    987536     22280
21:38:09      2671904   1271396     32.24      2088    984644    420300     10.66    181584    987452     22280
21:38:10      2674792   1268508     32.17      2088    984660    418228     10.61    181584    985784     19476
21:38:11      2687756   1255544     31.84      2088    986020    407276     10.33    181584    974468     20836
21:38:12      2692012   1251288     31.73      2088    986024    400112     10.15    181584    968112     20840
21:38:13      2684872   1258428     31.91      2088    987388    405440     10.28    181584    975728     22204
21:38:14      2686700   1256600     31.87      2088    987396    404928     10.27    181584    974572     22212
21:38:15      2689068   1254232     31.81      2088    988752    398392     10.10    181584    970372     19408
21:38:16      2689792   1253508     31.79      2088    988764    401136     10.17    181584    971240     19420
21:38:17      2661340   1281960     32.51      2088    990120    420576     10.67    181584    993440     20780
21:38:18      2688808   1254492     31.81      2088    990132    400900     10.17    181584    972452     20792
21:38:19      2679168   1264132     32.06      2088    991468    405024     10.27    181584    980240     22128
21:38:20      2680452   1262848     32.03      2088    991492    405384     10.28    181584    979132     19352
21:38:21      2662776   1280524     32.47      2088    992840    420200     10.66    181584    996372     20680
21:38:22      2669128   1274172     32.31      2088    992860    417396     10.58    181584    991560     20700
21:38:23      2673512   1269788     32.20      2088    994364    407776     10.34    181584    985560     22204
21:38:24      2676420   1266880     32.13      2088    994376    406568     10.31    181584    982752     22216
21:38:25      2678564   1264736     32.07      2088    995716    402412     10.20    181584    980504     19124
21:38:26      2679432   1263868     32.05      2088    995736    401132     10.17    181584    980684     19148
21:38:27      2679620   1263680     32.05      2088    995744    402580     10.21    181584    980508     19156
21:38:28      2678100   1265200     32.08      2088    997100    401372     10.18    181584    982192     20512
21:38:29      2652180   1291120     32.74      2088    998520    427436     10.84    181584   1008108     21932
21:38:30      2673848   1269452     32.19      2088    998616    403272     10.23    181584    984736     18128
21:38:31      2659804   1283496     32.55      2088    998628    421728     10.69    181584   1002552     18024
21:38:32      2672908   1270392     32.22      2088    999988    403152     10.22    181584    986976     19384
21:38:33      2672300   1271000     32.23      2088    999996    405592     10.29    181584    987836     19392
21:38:34      2671004   1272296     32.26      2088   1001336    404400     10.26    181584    988176     20732
21:38:35      2670076   1273224     32.29      2088   1001360    405040     10.27    181584    989352     19356
21:38:36      2647724   1295576     32.86      2088   1002708    427268     10.84    181584   1012024     20660
21:38:37      2666908   1276392     32.37      2088   1002716    405416     10.28    181584    991520     20668
21:38:38      2667852   1275448     32.34      2088   1002732    407420     10.33    181584    992788     20684
21:38:39      2666592   1276708     32.38      2088   1004088    406056     10.30    181584    992828     22040
21:38:40      2662744   1280556     32.47      2088   1004092    410400     10.41    181584    996992     22044
21:38:41      2664744   1278556     32.42      2088   1005508    406604     10.31    181584    994756     20640
21:38:42      2665444   1277856     32.41      2088   1005604    406808     10.32    181584    994904     20736
21:38:43      2664284   1279016     32.44      2088   1005612    408180     10.35    181584    995936     20744
21:38:44      2663048   1280252     32.47      2088   1007028    406340     10.30    181584    996108     22160
21:38:45      2663024   1280276     32.47      2088   1007116    404656     10.26    181584    996116     22248
21:38:46      2618704   1324596     33.59      2088   1007128    453116     11.49    181584   1042996     18252
