Linux 5.10.234-225.910.amzn2.x86_64 (ip-10-0-178-9.ec2.internal) 	03/22/25 	_x86_64_	(2 CPU)

00:20:41        CPU     %user     %nice   %system   %iowait    %steal     %idle
00:20:42        all     76.88      0.00      4.52      1.01     11.56      6.03
00:20:43        all     41.46      0.00      7.80      0.49     13.17     37.07
00:20:44        all     27.09      0.00      1.48      0.00     22.66     48.77
00:20:45        all     34.50      0.00      2.50      0.00     13.50     49.50
00:20:46        all     36.68      0.00      1.51      0.00     12.06     49.75
00:20:47        all     35.64      0.00      1.49      0.00     14.85     48.02
00:20:48        all     35.78      0.00      3.43      0.00     16.67     44.12
00:20:49        all     34.80      0.00      3.92      0.00     15.20     46.08
00:20:50        all     34.80      0.00      6.37      0.00     13.24     45.59
00:20:51        all      5.00      0.00      0.50      0.00      2.00     92.50
00:20:52        all      0.00      0.00      0.00      0.00      0.00    100.00
00:20:53        all      1.51      0.00      0.50      0.00      1.01     96.98
00:20:54        all      2.53      0.00      2.02      0.00      1.01     94.44
00:20:55        all      0.00      0.00      0.00      1.51      0.00     98.49
00:20:56        all      0.50      0.00      0.00      0.00      0.50     99.00
00:20:57        all      0.00      0.00      0.00      0.00      0.00    100.00
00:20:58        all      0.50      0.00      0.00      0.00      0.00     99.50
00:20:59        all      4.93      0.00      1.48      0.00      1.97     91.63
00:21:00        all      0.00      0.00      0.00      2.01      0.00     97.99
00:21:01        all      0.00      0.00      0.00      0.00      0.00    100.00
00:21:02        all      0.00      0.00      0.00      0.00      0.00    100.00
00:21:03        all      0.00      0.00      0.00      0.00      0.00    100.00
00:21:04        all      0.00      0.00      0.00      0.00      0.00    100.00
00:21:05        all      0.00      0.00      1.49      5.97      0.50     92.04
00:21:06        all      0.00      0.00      0.00      0.00      0.00    100.00
00:21:07        all      0.00      0.00      0.00      0.00      0.00    100.00
00:21:08        all      0.00      0.00      0.00      0.00      0.50     99.50
00:21:09        all      0.00      0.00      0.00      0.00      0.00    100.00
00:21:10        all      0.00      0.00      0.00      0.00      0.00    100.00
00:21:11        all      0.00      0.00      1.99      6.97      1.49     89.55
00:21:12        all      0.00      0.00      0.00      0.00      0.00    100.00
00:21:13        all      0.00      0.00      0.00      0.00      0.00    100.00
00:21:14        all      0.00      0.00      0.00      0.00      0.00    100.00
00:21:15        all      0.00      0.00      0.50      0.00      0.00     99.50
00:21:16        all      0.00      0.00      0.00      2.01      0.00     97.99
00:21:17        all      0.50      0.00      0.00      0.00      0.00     99.50
00:21:18        all      1.00      0.00      0.00      0.00      0.50     98.51
00:21:19        all      0.00      0.00      0.50      0.00      0.00     99.50
00:21:20        all      0.00      0.00      0.00      0.00      0.00    100.00
00:21:21        all      0.00      0.00      0.00      0.00      0.00    100.00
00:21:22        all      0.00      0.00      0.50      0.00      0.00     99.50
00:21:23        all      0.00      0.00      0.50      0.00      0.00     99.50
00:21:24        all     17.24      0.00      5.42      0.00      2.46     74.88
