Linux 5.10.234-225.910.amzn2.x86_64 (ip-10-0-178-9.ec2.internal) 	03/22/25 	_x86_64_	(2 CPU)

00:20:41    kbmemfree kbmemused  %memused kbbuffers  kbcached  kbcommit   %commit  kbactive   kbinact   kbdirty
00:20:42      2808372   1134928     28.78      2088    901084    386064      9.79    170448    866860    172388
00:20:43      2748184   1195116     30.31      2088    914004    393940      9.99    178984    918412    185328
00:20:44      2740372   1202928     30.51      2088    914004    402048     10.20    179060    926428    185328
00:20:45      2693036   1250264     31.71      2088    914000    466860     11.84    179100    975288    185328
00:20:46      2620924   1322376     33.53      2088    914000    538772     13.66    179100   1047088    185328
00:20:47      2654228   1289072     32.69      2088    914000    504816     12.80    179100   1013004    185328
00:20:48      2652716   1290584     32.73      2088    914000    505840     12.83    179104   1013988    185344
00:20:49      2651456   1291844     32.76      2088    914000    507092     12.86    179104   1015380    185344
00:20:50      2651692   1291608     32.75      2088    914000    506200     12.84    179204   1014396    185344
00:20:51      2861580   1081720     27.43      2088    913932    293340      7.44    179616    803968    185392
00:20:52      2861580   1081720     27.43      2088    913932    293340      7.44    179616    803968    185392
00:20:53      2859996   1083304     27.47      2088    914088    300972      7.63    179784    806440    185396
00:20:54      2884960   1058340     26.84      2088    914128    274588      6.96    179924    781180    185552
00:20:55      2884960   1058340     26.84      2088    914128    274636      6.96    179924    781216    172536
00:20:56      2884960   1058340     26.84      2088    914128    274772      6.97    179924    781280    172536
00:20:57      2884960   1058340     26.84      2088    914128    274772      6.97    179924    781308    172536
00:20:58      2884960   1058340     26.84      2088    914132    274772      6.97    179924    781420    172540
00:20:59      2883384   1059916     26.88      2088    914588    280428      7.11    179924    783264    172996
00:21:00      2883384   1059916     26.88      2088    914588    280428      7.11    179924    783264    171676
00:21:01      2883384   1059916     26.88      2088    914588    280428      7.11    179924    783264    171676
00:21:02      2883384   1059916     26.88      2088    914588    280428      7.11    179924    783264    171676
00:21:03      2883384   1059916     26.88      2088    914588    280428      7.11    179924    783264    171676
00:21:04      2883384   1059916     26.88      2088    914588    280428      7.11    179924    783264    171676
00:21:05      2880220   1063080     26.96      2088    914588    280428      7.11    179924    783264     95876
00:21:06      2880268   1063032     26.96      2088    914588    280428      7.11    179924    783268     95848
00:21:07      2880268   1063032     26.96      2088    914588    280428      7.11    179924    783268     95848
00:21:08      2880268   1063032     26.96      2088    914588    280428      7.11    179924    783268     95848
00:21:09      2880268   1063032     26.96      2088    914588    278352      7.06    179924    783260     95848
00:21:10      2880268   1063032     26.96      2088    914588    278352      7.06    179924    783260     95848
00:21:11      2878588   1064712     27.00      2088    914588    278352      7.06    179924    783344     14340
00:21:12      2878588   1064712     27.00      2088    914588    278352      7.06    179924    783344     14340
00:21:13      2878588   1064712     27.00      2088    914588    278352      7.06    179924    783344     14340
00:21:14      2878588   1064712     27.00      2088    914588    278352      7.06    179924    783344     14340
00:21:15      2878588   1064712     27.00      2088    914588    278352      7.06    179924    783344     14340
00:21:16      2879084   1064216     26.99      2088    914588    278352      7.06    179924    783344       308
00:21:17      2879084   1064216     26.99      2088    914592    278352      7.06    179924    783344       320
00:21:18      2878328   1064972     27.01      2088    914592    278608      7.07    180020    783252       324
00:21:19      2878328   1064972     27.01      2088    914592    278608      7.07    180020    783312       324
00:21:20      2878328   1064972     27.01      2088    914592    278608      7.07    180020    783312       324
00:21:21      2878328   1064972     27.01      2088    914592    278608      7.07    180020    783312       420
00:21:22      2878336   1064964     27.01      2088    914592    278608      7.07    180020    783312       420
00:21:23      2878336   1064964     27.01      2088    914592    278608      7.07    180020    783312       420
00:21:24      2833888   1109412     28.13      2088    914592    322876      8.19    180820    826656       420
