Linux 5.10.234-225.910.amzn2.x86_64 (ip-10-0-131-102.ec2.internal) 	03/22/25 	_x86_64_	(2 CPU)

00:20:44        CPU     %user     %nice   %system   %iowait    %steal     %idle
00:20:45        all     74.87      0.00      6.03      1.01     15.08      3.02
00:20:46        all     39.23      0.00      9.09      0.48     17.70     33.49
00:20:47        all     33.17      0.00      2.93      0.00     15.12     48.78
00:20:48        all     41.38      0.00      3.45      0.00      6.40     48.77
00:20:49        all     43.28      0.00      3.48      0.00      3.98     49.25
00:20:50        all     44.06      0.00      3.47      0.00      6.44     46.04
00:20:51        all     41.50      0.00      6.00      0.00      6.50     46.00
00:20:52        all     23.50      0.00      1.50      0.00      3.50     71.50
00:20:53        all      0.00      0.00      0.00      0.00      0.00    100.00
00:20:54        all      0.00      0.00      0.00      0.00      0.00    100.00
00:20:55        all      0.00      0.00      0.00      0.00      0.00    100.00
00:20:56        all      1.51      0.00      1.01      1.51      0.00     95.98
00:20:57        all      3.02      0.00      1.51      0.00      1.51     93.97
00:20:58        all      3.50      0.00      2.00      0.00      1.00     93.50
00:20:59        all      0.50      0.00      0.00      0.00      0.50     99.00
00:21:00        all      0.00      0.00      0.00      0.00      0.00    100.00
00:21:01        all      0.00      0.00      0.00      2.01      0.00     97.99
00:21:02        all      0.00      0.00      0.00      0.00      0.00    100.00
00:21:03        all      0.00      0.00      0.00      0.00      0.00    100.00
00:21:04        all      0.00      0.00      0.00      0.00      0.00    100.00
00:21:05        all      0.00      0.00      0.00      0.00      0.00    100.00
00:21:06        all      0.00      0.00      0.50      4.00      0.50     95.00
00:21:07        all      0.00      0.00      0.00      0.00      0.00    100.00
00:21:08        all      0.00      0.00      0.00      0.00      0.00    100.00
00:21:09        all      0.00      0.00      0.00      0.00      0.50     99.50
00:21:10        all      0.00      0.00      0.00      0.00      0.00    100.00
00:21:11        all      0.00      0.00      1.00      4.50      0.50     94.00
00:21:12        all      0.00      0.00      1.49      4.48      0.50     93.53
00:21:13        all      0.00      0.00      0.00      0.00      0.00    100.00
00:21:14        all      0.00      0.00      0.00      0.00      0.00    100.00
00:21:15        all      0.00      0.00      0.00      0.00      0.00    100.00
00:21:16        all      0.00      0.00      0.00      0.00      0.00    100.00
00:21:17        all      0.00      0.00      0.99      3.45      0.99     94.58
00:21:18        all      0.00      0.00      0.50      0.00      0.00     99.50
00:21:19        all      0.00      0.00      0.00      0.00      0.00    100.00
00:21:20        all      0.00      0.00      0.00      0.00      0.00    100.00
00:21:21        all      0.00      0.00      0.50      0.00      0.00     99.50
00:21:22        all      0.00      0.00      0.00      0.00      0.00    100.00
00:21:23        all      0.50      0.00      0.00      0.00      0.50     99.01
00:21:24        all      0.00      0.00      0.00      0.00      0.00    100.00
00:21:25        all      0.00      0.00      0.00      0.00      0.00    100.00
00:21:26        all      0.00      0.00      0.50      0.00      0.00     99.50
00:21:27        all     15.84      0.00      2.97      0.00     10.89     70.30
