Linux 5.10.234-225.910.amzn2.x86_64 (ip-10-0-131-102.ec2.internal) 	03/22/25 	_x86_64_	(2 CPU)

00:20:44    kbmemfree kbmemused  %memused kbbuffers  kbcached  kbcommit   %commit  kbactive   kbinact   kbdirty
00:20:45      2806396   1136904     28.83      2088    900912    406216     10.30    170776    868504    172592
00:20:46      2752680   1190620     30.19      2088    913832    408788     10.37    178788    915216    185536
00:20:47      2731512   1211788     30.73      2088    913832    430016     10.90    179344    936056    185536
00:20:48      2658684   1284616     32.58      2088    913832    502776     12.75    179396   1008828    185536
00:20:49      2652324   1290976     32.74      2088    913832    508972     12.91    179396   1014704    185536
00:20:50      2651376   1291924     32.76      2088    913832    510252     12.94    179396   1016012    185536
00:20:51      2649612   1293688     32.81      2088    913832    511820     12.98    179416   1017696    185536
00:20:52      2859640   1083660     27.48      2088    913772    297564      7.55    179960    805884    185568
00:20:53      2859696   1083604     27.48      2088    913768    297564      7.55    180000    805800    185584
00:20:54      2859696   1083604     27.48      2088    913768    297564      7.55    180000    805800    185584
00:20:55      2859696   1083604     27.48      2088    913768    297564      7.55    180000    805800    185584
00:20:56      2858364   1084936     27.51      2088    913928    305336      7.74    180188    808388    173660
00:20:57      2882036   1061264     26.91      2088    913968    278972      7.07    180320    783152    173804
00:20:58      2881912   1061388     26.92      2088    914272    282548      7.17    180320    784716    174108
00:20:59      2882028   1061272     26.91      2088    914368    282424      7.16    180320    784780    174204
00:21:00      2882004   1061296     26.91      2088    914448    282424      7.16    180320    784776    174284
00:21:01      2882004   1061296     26.91      2088    914448    282424      7.16    180320    784780    171700
00:21:02      2882004   1061296     26.91      2088    914448    282424      7.16    180320    784780    171700
00:21:03      2882004   1061296     26.91      2088    914448    282424      7.16    180320    784780    171700
00:21:04      2882004   1061296     26.91      2088    914448    282424      7.16    180320    784780    171700
00:21:05      2882004   1061296     26.91      2088    914448    282424      7.16    180320    784780    171700
00:21:06      2880708   1062592     26.95      2088    914448    282424      7.16    180320    784784    134164
00:21:07      2880708   1062592     26.95      2088    914448    282424      7.16    180320    784784    134164
00:21:08      2880708   1062592     26.95      2088    914448    282424      7.16    180320    784784    134164
00:21:09      2880708   1062592     26.95      2088    914448    282412      7.16    180320    784784    134176
00:21:10      2880708   1062592     26.95      2088    914448    282412      7.16    180320    784784    134176
00:21:11      2879284   1064016     26.98      2088    914448    282412      7.16    180320    784784     92712
00:21:12      2876540   1066760     27.05      2088    914448    282412      7.16    180320    784784     29172
00:21:13      2876540   1066760     27.05      2088    914448    282412      7.16    180320    784784     29172
00:21:14      2876540   1066760     27.05      2088    914448    282412      7.16    180320    784784     29172
00:21:15      2876540   1066760     27.05      2088    914448    282412      7.16    180320    784784     29172
00:21:16      2876540   1066760     27.05      2088    914448    282412      7.16    180320    784784     29172
00:21:17      2876332   1066968     27.06      2088    914448    282412      7.16    180320    784784       472
00:21:18      2876308   1066992     27.06      2088    914448    282412      7.16    180420    784688       344
00:21:19      2876308   1066992     27.06      2088    914448    282412      7.16    180420    784688       344
00:21:20      2876308   1066992     27.06      2088    914452    282412      7.16    180420    784688       456
00:21:21      2876308   1066992     27.06      2088    914452    282412      7.16    180420    784688       456
00:21:22      2876308   1066992     27.06      2088    914452    282412      7.16    180420    784688       456
00:21:23      2876308   1066992     27.06      2088    914452    282412      7.16    180420    784688       456
00:21:24      2876308   1066992     27.06      2088    914452    282412      7.16    180420    784688       456
00:21:25      2876308   1066992     27.06      2088    914452    282412      7.16    180420    784688       456
00:21:26      2876308   1066992     27.06      2088    914452    282412      7.16    180420    784688       456
00:21:27      2840484   1102816     27.97      2088    914452    317960      8.06    180616    819744       416
