sh-4.2$ cat /aleph/finalized_dag/roundr40.json
cat: /aleph/finalized_dag/roundr40.json: No such file or directory
sh-4.2$ cat /aleph/finalized_dag/round40.json
[
  {
    "batch_merkle_root": "1980bcebab2aef18ad1503d87d9d8be1f0cc5652606903cd4ad30ea71f16cc06",
    "creator": 3,
    "finalization_timestamp": 1748908099367,
    "parent_hashes": [
      "31dac89f6dc28aa9a5ad8da1f21b4f2d1545ea4b450baae1f8b40876470ec7ce",
      "aab2d484351c99dd9f86d805863ede77cd9efb0fcfb53a65ef5866306b018e5b",
      "4843f0cc1f25c10e10e377a26dad447a750f8de37b82fbdb516a07f5d72fb8a1",
      "7b62f9c1b562f2c844ec7365a1ac0b497b5bf00619780b015ba787bf7f0ff3fb",
      "5a383f733079f54ba3e80aac9e6936c34947bfb135e59788eb1e6efff4325e04",
      "91dc2e576a9767d0f2f42b81ef15a2022b579c980ac4a6f12bef4adab1085640",
      "9c7f9d4d14b0eafe1c7323b2b57c6d6f8f3a3106b8e83ae44ac2b2a1edc59582",
      "ce4d88c512a093639bfef64cd900e4c2888bc5ea728e07cb44be04acfd689533",
      "f7efdfd3b688b2f1d615ba8048f94a264c230f3f6f4e491e5a7a1091ddafaa1b",
      "b950f348f424a6dca20bfe7ccfb80f171fe08f0dececf75e58a56f4dd79cb6de",
      "d59a27efa865794915920218a7a2b308b65d650dbad2346399893ea3bdd53e7c",
      "7b667b671662c0da893d15c92bc4a7db29b65338643cf220ad4eab7f455e7907",
      "302fe01409aac364924998c0726517db03fd59abd82ea56ca061709e7f5bd469",
      "5877335cbab5c8a4ee4da842d4e317a76882720c097a17df5a8a437700fbb2c3",
      "a59ee1ddaa62575f9b08e52773b30312a455a30e460f6e58054164458f00e021",
      "4dc9a0f07ed610880f348512471ae43eaa1fb4c06809c0b1dc94c5add534b73c",
      "af2ff713a423b359b6c32d5e69efe587c0f19220ca7b18025d78b717656cfb32",
      "3ec8b92b46a5ff402211bcc415da033650f7f62befb680e90af5f0476d80ae8b",
      "ecd5074d033337b63ca0b451e92e28c868c8c1d87a40ced4b24e39b9e92aa64a",
      "f6dc549785e3634ebbd39b80d6798c24278fdf299780363d8b6d70e29fea9c4a",
      "c9888c4caa97be05509bfb43aee228719069513cc641fd7044af2444d23e7325",
      "bf70dc12f82ed02151b76d0fd14af61811176d6188486fa77c94730b2644e9fa",
      "59a299fbacd21c52836f03dec0e31d784968cef486d2915360e602f6398c2809",
      "8c49f8bbffeb3dccce98b28b92d680be140dc0172183a91e6181857373f9bafb",
      "f4c2dc726eb140ad8c3041fa5c41bafdaf1976b45257d9febf047b36f78e98c4",
      "b8595ff38339499cd3d659906d373f493d2c6fadd5fbb35f871df3b3a5e7e720",
      "3edbdd8b8f047eb986d793ccca99092dcf315d1c8f3ce23f792bc3c38c3bca6a",
      "689c7b8a3d53c9767cd6fe88af0e64ad52b799764eba1a602a530a47449de746",
      "2531acf3b353cf71114442481c7df62e2501b5e57cb980f2dcd886044ffa05b9",
      "9aac3137732bba8debbc4da8467b0ecc06aa622ad1fd7ae6de12b7f9189dd413",
      "050a8cf3a44eefa32acb9d9a54e8ecfeb86a9c0fbbd7857abdfaf8f84e8a3867",
      "7dc3ec72261a8bd03d48bc2de70ec2d720b3e510ddd19aad5ede57d477680230",
      "68885aa23991a12dd053aae2c3dc8643093d8628c505a4b8cb132305616ea08a",
      "7122d693d1580bdff0aee12c2a7e69fa551d9371836c8d75b85202196bfa4797",
      "73e9dc32233711e2c01eaac4731b9cdf9dc6998d5f3649e3f3c352adc5a1e816",
      "8eef807ad2e3968dbfa98e816a6f5f3e0354aa50f692f0bada3d5757d701855c",
      "d734fca3561a6361cee02c225d223c5aee0c0eccb49e5ab1aeabbbeb950c8475",
      "f91186e86b2af8f1d05caa085808bdfc3f44fd6341f8683c8302a9e8507966ce",
      "f25a24049b7252d52a5b61ddb19022cecca81bbbfe4e406f2dedb1863dca1f02"
    ],
    "round": 40,
    "transactions": [
      {
        "hash": "3cb2647afc56c23aacb0bf28b7050470f73515083f4f9acd5d164e68720f747b",
        "proofs": [
          [
            "6601e83a0d25d280024acfe6adceec40770aea053a03d73eeece292566ae14b7",
            "5beaaa6f6d85f93896c24e4f85c45b7cecbfdec03be0b76b90227331d299270d",
            "6b79be8d2a6333660eca87f0cdbaaf5ab1558964352a177fbdc732f0ba3a8373",
            "f71ef21315bc5f79d1c8eeab484fae3aed8c195766e13c364042671cd8373bfd",
            "c5c5f94667ada216ceb34a696e5ea194ba520d37a3f2b0b4eae9cb0d5671c867",
            "6dfd95da1e8e008bdd6fb60b57c65ec2289c314c84efdcba3b593786f1bf10c8",
            "35e99b3d60d2e67442b813a99b416ba9b0965548e26b4b700b07cb24141bc85e",
            "f8a4a2474e87376eabd6004084ed4e5590ed940aaacc654f04117ed54c5ef852"
          ]
        ],
        "shards": [
          "tx1_round40\u0000\u0000\u0000\u0000\u0000\u0000\u0000\u0000\u0000\u0000\u0000\u0000\u0000",
          "\u0000\u0000\u0000\u0000\u0000\u0000\u0000\u0000\u0000\u0000\u0000\u0000\u0000\u0000\u0000\u0000\u0000\u0000\u0000\u0000\u0000\u0000\u0000\u0000",
          "\u0000\u0000\u0000\u0000\u0000\u0000\u0000\u0000\u0000\u0000\u0000\u0000\u0000\u0000\u0000\u0000\u0000\u0000\u0000\u0000\u0000\u0000\u0000\u0000",
          "\u0000\u0000\u0000\u0000\u0000\u0000\u0000\u0000\u0000\u0000\u0000\u0000\u0000\u0000\u0000\u0000\u0000\u0000\u0000\u0000\u0000\u0000\u0000\u0000",
          "\u0000\u0000\u0000\u0000\u0000\u0000\u0000\u0000\u0000\u0000\u0000\u0000\u0000\u0000\u0000\u0000\u0000\u0000\u0000\u0000\u0000\u0000\u0000\u0000",
          "\u0000\u0000\u0000\u0000\u0000\u0000\u0000\u0000\u0000\u0000\u0000\u0000\u0000\u0000\u0000\u0000\u0000\u0000\u0000\u0000\u0000\u0000\u0000\u0000",
          "\u0000\u0000\u0000\u0000\u0000\u0000\u0000\u0000\u0000\u0000\u0000\u0000\u0000\u0000\u0000\u0000\u0000\u0000\u0000\u0000\u0000\u0000\u0000\u0000",
          "\u0000\u0000\u0000\u0000\u0000\u0000\u0000\u0000\u0000\u0000\u0000\u0000\u0000\u0000\u0000\u0000\u0000\u0000\u0000\u0000\u0000\u0000\u0000\u0000",
          "\u0000\u0000\u0000\u0000\u0000\u0000\u0000\u0000\u0000\u0000\u0000\u0000\u0000\u0000\u0000\u0000\u0000\u0000\u0000\u0000\u0000\u0000\u0000\u0000",
          "\u0000\u0000\u0000\u0000\u0000\u0000\u0000\u0000\u0000\u0000\u0000\u0000\u0000\u0000\u0000\u0000\u0000\u0000\u0000\u0000\u0000\u0000\u0000\u0000",
          "\u0000\u0000\u0000\u0000\u0000\u0000\u0000\u0000\u0000\u0000\u0000\u0000\u0000\u0000\u0000\u0000\u0000\u0000\u0000\u0000\u0000\u0000\u0000\u0000",
          "[66, 166, 160, 25, 48, 174, 85, 185, 47, 235, 183, 0, 0, 0, 0, 0, 0, 0, 0, 0, 0, 0, 0, 0]",
          "[41, 239, 161, 56, 74, 7, 183, 153, 60, 125, 63, 0, 0, 0, 0, 0, 0, 0, 0, 0, 0, 0, 0, 0]",
          "[176, 160, 183, 212, 184, 148, 71, 99, 123, 187, 64, 0, 0, 0, 0, 0, 0, 0, 0, 0, 0, 0, 0, 0]",
          "[197, 65, 53, 219, 135, 241, 218, 238, 40, 86, 42, 0, 0, 0, 0, 0, 0, 0, 0, 0, 0, 0, 0, 0]",
          "[106, 208, 178, 113, 55, 163, 10, 195, 36, 79, 210, 0, 0, 0, 0, 0, 0, 0, 0, 0, 0, 0, 0, 0]"
        ]
      },
      {
        "hash": "6601e83a0d25d280024acfe6adceec40770aea053a03d73eeece292566ae14b7",
        "proofs": [
          [
            "3cb2647afc56c23aacb0bf28b7050470f73515083f4f9acd5d164e68720f747b",
            "5beaaa6f6d85f93896c24e4f85c45b7cecbfdec03be0b76b90227331d299270d",
            "6b79be8d2a6333660eca87f0cdbaaf5ab1558964352a177fbdc732f0ba3a8373",
            "f71ef21315bc5f79d1c8eeab484fae3aed8c195766e13c364042671cd8373bfd",
            "c5c5f94667ada216ceb34a696e5ea194ba520d37a3f2b0b4eae9cb0d5671c867",
            "6dfd95da1e8e008bdd6fb60b57c65ec2289c314c84efdcba3b593786f1bf10c8",
            "35e99b3d60d2e67442b813a99b416ba9b0965548e26b4b700b07cb24141bc85e",
            "f8a4a2474e87376eabd6004084ed4e5590ed940aaacc654f04117ed54c5ef852"
          ]
        ],
        "shards": [
          "tx2_round40\u0000\u0000\u0000\u0000\u0000\u0000\u0000\u0000\u0000\u0000\u0000\u0000\u0000",
          "\u0000\u0000\u0000\u0000\u0000\u0000\u0000\u0000\u0000\u0000\u0000\u0000\u0000\u0000\u0000\u0000\u0000\u0000\u0000\u0000\u0000\u0000\u0000\u0000",
          "\u0000\u0000\u0000\u0000\u0000\u0000\u0000\u0000\u0000\u0000\u0000\u0000\u0000\u0000\u0000\u0000\u0000\u0000\u0000\u0000\u0000\u0000\u0000\u0000",
          "\u0000\u0000\u0000\u0000\u0000\u0000\u0000\u0000\u0000\u0000\u0000\u0000\u0000\u0000\u0000\u0000\u0000\u0000\u0000\u0000\u0000\u0000\u0000\u0000",
          "\u0000\u0000\u0000\u0000\u0000\u0000\u0000\u0000\u0000\u0000\u0000\u0000\u0000\u0000\u0000\u0000\u0000\u0000\u0000\u0000\u0000\u0000\u0000\u0000",
          "\u0000\u0000\u0000\u0000\u0000\u0000\u0000\u0000\u0000\u0000\u0000\u0000\u0000\u0000\u0000\u0000\u0000\u0000\u0000\u0000\u0000\u0000\u0000\u0000",
          "\u0000\u0000\u0000\u0000\u0000\u0000\u0000\u0000\u0000\u0000\u0000\u0000\u0000\u0000\u0000\u0000\u0000\u0000\u0000\u0000\u0000\u0000\u0000\u0000",
          "\u0000\u0000\u0000\u0000\u0000\u0000\u0000\u0000\u0000\u0000\u0000\u0000\u0000\u0000\u0000\u0000\u0000\u0000\u0000\u0000\u0000\u0000\u0000\u0000",
          "\u0000\u0000\u0000\u0000\u0000\u0000\u0000\u0000\u0000\u0000\u0000\u0000\u0000\u0000\u0000\u0000\u0000\u0000\u0000\u0000\u0000\u0000\u0000\u0000",
          "\u0000\u0000\u0000\u0000\u0000\u0000\u0000\u0000\u0000\u0000\u0000\u0000\u0000\u0000\u0000\u0000\u0000\u0000\u0000\u0000\u0000\u0000\u0000\u0000",
          "\u0000\u0000\u0000\u0000\u0000\u0000\u0000\u0000\u0000\u0000\u0000\u0000\u0000\u0000\u0000\u0000\u0000\u0000\u0000\u0000\u0000\u0000\u0000\u0000",
          "[66, 166, 153, 25, 48, 174, 85, 185, 47, 235, 183, 0, 0, 0, 0, 0, 0, 0, 0, 0, 0, 0, 0, 0]",
          "[41, 239, 30, 56, 74, 7, 183, 153, 60, 125, 63, 0, 0, 0, 0, 0, 0, 0, 0, 0, 0, 0, 0, 0]",
          "[176, 160, 179, 212, 184, 148, 71, 99, 123, 187, 64, 0, 0, 0, 0, 0, 0, 0, 0, 0, 0, 0, 0, 0]",
          "[197, 65, 20, 219, 135, 241, 218, 238, 40, 86, 42, 0, 0, 0, 0, 0, 0, 0, 0, 0, 0, 0, 0, 0]",
          "[106, 208, 18, 113, 55, 163, 10, 195, 36, 79, 210, 0, 0, 0, 0, 0, 0, 0, 0, 0, 0, 0, 0, 0]"
        ]
      },
      {
        "hash": "164a60e28217c90c26edb6b27777617e591fa99a89fab82e9f9db707deebc2cf",
        "proofs": [
          [
            "af1ed547bb255d630b3a2e9695c095d5fbad4adb3ad2e0a1b967dfe3cff53c1f",
            "1cad4b13b99ede87e53c298da3455f25890bcca9a8c6b7951607c991887ab48f",
            "6b79be8d2a6333660eca87f0cdbaaf5ab1558964352a177fbdc732f0ba3a8373",
            "f71ef21315bc5f79d1c8eeab484fae3aed8c195766e13c364042671cd8373bfd",
            "c5c5f94667ada216ceb34a696e5ea194ba520d37a3f2b0b4eae9cb0d5671c867",
            "6dfd95da1e8e008bdd6fb60b57c65ec2289c314c84efdcba3b593786f1bf10c8",
            "35e99b3d60d2e67442b813a99b416ba9b0965548e26b4b700b07cb24141bc85e",
            "f8a4a2474e87376eabd6004084ed4e5590ed940aaacc654f04117ed54c5ef852"
          ]
        ],
        "shards": [
          "tx3_round40\u0000\u0000\u0000\u0000\u0000\u0000\u0000\u0000\u0000\u0000\u0000\u0000\u0000",
          "\u0000\u0000\u0000\u0000\u0000\u0000\u0000\u0000\u0000\u0000\u0000\u0000\u0000\u0000\u0000\u0000\u0000\u0000\u0000\u0000\u0000\u0000\u0000\u0000",
          "\u0000\u0000\u0000\u0000\u0000\u0000\u0000\u0000\u0000\u0000\u0000\u0000\u0000\u0000\u0000\u0000\u0000\u0000\u0000\u0000\u0000\u0000\u0000\u0000",
          "\u0000\u0000\u0000\u0000\u0000\u0000\u0000\u0000\u0000\u0000\u0000\u0000\u0000\u0000\u0000\u0000\u0000\u0000\u0000\u0000\u0000\u0000\u0000\u0000",
          "\u0000\u0000\u0000\u0000\u0000\u0000\u0000\u0000\u0000\u0000\u0000\u0000\u0000\u0000\u0000\u0000\u0000\u0000\u0000\u0000\u0000\u0000\u0000\u0000",
          "\u0000\u0000\u0000\u0000\u0000\u0000\u0000\u0000\u0000\u0000\u0000\u0000\u0000\u0000\u0000\u0000\u0000\u0000\u0000\u0000\u0000\u0000\u0000\u0000",
          "\u0000\u0000\u0000\u0000\u0000\u0000\u0000\u0000\u0000\u0000\u0000\u0000\u0000\u0000\u0000\u0000\u0000\u0000\u0000\u0000\u0000\u0000\u0000\u0000",
          "\u0000\u0000\u0000\u0000\u0000\u0000\u0000\u0000\u0000\u0000\u0000\u0000\u0000\u0000\u0000\u0000\u0000\u0000\u0000\u0000\u0000\u0000\u0000\u0000",
          "\u0000\u0000\u0000\u0000\u0000\u0000\u0000\u0000\u0000\u0000\u0000\u0000\u0000\u0000\u0000\u0000\u0000\u0000\u0000\u0000\u0000\u0000\u0000\u0000",
          "\u0000\u0000\u0000\u0000\u0000\u0000\u0000\u0000\u0000\u0000\u0000\u0000\u0000\u0000\u0000\u0000\u0000\u0000\u0000\u0000\u0000\u0000\u0000\u0000",
          "\u0000\u0000\u0000\u0000\u0000\u0000\u0000\u0000\u0000\u0000\u0000\u0000\u0000\u0000\u0000\u0000\u0000\u0000\u0000\u0000\u0000\u0000\u0000\u0000",
          "[66, 166, 142, 25, 48, 174, 85, 185, 47, 235, 183, 0, 0, 0, 0, 0, 0, 0, 0, 0, 0, 0, 0, 0]",
          "[41, 239, 128, 56, 74, 7, 183, 153, 60, 125, 63, 0, 0, 0, 0, 0, 0, 0, 0, 0, 0, 0, 0, 0]",
          "[176, 160, 68, 212, 184, 148, 71, 99, 123, 187, 64, 0, 0, 0, 0, 0, 0, 0, 0, 0, 0, 0, 0, 0]",
          "[197, 65, 11, 219, 135, 241, 218, 238, 40, 86, 42, 0, 0, 0, 0, 0, 0, 0, 0, 0, 0, 0, 0, 0]",
          "[106, 208, 114, 113, 55, 163, 10, 195, 36, 79, 210, 0, 0, 0, 0, 0, 0, 0, 0, 0, 0, 0, 0, 0]"
        ]
      },
      {
        "hash": "af1ed547bb255d630b3a2e9695c095d5fbad4adb3ad2e0a1b967dfe3cff53c1f",
        "proofs": [
          [
            "164a60e28217c90c26edb6b27777617e591fa99a89fab82e9f9db707deebc2cf",
            "1cad4b13b99ede87e53c298da3455f25890bcca9a8c6b7951607c991887ab48f",
            "6b79be8d2a6333660eca87f0cdbaaf5ab1558964352a177fbdc732f0ba3a8373",
            "f71ef21315bc5f79d1c8eeab484fae3aed8c195766e13c364042671cd8373bfd",
            "c5c5f94667ada216ceb34a696e5ea194ba520d37a3f2b0b4eae9cb0d5671c867",
            "6dfd95da1e8e008bdd6fb60b57c65ec2289c314c84efdcba3b593786f1bf10c8",
            "35e99b3d60d2e67442b813a99b416ba9b0965548e26b4b700b07cb24141bc85e",
            "f8a4a2474e87376eabd6004084ed4e5590ed940aaacc654f04117ed54c5ef852"
          ]
        ],
        "shards": [
          "tx4_round40\u0000\u0000\u0000\u0000\u0000\u0000\u0000\u0000\u0000\u0000\u0000\u0000\u0000",
          "\u0000\u0000\u0000\u0000\u0000\u0000\u0000\u0000\u0000\u0000\u0000\u0000\u0000\u0000\u0000\u0000\u0000\u0000\u0000\u0000\u0000\u0000\u0000\u0000",
          "\u0000\u0000\u0000\u0000\u0000\u0000\u0000\u0000\u0000\u0000\u0000\u0000\u0000\u0000\u0000\u0000\u0000\u0000\u0000\u0000\u0000\u0000\u0000\u0000",
          "\u0000\u0000\u0000\u0000\u0000\u0000\u0000\u0000\u0000\u0000\u0000\u0000\u0000\u0000\u0000\u0000\u0000\u0000\u0000\u0000\u0000\u0000\u0000\u0000",
          "\u0000\u0000\u0000\u0000\u0000\u0000\u0000\u0000\u0000\u0000\u0000\u0000\u0000\u0000\u0000\u0000\u0000\u0000\u0000\u0000\u0000\u0000\u0000\u0000",
          "\u0000\u0000\u0000\u0000\u0000\u0000\u0000\u0000\u0000\u0000\u0000\u0000\u0000\u0000\u0000\u0000\u0000\u0000\u0000\u0000\u0000\u0000\u0000\u0000",
          "\u0000\u0000\u0000\u0000\u0000\u0000\u0000\u0000\u0000\u0000\u0000\u0000\u0000\u0000\u0000\u0000\u0000\u0000\u0000\u0000\u0000\u0000\u0000\u0000",
          "\u0000\u0000\u0000\u0000\u0000\u0000\u0000\u0000\u0000\u0000\u0000\u0000\u0000\u0000\u0000\u0000\u0000\u0000\u0000\u0000\u0000\u0000\u0000\u0000",
          "\u0000\u0000\u0000\u0000\u0000\u0000\u0000\u0000\u0000\u0000\u0000\u0000\u0000\u0000\u0000\u0000\u0000\u0000\u0000\u0000\u0000\u0000\u0000\u0000",
          "\u0000\u0000\u0000\u0000\u0000\u0000\u0000\u0000\u0000\u0000\u0000\u0000\u0000\u0000\u0000\u0000\u0000\u0000\u0000\u0000\u0000\u0000\u0000\u0000",
          "\u0000\u0000\u0000\u0000\u0000\u0000\u0000\u0000\u0000\u0000\u0000\u0000\u0000\u0000\u0000\u0000\u0000\u0000\u0000\u0000\u0000\u0000\u0000\u0000",
          "[66, 166, 235, 25, 48, 174, 85, 185, 47, 235, 183, 0, 0, 0, 0, 0, 0, 0, 0, 0, 0, 0, 0, 0]",
          "[41, 239, 125, 56, 74, 7, 183, 153, 60, 125, 63, 0, 0, 0, 0, 0, 0, 0, 0, 0, 0, 0, 0, 0]",
          "[176, 160, 187, 212, 184, 148, 71, 99, 123, 187, 64, 0, 0, 0, 0, 0, 0, 0, 0, 0, 0, 0, 0, 0]",
          "[197, 65, 86, 219, 135, 241, 218, 238, 40, 86, 42, 0, 0, 0, 0, 0, 0, 0, 0, 0, 0, 0, 0, 0]",
          "[106, 208, 79, 113, 55, 163, 10, 195, 36, 79, 210, 0, 0, 0, 0, 0, 0, 0, 0, 0, 0, 0, 0, 0]"
        ]
      },
      {
        "hash": "967db8dbdde0077a1f4490b0dcb91dc430ec1aa598050875a415aa01b3c18322",
        "proofs": [
          [
            "86bd392b94e5a23f53734a1916aded20288e4795c5cb7816ce7516e32c366b51",
            "68fc17da3db0f173f979000582ea2b73bee8bb6a70a1fbc8fdd4e261b751a3cb",
            "96737441b97bec9090024d4a3892844ff87baffb753ffb5bf7f9c4afe9a9d319",
            "f71ef21315bc5f79d1c8eeab484fae3aed8c195766e13c364042671cd8373bfd",
            "c5c5f94667ada216ceb34a696e5ea194ba520d37a3f2b0b4eae9cb0d5671c867",
            "6dfd95da1e8e008bdd6fb60b57c65ec2289c314c84efdcba3b593786f1bf10c8",
            "35e99b3d60d2e67442b813a99b416ba9b0965548e26b4b700b07cb24141bc85e",
            "f8a4a2474e87376eabd6004084ed4e5590ed940aaacc654f04117ed54c5ef852"
          ]
        ],
        "shards": [
          "tx5_round40\u0000\u0000\u0000\u0000\u0000\u0000\u0000\u0000\u0000\u0000\u0000\u0000\u0000",
          "\u0000\u0000\u0000\u0000\u0000\u0000\u0000\u0000\u0000\u0000\u0000\u0000\u0000\u0000\u0000\u0000\u0000\u0000\u0000\u0000\u0000\u0000\u0000\u0000",
          "\u0000\u0000\u0000\u0000\u0000\u0000\u0000\u0000\u0000\u0000\u0000\u0000\u0000\u0000\u0000\u0000\u0000\u0000\u0000\u0000\u0000\u0000\u0000\u0000",
          "\u0000\u0000\u0000\u0000\u0000\u0000\u0000\u0000\u0000\u0000\u0000\u0000\u0000\u0000\u0000\u0000\u0000\u0000\u0000\u0000\u0000\u0000\u0000\u0000",
          "\u0000\u0000\u0000\u0000\u0000\u0000\u0000\u0000\u0000\u0000\u0000\u0000\u0000\u0000\u0000\u0000\u0000\u0000\u0000\u0000\u0000\u0000\u0000\u0000",
          "\u0000\u0000\u0000\u0000\u0000\u0000\u0000\u0000\u0000\u0000\u0000\u0000\u0000\u0000\u0000\u0000\u0000\u0000\u0000\u0000\u0000\u0000\u0000\u0000",
          "\u0000\u0000\u0000\u0000\u0000\u0000\u0000\u0000\u0000\u0000\u0000\u0000\u0000\u0000\u0000\u0000\u0000\u0000\u0000\u0000\u0000\u0000\u0000\u0000",
          "\u0000\u0000\u0000\u0000\u0000\u0000\u0000\u0000\u0000\u0000\u0000\u0000\u0000\u0000\u0000\u0000\u0000\u0000\u0000\u0000\u0000\u0000\u0000\u0000",
          "\u0000\u0000\u0000\u0000\u0000\u0000\u0000\u0000\u0000\u0000\u0000\u0000\u0000\u0000\u0000\u0000\u0000\u0000\u0000\u0000\u0000\u0000\u0000\u0000",
          "\u0000\u0000\u0000\u0000\u0000\u0000\u0000\u0000\u0000\u0000\u0000\u0000\u0000\u0000\u0000\u0000\u0000\u0000\u0000\u0000\u0000\u0000\u0000\u0000",
          "\u0000\u0000\u0000\u0000\u0000\u0000\u0000\u0000\u0000\u0000\u0000\u0000\u0000\u0000\u0000\u0000\u0000\u0000\u0000\u0000\u0000\u0000\u0000\u0000",
          "[66, 166, 252, 25, 48, 174, 85, 185, 47, 235, 183, 0, 0, 0, 0, 0, 0, 0, 0, 0, 0, 0, 0, 0]",
          "[41, 239, 227, 56, 74, 7, 183, 153, 60, 125, 63, 0, 0, 0, 0, 0, 0, 0, 0, 0, 0, 0, 0, 0]",
          "[176, 160, 76, 212, 184, 148, 71, 99, 123, 187, 64, 0, 0, 0, 0, 0, 0, 0, 0, 0, 0, 0, 0, 0]",
          "[197, 65, 73, 219, 135, 241, 218, 238, 40, 86, 42, 0, 0, 0, 0, 0, 0, 0, 0, 0, 0, 0, 0, 0]",
          "[106, 208, 47, 113, 55, 163, 10, 195, 36, 79, 210, 0, 0, 0, 0, 0, 0, 0, 0, 0, 0, 0, 0, 0]"
        ]
      },
      {
        "hash": "86bd392b94e5a23f53734a1916aded20288e4795c5cb7816ce7516e32c366b51",
        "proofs": [
          [
            "967db8dbdde0077a1f4490b0dcb91dc430ec1aa598050875a415aa01b3c18322",
            "68fc17da3db0f173f979000582ea2b73bee8bb6a70a1fbc8fdd4e261b751a3cb",
            "96737441b97bec9090024d4a3892844ff87baffb753ffb5bf7f9c4afe9a9d319",
            "f71ef21315bc5f79d1c8eeab484fae3aed8c195766e13c364042671cd8373bfd",
            "c5c5f94667ada216ceb34a696e5ea194ba520d37a3f2b0b4eae9cb0d5671c867",
            "6dfd95da1e8e008bdd6fb60b57c65ec2289c314c84efdcba3b593786f1bf10c8",
            "35e99b3d60d2e67442b813a99b416ba9b0965548e26b4b700b07cb24141bc85e",
            "f8a4a2474e87376eabd6004084ed4e5590ed940aaacc654f04117ed54c5ef852"
          ]
        ],
        "shards": [
          "tx6_round40\u0000\u0000\u0000\u0000\u0000\u0000\u0000\u0000\u0000\u0000\u0000\u0000\u0000",
          "\u0000\u0000\u0000\u0000\u0000\u0000\u0000\u0000\u0000\u0000\u0000\u0000\u0000\u0000\u0000\u0000\u0000\u0000\u0000\u0000\u0000\u0000\u0000\u0000",
          "\u0000\u0000\u0000\u0000\u0000\u0000\u0000\u0000\u0000\u0000\u0000\u0000\u0000\u0000\u0000\u0000\u0000\u0000\u0000\u0000\u0000\u0000\u0000\u0000",
          "\u0000\u0000\u0000\u0000\u0000\u0000\u0000\u0000\u0000\u0000\u0000\u0000\u0000\u0000\u0000\u0000\u0000\u0000\u0000\u0000\u0000\u0000\u0000\u0000",
          "\u0000\u0000\u0000\u0000\u0000\u0000\u0000\u0000\u0000\u0000\u0000\u0000\u0000\u0000\u0000\u0000\u0000\u0000\u0000\u0000\u0000\u0000\u0000\u0000",
          "\u0000\u0000\u0000\u0000\u0000\u0000\u0000\u0000\u0000\u0000\u0000\u0000\u0000\u0000\u0000\u0000\u0000\u0000\u0000\u0000\u0000\u0000\u0000\u0000",
          "\u0000\u0000\u0000\u0000\u0000\u0000\u0000\u0000\u0000\u0000\u0000\u0000\u0000\u0000\u0000\u0000\u0000\u0000\u0000\u0000\u0000\u0000\u0000\u0000",
          "\u0000\u0000\u0000\u0000\u0000\u0000\u0000\u0000\u0000\u0000\u0000\u0000\u0000\u0000\u0000\u0000\u0000\u0000\u0000\u0000\u0000\u0000\u0000\u0000",
          "\u0000\u0000\u0000\u0000\u0000\u0000\u0000\u0000\u0000\u0000\u0000\u0000\u0000\u0000\u0000\u0000\u0000\u0000\u0000\u0000\u0000\u0000\u0000\u0000",
          "\u0000\u0000\u0000\u0000\u0000\u0000\u0000\u0000\u0000\u0000\u0000\u0000\u0000\u0000\u0000\u0000\u0000\u0000\u0000\u0000\u0000\u0000\u0000\u0000",
          "\u0000\u0000\u0000\u0000\u0000\u0000\u0000\u0000\u0000\u0000\u0000\u0000\u0000\u0000\u0000\u0000\u0000\u0000\u0000\u0000\u0000\u0000\u0000\u0000",
          "[66, 166, 197, 25, 48, 174, 85, 185, 47, 235, 183, 0, 0, 0, 0, 0, 0, 0, 0, 0, 0, 0, 0, 0]",
          "[41, 239, 92, 56, 74, 7, 183, 153, 60, 125, 63, 0, 0, 0, 0, 0, 0, 0, 0, 0, 0, 0, 0, 0]",
          "[176, 160, 72, 212, 184, 148, 71, 99, 123, 187, 64, 0, 0, 0, 0, 0, 0, 0, 0, 0, 0, 0, 0, 0]",
          "[197, 65, 104, 219, 135, 241, 218, 238, 40, 86, 42, 0, 0, 0, 0, 0, 0, 0, 0, 0, 0, 0, 0, 0]",
          "[106, 208, 143, 113, 55, 163, 10, 195, 36, 79, 210, 0, 0, 0, 0, 0, 0, 0, 0, 0, 0, 0, 0, 0]"
        ]
      },
      {
        "hash": "4692585dcdc4231937c8aed3f24daa1ae5f50f102b72badf9b0cfdb0e6df957f",
        "proofs": [
          [
            "bed00bfb402788a2789ee589a02be6a40c9d34edbd621e085927744358e2df49",
            "9ab4b5196146b75bfbd2840315858355be0c9ddccfddf292399f80cb0a96e02f",
            "96737441b97bec9090024d4a3892844ff87baffb753ffb5bf7f9c4afe9a9d319",
            "f71ef21315bc5f79d1c8eeab484fae3aed8c195766e13c364042671cd8373bfd",
            "c5c5f94667ada216ceb34a696e5ea194ba520d37a3f2b0b4eae9cb0d5671c867",
            "6dfd95da1e8e008bdd6fb60b57c65ec2289c314c84efdcba3b593786f1bf10c8",
            "35e99b3d60d2e67442b813a99b416ba9b0965548e26b4b700b07cb24141bc85e",
            "f8a4a2474e87376eabd6004084ed4e5590ed940aaacc654f04117ed54c5ef852"
          ]
        ],
        "shards": [
          "tx7_round40\u0000\u0000\u0000\u0000\u0000\u0000\u0000\u0000\u0000\u0000\u0000\u0000\u0000",
          "\u0000\u0000\u0000\u0000\u0000\u0000\u0000\u0000\u0000\u0000\u0000\u0000\u0000\u0000\u0000\u0000\u0000\u0000\u0000\u0000\u0000\u0000\u0000\u0000",
          "\u0000\u0000\u0000\u0000\u0000\u0000\u0000\u0000\u0000\u0000\u0000\u0000\u0000\u0000\u0000\u0000\u0000\u0000\u0000\u0000\u0000\u0000\u0000\u0000",
          "\u0000\u0000\u0000\u0000\u0000\u0000\u0000\u0000\u0000\u0000\u0000\u0000\u0000\u0000\u0000\u0000\u0000\u0000\u0000\u0000\u0000\u0000\u0000\u0000",
          "\u0000\u0000\u0000\u0000\u0000\u0000\u0000\u0000\u0000\u0000\u0000\u0000\u0000\u0000\u0000\u0000\u0000\u0000\u0000\u0000\u0000\u0000\u0000\u0000",
          "\u0000\u0000\u0000\u0000\u0000\u0000\u0000\u0000\u0000\u0000\u0000\u0000\u0000\u0000\u0000\u0000\u0000\u0000\u0000\u0000\u0000\u0000\u0000\u0000",
          "\u0000\u0000\u0000\u0000\u0000\u0000\u0000\u0000\u0000\u0000\u0000\u0000\u0000\u0000\u0000\u0000\u0000\u0000\u0000\u0000\u0000\u0000\u0000\u0000",
          "\u0000\u0000\u0000\u0000\u0000\u0000\u0000\u0000\u0000\u0000\u0000\u0000\u0000\u0000\u0000\u0000\u0000\u0000\u0000\u0000\u0000\u0000\u0000\u0000",
          "\u0000\u0000\u0000\u0000\u0000\u0000\u0000\u0000\u0000\u0000\u0000\u0000\u0000\u0000\u0000\u0000\u0000\u0000\u0000\u0000\u0000\u0000\u0000\u0000",
          "\u0000\u0000\u0000\u0000\u0000\u0000\u0000\u0000\u0000\u0000\u0000\u0000\u0000\u0000\u0000\u0000\u0000\u0000\u0000\u0000\u0000\u0000\u0000\u0000",
          "\u0000\u0000\u0000\u0000\u0000\u0000\u0000\u0000\u0000\u0000\u0000\u0000\u0000\u0000\u0000\u0000\u0000\u0000\u0000\u0000\u0000\u0000\u0000\u0000",
          "[66, 166, 210, 25, 48, 174, 85, 185, 47, 235, 183, 0, 0, 0, 0, 0, 0, 0, 0, 0, 0, 0, 0, 0]",
          "[41, 239, 194, 56, 74, 7, 183, 153, 60, 125, 63, 0, 0, 0, 0, 0, 0, 0, 0, 0, 0, 0, 0, 0]",
          "[176, 160, 191, 212, 184, 148, 71, 99, 123, 187, 64, 0, 0, 0, 0, 0, 0, 0, 0, 0, 0, 0, 0, 0]",
          "[197, 65, 119, 219, 135, 241, 218, 238, 40, 86, 42, 0, 0, 0, 0, 0, 0, 0, 0, 0, 0, 0, 0, 0]",
          "[106, 208, 239, 113, 55, 163, 10, 195, 36, 79, 210, 0, 0, 0, 0, 0, 0, 0, 0, 0, 0, 0, 0, 0]"
        ]
      },
      {
        "hash": "bed00bfb402788a2789ee589a02be6a40c9d34edbd621e085927744358e2df49",
        "proofs": [
          [
            "4692585dcdc4231937c8aed3f24daa1ae5f50f102b72badf9b0cfdb0e6df957f",
            "9ab4b5196146b75bfbd2840315858355be0c9ddccfddf292399f80cb0a96e02f",
            "96737441b97bec9090024d4a3892844ff87baffb753ffb5bf7f9c4afe9a9d319",
            "f71ef21315bc5f79d1c8eeab484fae3aed8c195766e13c364042671cd8373bfd",
            "c5c5f94667ada216ceb34a696e5ea194ba520d37a3f2b0b4eae9cb0d5671c867",
            "6dfd95da1e8e008bdd6fb60b57c65ec2289c314c84efdcba3b593786f1bf10c8",
            "35e99b3d60d2e67442b813a99b416ba9b0965548e26b4b700b07cb24141bc85e",
            "f8a4a2474e87376eabd6004084ed4e5590ed940aaacc654f04117ed54c5ef852"
          ]
        ],
        "shards": [
          "tx8_round40\u0000\u0000\u0000\u0000\u0000\u0000\u0000\u0000\u0000\u0000\u0000\u0000\u0000",
          "\u0000\u0000\u0000\u0000\u0000\u0000\u0000\u0000\u0000\u0000\u0000\u0000\u0000\u0000\u0000\u0000\u0000\u0000\u0000\u0000\u0000\u0000\u0000\u0000",
          "\u0000\u0000\u0000\u0000\u0000\u0000\u0000\u0000\u0000\u0000\u0000\u0000\u0000\u0000\u0000\u0000\u0000\u0000\u0000\u0000\u0000\u0000\u0000\u0000",
          "\u0000\u0000\u0000\u0000\u0000\u0000\u0000\u0000\u0000\u0000\u0000\u0000\u0000\u0000\u0000\u0000\u0000\u0000\u0000\u0000\u0000\u0000\u0000\u0000",
          "\u0000\u0000\u0000\u0000\u0000\u0000\u0000\u0000\u0000\u0000\u0000\u0000\u0000\u0000\u0000\u0000\u0000\u0000\u0000\u0000\u0000\u0000\u0000\u0000",
          "\u0000\u0000\u0000\u0000\u0000\u0000\u0000\u0000\u0000\u0000\u0000\u0000\u0000\u0000\u0000\u0000\u0000\u0000\u0000\u0000\u0000\u0000\u0000\u0000",
          "\u0000\u0000\u0000\u0000\u0000\u0000\u0000\u0000\u0000\u0000\u0000\u0000\u0000\u0000\u0000\u0000\u0000\u0000\u0000\u0000\u0000\u0000\u0000\u0000",
          "\u0000\u0000\u0000\u0000\u0000\u0000\u0000\u0000\u0000\u0000\u0000\u0000\u0000\u0000\u0000\u0000\u0000\u0000\u0000\u0000\u0000\u0000\u0000\u0000",
          "\u0000\u0000\u0000\u0000\u0000\u0000\u0000\u0000\u0000\u0000\u0000\u0000\u0000\u0000\u0000\u0000\u0000\u0000\u0000\u0000\u0000\u0000\u0000\u0000",
          "\u0000\u0000\u0000\u0000\u0000\u0000\u0000\u0000\u0000\u0000\u0000\u0000\u0000\u0000\u0000\u0000\u0000\u0000\u0000\u0000\u0000\u0000\u0000\u0000",
          "\u0000\u0000\u0000\u0000\u0000\u0000\u0000\u0000\u0000\u0000\u0000\u0000\u0000\u0000\u0000\u0000\u0000\u0000\u0000\u0000\u0000\u0000\u0000\u0000",
          "[66, 166, 15, 25, 48, 174, 85, 185, 47, 235, 183, 0, 0, 0, 0, 0, 0, 0, 0, 0, 0, 0, 0, 0]",
          "[41, 239, 187, 56, 74, 7, 183, 153, 60, 125, 63, 0, 0, 0, 0, 0, 0, 0, 0, 0, 0, 0, 0, 0]",
          "[176, 160, 171, 212, 184, 148, 71, 99, 123, 187, 64, 0, 0, 0, 0, 0, 0, 0, 0, 0, 0, 0, 0, 0]",
          "[197, 65, 210, 219, 135, 241, 218, 238, 40, 86, 42, 0, 0, 0, 0, 0, 0, 0, 0, 0, 0, 0, 0, 0]",
          "[106, 208, 245, 113, 55, 163, 10, 195, 36, 79, 210, 0, 0, 0, 0, 0, 0, 0, 0, 0, 0, 0, 0, 0]"
        ]
      },
      {
        "hash": "92c43fbc316825995102900e5deafab70f76d0f567a5f8f7966ff15be8327727",
        "proofs": [
          [
            "a454fb9a14f85737d7f1e513ab7eb4a7f1beaebb44f0158792c492d968cb8227",
            "75e9becf6a02f4b4f55424370957b3267a5a5458c5409c8cdda74b5b16552cd8",
            "325f85a26af9bea0ae5776903c19ef96f3b85ef396febf5749c625ec289282bc",
            "62d7715d922bcc0bfe239881bdae535cdd2dbdfe41e205e927b70147f469ef42",
            "c5c5f94667ada216ceb34a696e5ea194ba520d37a3f2b0b4eae9cb0d5671c867",
            "6dfd95da1e8e008bdd6fb60b57c65ec2289c314c84efdcba3b593786f1bf10c8",
            "35e99b3d60d2e67442b813a99b416ba9b0965548e26b4b700b07cb24141bc85e",
            "f8a4a2474e87376eabd6004084ed4e5590ed940aaacc654f04117ed54c5ef852"
          ]
        ],
        "shards": [
          "tx9_round40\u0000\u0000\u0000\u0000\u0000\u0000\u0000\u0000\u0000\u0000\u0000\u0000\u0000",
          "\u0000\u0000\u0000\u0000\u0000\u0000\u0000\u0000\u0000\u0000\u0000\u0000\u0000\u0000\u0000\u0000\u0000\u0000\u0000\u0000\u0000\u0000\u0000\u0000",
          "\u0000\u0000\u0000\u0000\u0000\u0000\u0000\u0000\u0000\u0000\u0000\u0000\u0000\u0000\u0000\u0000\u0000\u0000\u0000\u0000\u0000\u0000\u0000\u0000",
          "\u0000\u0000\u0000\u0000\u0000\u0000\u0000\u0000\u0000\u0000\u0000\u0000\u0000\u0000\u0000\u0000\u0000\u0000\u0000\u0000\u0000\u0000\u0000\u0000",
          "\u0000\u0000\u0000\u0000\u0000\u0000\u0000\u0000\u0000\u0000\u0000\u0000\u0000\u0000\u0000\u0000\u0000\u0000\u0000\u0000\u0000\u0000\u0000\u0000",
          "\u0000\u0000\u0000\u0000\u0000\u0000\u0000\u0000\u0000\u0000\u0000\u0000\u0000\u0000\u0000\u0000\u0000\u0000\u0000\u0000\u0000\u0000\u0000\u0000",
          "\u0000\u0000\u0000\u0000\u0000\u0000\u0000\u0000\u0000\u0000\u0000\u0000\u0000\u0000\u0000\u0000\u0000\u0000\u0000\u0000\u0000\u0000\u0000\u0000",
          "\u0000\u0000\u0000\u0000\u0000\u0000\u0000\u0000\u0000\u0000\u0000\u0000\u0000\u0000\u0000\u0000\u0000\u0000\u0000\u0000\u0000\u0000\u0000\u0000",
          "\u0000\u0000\u0000\u0000\u0000\u0000\u0000\u0000\u0000\u0000\u0000\u0000\u0000\u0000\u0000\u0000\u0000\u0000\u0000\u0000\u0000\u0000\u0000\u0000",
          "\u0000\u0000\u0000\u0000\u0000\u0000\u0000\u0000\u0000\u0000\u0000\u0000\u0000\u0000\u0000\u0000\u0000\u0000\u0000\u0000\u0000\u0000\u0000\u0000",
          "\u0000\u0000\u0000\u0000\u0000\u0000\u0000\u0000\u0000\u0000\u0000\u0000\u0000\u0000\u0000\u0000\u0000\u0000\u0000\u0000\u0000\u0000\u0000\u0000",
          "[66, 166, 24, 25, 48, 174, 85, 185, 47, 235, 183, 0, 0, 0, 0, 0, 0, 0, 0, 0, 0, 0, 0, 0]",
          "[41, 239, 37, 56, 74, 7, 183, 153, 60, 125, 63, 0, 0, 0, 0, 0, 0, 0, 0, 0, 0, 0, 0, 0]",
          "[176, 160, 92, 212, 184, 148, 71, 99, 123, 187, 64, 0, 0, 0, 0, 0, 0, 0, 0, 0, 0, 0, 0, 0]",
          "[197, 65, 205, 219, 135, 241, 218, 238, 40, 86, 42, 0, 0, 0, 0, 0, 0, 0, 0, 0, 0, 0, 0, 0]",
          "[106, 208, 149, 113, 55, 163, 10, 195, 36, 79, 210, 0, 0, 0, 0, 0, 0, 0, 0, 0, 0, 0, 0, 0]"
        ]
      },
      {
        "hash": "a454fb9a14f85737d7f1e513ab7eb4a7f1beaebb44f0158792c492d968cb8227",
        "proofs": [
          [
            "92c43fbc316825995102900e5deafab70f76d0f567a5f8f7966ff15be8327727",
            "75e9becf6a02f4b4f55424370957b3267a5a5458c5409c8cdda74b5b16552cd8",
            "325f85a26af9bea0ae5776903c19ef96f3b85ef396febf5749c625ec289282bc",
            "62d7715d922bcc0bfe239881bdae535cdd2dbdfe41e205e927b70147f469ef42",
            "c5c5f94667ada216ceb34a696e5ea194ba520d37a3f2b0b4eae9cb0d5671c867",
            "6dfd95da1e8e008bdd6fb60b57c65ec2289c314c84efdcba3b593786f1bf10c8",
            "35e99b3d60d2e67442b813a99b416ba9b0965548e26b4b700b07cb24141bc85e",
            "f8a4a2474e87376eabd6004084ed4e5590ed940aaacc654f04117ed54c5ef852"
          ]
        ],
        "shards": [
          "tx10_round40\u0000\u0000\u0000\u0000\u0000\u0000\u0000\u0000\u0000\u0000\u0000\u0000",
          "\u0000\u0000\u0000\u0000\u0000\u0000\u0000\u0000\u0000\u0000\u0000\u0000\u0000\u0000\u0000\u0000\u0000\u0000\u0000\u0000\u0000\u0000\u0000\u0000",
          "\u0000\u0000\u0000\u0000\u0000\u0000\u0000\u0000\u0000\u0000\u0000\u0000\u0000\u0000\u0000\u0000\u0000\u0000\u0000\u0000\u0000\u0000\u0000\u0000",
          "\u0000\u0000\u0000\u0000\u0000\u0000\u0000\u0000\u0000\u0000\u0000\u0000\u0000\u0000\u0000\u0000\u0000\u0000\u0000\u0000\u0000\u0000\u0000\u0000",
          "\u0000\u0000\u0000\u0000\u0000\u0000\u0000\u0000\u0000\u0000\u0000\u0000\u0000\u0000\u0000\u0000\u0000\u0000\u0000\u0000\u0000\u0000\u0000\u0000",
          "\u0000\u0000\u0000\u0000\u0000\u0000\u0000\u0000\u0000\u0000\u0000\u0000\u0000\u0000\u0000\u0000\u0000\u0000\u0000\u0000\u0000\u0000\u0000\u0000",
          "\u0000\u0000\u0000\u0000\u0000\u0000\u0000\u0000\u0000\u0000\u0000\u0000\u0000\u0000\u0000\u0000\u0000\u0000\u0000\u0000\u0000\u0000\u0000\u0000",
          "\u0000\u0000\u0000\u0000\u0000\u0000\u0000\u0000\u0000\u0000\u0000\u0000\u0000\u0000\u0000\u0000\u0000\u0000\u0000\u0000\u0000\u0000\u0000\u0000",
          "\u0000\u0000\u0000\u0000\u0000\u0000\u0000\u0000\u0000\u0000\u0000\u0000\u0000\u0000\u0000\u0000\u0000\u0000\u0000\u0000\u0000\u0000\u0000\u0000",
          "\u0000\u0000\u0000\u0000\u0000\u0000\u0000\u0000\u0000\u0000\u0000\u0000\u0000\u0000\u0000\u0000\u0000\u0000\u0000\u0000\u0000\u0000\u0000\u0000",
          "\u0000\u0000\u0000\u0000\u0000\u0000\u0000\u0000\u0000\u0000\u0000\u0000\u0000\u0000\u0000\u0000\u0000\u0000\u0000\u0000\u0000\u0000\u0000\u0000",
          "[66, 166, 160, 183, 25, 48, 174, 85, 185, 47, 235, 183, 0, 0, 0, 0, 0, 0, 0, 0, 0, 0, 0, 0]",
          "[41, 239, 161, 63, 56, 74, 7, 183, 153, 60, 125, 63, 0, 0, 0, 0, 0, 0, 0, 0, 0, 0, 0, 0]",
          "[176, 160, 183, 64, 212, 184, 148, 71, 99, 123, 187, 64, 0, 0, 0, 0, 0, 0, 0, 0, 0, 0, 0, 0]",
          "[197, 65, 53, 42, 219, 135, 241, 218, 238, 40, 86, 42, 0, 0, 0, 0, 0, 0, 0, 0, 0, 0, 0, 0]",
          "[106, 208, 178, 210, 113, 55, 163, 10, 195, 36, 79, 210, 0, 0, 0, 0, 0, 0, 0, 0, 0, 0, 0, 0]"
        ]
      },
      {
        "hash": "3a22a4cc57b451789dc0a8b24a5ac73d51d0c436349378bad8ea0b22ef6f4ad8",
        "proofs": [
          [
            "c666042490fbbaae4d99e24e14a4acf4df99d05a16021a37640e10f5be6152d4",
            "50a31424c395b877235ed789396b617d67694929a5f976acd16dad67ada98344",
            "325f85a26af9bea0ae5776903c19ef96f3b85ef396febf5749c625ec289282bc",
            "62d7715d922bcc0bfe239881bdae535cdd2dbdfe41e205e927b70147f469ef42",
            "c5c5f94667ada216ceb34a696e5ea194ba520d37a3f2b0b4eae9cb0d5671c867",
            "6dfd95da1e8e008bdd6fb60b57c65ec2289c314c84efdcba3b593786f1bf10c8",
            "35e99b3d60d2e67442b813a99b416ba9b0965548e26b4b700b07cb24141bc85e",
            "f8a4a2474e87376eabd6004084ed4e5590ed940aaacc654f04117ed54c5ef852"
          ]
        ],
        "shards": [
          "tx11_round40\u0000\u0000\u0000\u0000\u0000\u0000\u0000\u0000\u0000\u0000\u0000\u0000",
          "\u0000\u0000\u0000\u0000\u0000\u0000\u0000\u0000\u0000\u0000\u0000\u0000\u0000\u0000\u0000\u0000\u0000\u0000\u0000\u0000\u0000\u0000\u0000\u0000",
          "\u0000\u0000\u0000\u0000\u0000\u0000\u0000\u0000\u0000\u0000\u0000\u0000\u0000\u0000\u0000\u0000\u0000\u0000\u0000\u0000\u0000\u0000\u0000\u0000",
          "\u0000\u0000\u0000\u0000\u0000\u0000\u0000\u0000\u0000\u0000\u0000\u0000\u0000\u0000\u0000\u0000\u0000\u0000\u0000\u0000\u0000\u0000\u0000\u0000",
          "\u0000\u0000\u0000\u0000\u0000\u0000\u0000\u0000\u0000\u0000\u0000\u0000\u0000\u0000\u0000\u0000\u0000\u0000\u0000\u0000\u0000\u0000\u0000\u0000",
          "\u0000\u0000\u0000\u0000\u0000\u0000\u0000\u0000\u0000\u0000\u0000\u0000\u0000\u0000\u0000\u0000\u0000\u0000\u0000\u0000\u0000\u0000\u0000\u0000",
          "\u0000\u0000\u0000\u0000\u0000\u0000\u0000\u0000\u0000\u0000\u0000\u0000\u0000\u0000\u0000\u0000\u0000\u0000\u0000\u0000\u0000\u0000\u0000\u0000",
          "\u0000\u0000\u0000\u0000\u0000\u0000\u0000\u0000\u0000\u0000\u0000\u0000\u0000\u0000\u0000\u0000\u0000\u0000\u0000\u0000\u0000\u0000\u0000\u0000",
          "\u0000\u0000\u0000\u0000\u0000\u0000\u0000\u0000\u0000\u0000\u0000\u0000\u0000\u0000\u0000\u0000\u0000\u0000\u0000\u0000\u0000\u0000\u0000\u0000",
          "\u0000\u0000\u0000\u0000\u0000\u0000\u0000\u0000\u0000\u0000\u0000\u0000\u0000\u0000\u0000\u0000\u0000\u0000\u0000\u0000\u0000\u0000\u0000\u0000",
          "\u0000\u0000\u0000\u0000\u0000\u0000\u0000\u0000\u0000\u0000\u0000\u0000\u0000\u0000\u0000\u0000\u0000\u0000\u0000\u0000\u0000\u0000\u0000\u0000",
          "[66, 166, 160, 160, 25, 48, 174, 85, 185, 47, 235, 183, 0, 0, 0, 0, 0, 0, 0, 0, 0, 0, 0, 0]",
          "[41, 239, 161, 161, 56, 74, 7, 183, 153, 60, 125, 63, 0, 0, 0, 0, 0, 0, 0, 0, 0, 0, 0, 0]",
          "[176, 160, 183, 183, 212, 184, 148, 71, 99, 123, 187, 64, 0, 0, 0, 0, 0, 0, 0, 0, 0, 0, 0, 0]",
          "[197, 65, 53, 53, 219, 135, 241, 218, 238, 40, 86, 42, 0, 0, 0, 0, 0, 0, 0, 0, 0, 0, 0, 0]",
          "[106, 208, 178, 178, 113, 55, 163, 10, 195, 36, 79, 210, 0, 0, 0, 0, 0, 0, 0, 0, 0, 0, 0, 0]"
        ]
      },
      {
        "hash": "c666042490fbbaae4d99e24e14a4acf4df99d05a16021a37640e10f5be6152d4",
        "proofs": [
          [
            "3a22a4cc57b451789dc0a8b24a5ac73d51d0c436349378bad8ea0b22ef6f4ad8",
            "50a31424c395b877235ed789396b617d67694929a5f976acd16dad67ada98344",
            "325f85a26af9bea0ae5776903c19ef96f3b85ef396febf5749c625ec289282bc",
            "62d7715d922bcc0bfe239881bdae535cdd2dbdfe41e205e927b70147f469ef42",
            "c5c5f94667ada216ceb34a696e5ea194ba520d37a3f2b0b4eae9cb0d5671c867",
            "6dfd95da1e8e008bdd6fb60b57c65ec2289c314c84efdcba3b593786f1bf10c8",
            "35e99b3d60d2e67442b813a99b416ba9b0965548e26b4b700b07cb24141bc85e",
            "f8a4a2474e87376eabd6004084ed4e5590ed940aaacc654f04117ed54c5ef852"
          ]
        ],
        "shards": [
          "tx12_round40\u0000\u0000\u0000\u0000\u0000\u0000\u0000\u0000\u0000\u0000\u0000\u0000",
          "\u0000\u0000\u0000\u0000\u0000\u0000\u0000\u0000\u0000\u0000\u0000\u0000\u0000\u0000\u0000\u0000\u0000\u0000\u0000\u0000\u0000\u0000\u0000\u0000",
          "\u0000\u0000\u0000\u0000\u0000\u0000\u0000\u0000\u0000\u0000\u0000\u0000\u0000\u0000\u0000\u0000\u0000\u0000\u0000\u0000\u0000\u0000\u0000\u0000",
          "\u0000\u0000\u0000\u0000\u0000\u0000\u0000\u0000\u0000\u0000\u0000\u0000\u0000\u0000\u0000\u0000\u0000\u0000\u0000\u0000\u0000\u0000\u0000\u0000",
          "\u0000\u0000\u0000\u0000\u0000\u0000\u0000\u0000\u0000\u0000\u0000\u0000\u0000\u0000\u0000\u0000\u0000\u0000\u0000\u0000\u0000\u0000\u0000\u0000",
          "\u0000\u0000\u0000\u0000\u0000\u0000\u0000\u0000\u0000\u0000\u0000\u0000\u0000\u0000\u0000\u0000\u0000\u0000\u0000\u0000\u0000\u0000\u0000\u0000",
          "\u0000\u0000\u0000\u0000\u0000\u0000\u0000\u0000\u0000\u0000\u0000\u0000\u0000\u0000\u0000\u0000\u0000\u0000\u0000\u0000\u0000\u0000\u0000\u0000",
          "\u0000\u0000\u0000\u0000\u0000\u0000\u0000\u0000\u0000\u0000\u0000\u0000\u0000\u0000\u0000\u0000\u0000\u0000\u0000\u0000\u0000\u0000\u0000\u0000",
          "\u0000\u0000\u0000\u0000\u0000\u0000\u0000\u0000\u0000\u0000\u0000\u0000\u0000\u0000\u0000\u0000\u0000\u0000\u0000\u0000\u0000\u0000\u0000\u0000",
          "\u0000\u0000\u0000\u0000\u0000\u0000\u0000\u0000\u0000\u0000\u0000\u0000\u0000\u0000\u0000\u0000\u0000\u0000\u0000\u0000\u0000\u0000\u0000\u0000",
          "\u0000\u0000\u0000\u0000\u0000\u0000\u0000\u0000\u0000\u0000\u0000\u0000\u0000\u0000\u0000\u0000\u0000\u0000\u0000\u0000\u0000\u0000\u0000\u0000",
          "[66, 166, 160, 153, 25, 48, 174, 85, 185, 47, 235, 183, 0, 0, 0, 0, 0, 0, 0, 0, 0, 0, 0, 0]",
          "[41, 239, 161, 30, 56, 74, 7, 183, 153, 60, 125, 63, 0, 0, 0, 0, 0, 0, 0, 0, 0, 0, 0, 0]",
          "[176, 160, 183, 179, 212, 184, 148, 71, 99, 123, 187, 64, 0, 0, 0, 0, 0, 0, 0, 0, 0, 0, 0, 0]",
          "[197, 65, 53, 20, 219, 135, 241, 218, 238, 40, 86, 42, 0, 0, 0, 0, 0, 0, 0, 0, 0, 0, 0, 0]",
          "[106, 208, 178, 18, 113, 55, 163, 10, 195, 36, 79, 210, 0, 0, 0, 0, 0, 0, 0, 0, 0, 0, 0, 0]"
        ]
      },
      {
        "hash": "7dd15417bc4380803717a3d5deab67c18ae02954e42af4761096cd8650972f20",
        "proofs": [
          [
            "83565e1c969f8a7295b9ce7121eec3364fc75c0a9c76af0f72ee280d48fccd4d",
            "3ce4daa5d2d0cc91f47094d30a508a3fc3f78246ab8990eb6363f07aa43f3aca",
            "cc658215b07a7f79d52be83ffc4ef8ece674ae3a249043a15290b49d9f284d3a",
            "62d7715d922bcc0bfe239881bdae535cdd2dbdfe41e205e927b70147f469ef42",
            "c5c5f94667ada216ceb34a696e5ea194ba520d37a3f2b0b4eae9cb0d5671c867",
            "6dfd95da1e8e008bdd6fb60b57c65ec2289c314c84efdcba3b593786f1bf10c8",
            "35e99b3d60d2e67442b813a99b416ba9b0965548e26b4b700b07cb24141bc85e",
            "f8a4a2474e87376eabd6004084ed4e5590ed940aaacc654f04117ed54c5ef852"
          ]
        ],
        "shards": [
          "tx13_round40\u0000\u0000\u0000\u0000\u0000\u0000\u0000\u0000\u0000\u0000\u0000\u0000",
          "\u0000\u0000\u0000\u0000\u0000\u0000\u0000\u0000\u0000\u0000\u0000\u0000\u0000\u0000\u0000\u0000\u0000\u0000\u0000\u0000\u0000\u0000\u0000\u0000",
          "\u0000\u0000\u0000\u0000\u0000\u0000\u0000\u0000\u0000\u0000\u0000\u0000\u0000\u0000\u0000\u0000\u0000\u0000\u0000\u0000\u0000\u0000\u0000\u0000",
          "\u0000\u0000\u0000\u0000\u0000\u0000\u0000\u0000\u0000\u0000\u0000\u0000\u0000\u0000\u0000\u0000\u0000\u0000\u0000\u0000\u0000\u0000\u0000\u0000",
          "\u0000\u0000\u0000\u0000\u0000\u0000\u0000\u0000\u0000\u0000\u0000\u0000\u0000\u0000\u0000\u0000\u0000\u0000\u0000\u0000\u0000\u0000\u0000\u0000",
          "\u0000\u0000\u0000\u0000\u0000\u0000\u0000\u0000\u0000\u0000\u0000\u0000\u0000\u0000\u0000\u0000\u0000\u0000\u0000\u0000\u0000\u0000\u0000\u0000",
          "\u0000\u0000\u0000\u0000\u0000\u0000\u0000\u0000\u0000\u0000\u0000\u0000\u0000\u0000\u0000\u0000\u0000\u0000\u0000\u0000\u0000\u0000\u0000\u0000",
          "\u0000\u0000\u0000\u0000\u0000\u0000\u0000\u0000\u0000\u0000\u0000\u0000\u0000\u0000\u0000\u0000\u0000\u0000\u0000\u0000\u0000\u0000\u0000\u0000",
          "\u0000\u0000\u0000\u0000\u0000\u0000\u0000\u0000\u0000\u0000\u0000\u0000\u0000\u0000\u0000\u0000\u0000\u0000\u0000\u0000\u0000\u0000\u0000\u0000",
          "\u0000\u0000\u0000\u0000\u0000\u0000\u0000\u0000\u0000\u0000\u0000\u0000\u0000\u0000\u0000\u0000\u0000\u0000\u0000\u0000\u0000\u0000\u0000\u0000",
          "\u0000\u0000\u0000\u0000\u0000\u0000\u0000\u0000\u0000\u0000\u0000\u0000\u0000\u0000\u0000\u0000\u0000\u0000\u0000\u0000\u0000\u0000\u0000\u0000",
          "[66, 166, 160, 142, 25, 48, 174, 85, 185, 47, 235, 183, 0, 0, 0, 0, 0, 0, 0, 0, 0, 0, 0, 0]",
          "[41, 239, 161, 128, 56, 74, 7, 183, 153, 60, 125, 63, 0, 0, 0, 0, 0, 0, 0, 0, 0, 0, 0, 0]",
          "[176, 160, 183, 68, 212, 184, 148, 71, 99, 123, 187, 64, 0, 0, 0, 0, 0, 0, 0, 0, 0, 0, 0, 0]",
          "[197, 65, 53, 11, 219, 135, 241, 218, 238, 40, 86, 42, 0, 0, 0, 0, 0, 0, 0, 0, 0, 0, 0, 0]",
          "[106, 208, 178, 114, 113, 55, 163, 10, 195, 36, 79, 210, 0, 0, 0, 0, 0, 0, 0, 0, 0, 0, 0, 0]"
        ]
      },
      {
        "hash": "83565e1c969f8a7295b9ce7121eec3364fc75c0a9c76af0f72ee280d48fccd4d",
        "proofs": [
          [
            "7dd15417bc4380803717a3d5deab67c18ae02954e42af4761096cd8650972f20",
            "3ce4daa5d2d0cc91f47094d30a508a3fc3f78246ab8990eb6363f07aa43f3aca",
            "cc658215b07a7f79d52be83ffc4ef8ece674ae3a249043a15290b49d9f284d3a",
            "62d7715d922bcc0bfe239881bdae535cdd2dbdfe41e205e927b70147f469ef42",
            "c5c5f94667ada216ceb34a696e5ea194ba520d37a3f2b0b4eae9cb0d5671c867",
            "6dfd95da1e8e008bdd6fb60b57c65ec2289c314c84efdcba3b593786f1bf10c8",
            "35e99b3d60d2e67442b813a99b416ba9b0965548e26b4b700b07cb24141bc85e",
            "f8a4a2474e87376eabd6004084ed4e5590ed940aaacc654f04117ed54c5ef852"
          ]
        ],
        "shards": [
          "tx14_round40\u0000\u0000\u0000\u0000\u0000\u0000\u0000\u0000\u0000\u0000\u0000\u0000",
          "\u0000\u0000\u0000\u0000\u0000\u0000\u0000\u0000\u0000\u0000\u0000\u0000\u0000\u0000\u0000\u0000\u0000\u0000\u0000\u0000\u0000\u0000\u0000\u0000",
          "\u0000\u0000\u0000\u0000\u0000\u0000\u0000\u0000\u0000\u0000\u0000\u0000\u0000\u0000\u0000\u0000\u0000\u0000\u0000\u0000\u0000\u0000\u0000\u0000",
          "\u0000\u0000\u0000\u0000\u0000\u0000\u0000\u0000\u0000\u0000\u0000\u0000\u0000\u0000\u0000\u0000\u0000\u0000\u0000\u0000\u0000\u0000\u0000\u0000",
          "\u0000\u0000\u0000\u0000\u0000\u0000\u0000\u0000\u0000\u0000\u0000\u0000\u0000\u0000\u0000\u0000\u0000\u0000\u0000\u0000\u0000\u0000\u0000\u0000",
          "\u0000\u0000\u0000\u0000\u0000\u0000\u0000\u0000\u0000\u0000\u0000\u0000\u0000\u0000\u0000\u0000\u0000\u0000\u0000\u0000\u0000\u0000\u0000\u0000",
          "\u0000\u0000\u0000\u0000\u0000\u0000\u0000\u0000\u0000\u0000\u0000\u0000\u0000\u0000\u0000\u0000\u0000\u0000\u0000\u0000\u0000\u0000\u0000\u0000",
          "\u0000\u0000\u0000\u0000\u0000\u0000\u0000\u0000\u0000\u0000\u0000\u0000\u0000\u0000\u0000\u0000\u0000\u0000\u0000\u0000\u0000\u0000\u0000\u0000",
          "\u0000\u0000\u0000\u0000\u0000\u0000\u0000\u0000\u0000\u0000\u0000\u0000\u0000\u0000\u0000\u0000\u0000\u0000\u0000\u0000\u0000\u0000\u0000\u0000",
          "\u0000\u0000\u0000\u0000\u0000\u0000\u0000\u0000\u0000\u0000\u0000\u0000\u0000\u0000\u0000\u0000\u0000\u0000\u0000\u0000\u0000\u0000\u0000\u0000",
          "\u0000\u0000\u0000\u0000\u0000\u0000\u0000\u0000\u0000\u0000\u0000\u0000\u0000\u0000\u0000\u0000\u0000\u0000\u0000\u0000\u0000\u0000\u0000\u0000",
          "[66, 166, 160, 235, 25, 48, 174, 85, 185, 47, 235, 183, 0, 0, 0, 0, 0, 0, 0, 0, 0, 0, 0, 0]",
          "[41, 239, 161, 125, 56, 74, 7, 183, 153, 60, 125, 63, 0, 0, 0, 0, 0, 0, 0, 0, 0, 0, 0, 0]",
          "[176, 160, 183, 187, 212, 184, 148, 71, 99, 123, 187, 64, 0, 0, 0, 0, 0, 0, 0, 0, 0, 0, 0, 0]",
          "[197, 65, 53, 86, 219, 135, 241, 218, 238, 40, 86, 42, 0, 0, 0, 0, 0, 0, 0, 0, 0, 0, 0, 0]",
          "[106, 208, 178, 79, 113, 55, 163, 10, 195, 36, 79, 210, 0, 0, 0, 0, 0, 0, 0, 0, 0, 0, 0, 0]"
        ]
      },
      {
        "hash": "7eb4139471ebb2653f4563e49afcb8332be7a4c9c91f20be0c437fdca0be41c8",
        "proofs": [
          [
            "e8afd4781a65ae4dc43742839fc9717cdcd0db7bea7114761585ed64db6f43a0",
            "a7d7e58648801423a7d8056cce289b83097ab10c75f439dff94d96ab6050f630",
            "cc658215b07a7f79d52be83ffc4ef8ece674ae3a249043a15290b49d9f284d3a",
            "62d7715d922bcc0bfe239881bdae535cdd2dbdfe41e205e927b70147f469ef42",
            "c5c5f94667ada216ceb34a696e5ea194ba520d37a3f2b0b4eae9cb0d5671c867",
            "6dfd95da1e8e008bdd6fb60b57c65ec2289c314c84efdcba3b593786f1bf10c8",
            "35e99b3d60d2e67442b813a99b416ba9b0965548e26b4b700b07cb24141bc85e",
            "f8a4a2474e87376eabd6004084ed4e5590ed940aaacc654f04117ed54c5ef852"
          ]
        ],
        "shards": [
          "tx15_round40\u0000\u0000\u0000\u0000\u0000\u0000\u0000\u0000\u0000\u0000\u0000\u0000",
          "\u0000\u0000\u0000\u0000\u0000\u0000\u0000\u0000\u0000\u0000\u0000\u0000\u0000\u0000\u0000\u0000\u0000\u0000\u0000\u0000\u0000\u0000\u0000\u0000",
          "\u0000\u0000\u0000\u0000\u0000\u0000\u0000\u0000\u0000\u0000\u0000\u0000\u0000\u0000\u0000\u0000\u0000\u0000\u0000\u0000\u0000\u0000\u0000\u0000",
          "\u0000\u0000\u0000\u0000\u0000\u0000\u0000\u0000\u0000\u0000\u0000\u0000\u0000\u0000\u0000\u0000\u0000\u0000\u0000\u0000\u0000\u0000\u0000\u0000",
          "\u0000\u0000\u0000\u0000\u0000\u0000\u0000\u0000\u0000\u0000\u0000\u0000\u0000\u0000\u0000\u0000\u0000\u0000\u0000\u0000\u0000\u0000\u0000\u0000",
          "\u0000\u0000\u0000\u0000\u0000\u0000\u0000\u0000\u0000\u0000\u0000\u0000\u0000\u0000\u0000\u0000\u0000\u0000\u0000\u0000\u0000\u0000\u0000\u0000",
          "\u0000\u0000\u0000\u0000\u0000\u0000\u0000\u0000\u0000\u0000\u0000\u0000\u0000\u0000\u0000\u0000\u0000\u0000\u0000\u0000\u0000\u0000\u0000\u0000",
          "\u0000\u0000\u0000\u0000\u0000\u0000\u0000\u0000\u0000\u0000\u0000\u0000\u0000\u0000\u0000\u0000\u0000\u0000\u0000\u0000\u0000\u0000\u0000\u0000",
          "\u0000\u0000\u0000\u0000\u0000\u0000\u0000\u0000\u0000\u0000\u0000\u0000\u0000\u0000\u0000\u0000\u0000\u0000\u0000\u0000\u0000\u0000\u0000\u0000",
          "\u0000\u0000\u0000\u0000\u0000\u0000\u0000\u0000\u0000\u0000\u0000\u0000\u0000\u0000\u0000\u0000\u0000\u0000\u0000\u0000\u0000\u0000\u0000\u0000",
          "\u0000\u0000\u0000\u0000\u0000\u0000\u0000\u0000\u0000\u0000\u0000\u0000\u0000\u0000\u0000\u0000\u0000\u0000\u0000\u0000\u0000\u0000\u0000\u0000",
          "[66, 166, 160, 252, 25, 48, 174, 85, 185, 47, 235, 183, 0, 0, 0, 0, 0, 0, 0, 0, 0, 0, 0, 0]",
          "[41, 239, 161, 227, 56, 74, 7, 183, 153, 60, 125, 63, 0, 0, 0, 0, 0, 0, 0, 0, 0, 0, 0, 0]",
          "[176, 160, 183, 76, 212, 184, 148, 71, 99, 123, 187, 64, 0, 0, 0, 0, 0, 0, 0, 0, 0, 0, 0, 0]",
          "[197, 65, 53, 73, 219, 135, 241, 218, 238, 40, 86, 42, 0, 0, 0, 0, 0, 0, 0, 0, 0, 0, 0, 0]",
          "[106, 208, 178, 47, 113, 55, 163, 10, 195, 36, 79, 210, 0, 0, 0, 0, 0, 0, 0, 0, 0, 0, 0, 0]"
        ]
      },
      {
        "hash": "e8afd4781a65ae4dc43742839fc9717cdcd0db7bea7114761585ed64db6f43a0",
        "proofs": [
          [
            "7eb4139471ebb2653f4563e49afcb8332be7a4c9c91f20be0c437fdca0be41c8",
            "a7d7e58648801423a7d8056cce289b83097ab10c75f439dff94d96ab6050f630",
            "cc658215b07a7f79d52be83ffc4ef8ece674ae3a249043a15290b49d9f284d3a",
            "62d7715d922bcc0bfe239881bdae535cdd2dbdfe41e205e927b70147f469ef42",
            "c5c5f94667ada216ceb34a696e5ea194ba520d37a3f2b0b4eae9cb0d5671c867",
            "6dfd95da1e8e008bdd6fb60b57c65ec2289c314c84efdcba3b593786f1bf10c8",
            "35e99b3d60d2e67442b813a99b416ba9b0965548e26b4b700b07cb24141bc85e",
            "f8a4a2474e87376eabd6004084ed4e5590ed940aaacc654f04117ed54c5ef852"
          ]
        ],
        "shards": [
          "tx16_round40\u0000\u0000\u0000\u0000\u0000\u0000\u0000\u0000\u0000\u0000\u0000\u0000",
          "\u0000\u0000\u0000\u0000\u0000\u0000\u0000\u0000\u0000\u0000\u0000\u0000\u0000\u0000\u0000\u0000\u0000\u0000\u0000\u0000\u0000\u0000\u0000\u0000",
          "\u0000\u0000\u0000\u0000\u0000\u0000\u0000\u0000\u0000\u0000\u0000\u0000\u0000\u0000\u0000\u0000\u0000\u0000\u0000\u0000\u0000\u0000\u0000\u0000",
          "\u0000\u0000\u0000\u0000\u0000\u0000\u0000\u0000\u0000\u0000\u0000\u0000\u0000\u0000\u0000\u0000\u0000\u0000\u0000\u0000\u0000\u0000\u0000\u0000",
          "\u0000\u0000\u0000\u0000\u0000\u0000\u0000\u0000\u0000\u0000\u0000\u0000\u0000\u0000\u0000\u0000\u0000\u0000\u0000\u0000\u0000\u0000\u0000\u0000",
          "\u0000\u0000\u0000\u0000\u0000\u0000\u0000\u0000\u0000\u0000\u0000\u0000\u0000\u0000\u0000\u0000\u0000\u0000\u0000\u0000\u0000\u0000\u0000\u0000",
          "\u0000\u0000\u0000\u0000\u0000\u0000\u0000\u0000\u0000\u0000\u0000\u0000\u0000\u0000\u0000\u0000\u0000\u0000\u0000\u0000\u0000\u0000\u0000\u0000",
          "\u0000\u0000\u0000\u0000\u0000\u0000\u0000\u0000\u0000\u0000\u0000\u0000\u0000\u0000\u0000\u0000\u0000\u0000\u0000\u0000\u0000\u0000\u0000\u0000",
          "\u0000\u0000\u0000\u0000\u0000\u0000\u0000\u0000\u0000\u0000\u0000\u0000\u0000\u0000\u0000\u0000\u0000\u0000\u0000\u0000\u0000\u0000\u0000\u0000",
          "\u0000\u0000\u0000\u0000\u0000\u0000\u0000\u0000\u0000\u0000\u0000\u0000\u0000\u0000\u0000\u0000\u0000\u0000\u0000\u0000\u0000\u0000\u0000\u0000",
          "\u0000\u0000\u0000\u0000\u0000\u0000\u0000\u0000\u0000\u0000\u0000\u0000\u0000\u0000\u0000\u0000\u0000\u0000\u0000\u0000\u0000\u0000\u0000\u0000",
          "[66, 166, 160, 197, 25, 48, 174, 85, 185, 47, 235, 183, 0, 0, 0, 0, 0, 0, 0, 0, 0, 0, 0, 0]",
          "[41, 239, 161, 92, 56, 74, 7, 183, 153, 60, 125, 63, 0, 0, 0, 0, 0, 0, 0, 0, 0, 0, 0, 0]",
          "[176, 160, 183, 72, 212, 184, 148, 71, 99, 123, 187, 64, 0, 0, 0, 0, 0, 0, 0, 0, 0, 0, 0, 0]",
          "[197, 65, 53, 104, 219, 135, 241, 218, 238, 40, 86, 42, 0, 0, 0, 0, 0, 0, 0, 0, 0, 0, 0, 0]",
          "[106, 208, 178, 143, 113, 55, 163, 10, 195, 36, 79, 210, 0, 0, 0, 0, 0, 0, 0, 0, 0, 0, 0, 0]"
        ]
      },
      {
        "hash": "10cc796b420ab617892a43b0ba44dcf7ab1f3cee06aef2d4616566fad03c5185",
        "proofs": [
          [
            "7d919d10e1d1935ad9081a4e3a2582089b1f944000cb9d0be9ba85f79d9baab5",
            "28fc2b695d7a4fbc8f86e26a6f4f42a43b41c1008335023dc782597902f3197c",
            "4e7ca0337d0731ca8c3ea8b79384e67794e5e87317cc2152ac7270c1209f3b4b",
            "c22658ceb845bd2a7d541c0aa095e8f6fb1d9a3fc445b54a69775d99759f18b9",
            "d3b172c793fd086eed7adc42a91f2247e13de6f712efb6b7cda1b50340f60b5a",
            "6dfd95da1e8e008bdd6fb60b57c65ec2289c314c84efdcba3b593786f1bf10c8",
            "35e99b3d60d2e67442b813a99b416ba9b0965548e26b4b700b07cb24141bc85e",
            "f8a4a2474e87376eabd6004084ed4e5590ed940aaacc654f04117ed54c5ef852"
          ]
        ],
        "shards": [
          "tx17_round40\u0000\u0000\u0000\u0000\u0000\u0000\u0000\u0000\u0000\u0000\u0000\u0000",
          "\u0000\u0000\u0000\u0000\u0000\u0000\u0000\u0000\u0000\u0000\u0000\u0000\u0000\u0000\u0000\u0000\u0000\u0000\u0000\u0000\u0000\u0000\u0000\u0000",
          "\u0000\u0000\u0000\u0000\u0000\u0000\u0000\u0000\u0000\u0000\u0000\u0000\u0000\u0000\u0000\u0000\u0000\u0000\u0000\u0000\u0000\u0000\u0000\u0000",
          "\u0000\u0000\u0000\u0000\u0000\u0000\u0000\u0000\u0000\u0000\u0000\u0000\u0000\u0000\u0000\u0000\u0000\u0000\u0000\u0000\u0000\u0000\u0000\u0000",
          "\u0000\u0000\u0000\u0000\u0000\u0000\u0000\u0000\u0000\u0000\u0000\u0000\u0000\u0000\u0000\u0000\u0000\u0000\u0000\u0000\u0000\u0000\u0000\u0000",
          "\u0000\u0000\u0000\u0000\u0000\u0000\u0000\u0000\u0000\u0000\u0000\u0000\u0000\u0000\u0000\u0000\u0000\u0000\u0000\u0000\u0000\u0000\u0000\u0000",
          "\u0000\u0000\u0000\u0000\u0000\u0000\u0000\u0000\u0000\u0000\u0000\u0000\u0000\u0000\u0000\u0000\u0000\u0000\u0000\u0000\u0000\u0000\u0000\u0000",
          "\u0000\u0000\u0000\u0000\u0000\u0000\u0000\u0000\u0000\u0000\u0000\u0000\u0000\u0000\u0000\u0000\u0000\u0000\u0000\u0000\u0000\u0000\u0000\u0000",
          "\u0000\u0000\u0000\u0000\u0000\u0000\u0000\u0000\u0000\u0000\u0000\u0000\u0000\u0000\u0000\u0000\u0000\u0000\u0000\u0000\u0000\u0000\u0000\u0000",
          "\u0000\u0000\u0000\u0000\u0000\u0000\u0000\u0000\u0000\u0000\u0000\u0000\u0000\u0000\u0000\u0000\u0000\u0000\u0000\u0000\u0000\u0000\u0000\u0000",
          "\u0000\u0000\u0000\u0000\u0000\u0000\u0000\u0000\u0000\u0000\u0000\u0000\u0000\u0000\u0000\u0000\u0000\u0000\u0000\u0000\u0000\u0000\u0000\u0000",
          "[66, 166, 160, 210, 25, 48, 174, 85, 185, 47, 235, 183, 0, 0, 0, 0, 0, 0, 0, 0, 0, 0, 0, 0]",
          "[41, 239, 161, 194, 56, 74, 7, 183, 153, 60, 125, 63, 0, 0, 0, 0, 0, 0, 0, 0, 0, 0, 0, 0]",
          "[176, 160, 183, 191, 212, 184, 148, 71, 99, 123, 187, 64, 0, 0, 0, 0, 0, 0, 0, 0, 0, 0, 0, 0]",
          "[197, 65, 53, 119, 219, 135, 241, 218, 238, 40, 86, 42, 0, 0, 0, 0, 0, 0, 0, 0, 0, 0, 0, 0]",
          "[106, 208, 178, 239, 113, 55, 163, 10, 195, 36, 79, 210, 0, 0, 0, 0, 0, 0, 0, 0, 0, 0, 0, 0]"
        ]
      },
      {
        "hash": "7d919d10e1d1935ad9081a4e3a2582089b1f944000cb9d0be9ba85f79d9baab5",
        "proofs": [
          [
            "10cc796b420ab617892a43b0ba44dcf7ab1f3cee06aef2d4616566fad03c5185",
            "28fc2b695d7a4fbc8f86e26a6f4f42a43b41c1008335023dc782597902f3197c",
            "4e7ca0337d0731ca8c3ea8b79384e67794e5e87317cc2152ac7270c1209f3b4b",
            "c22658ceb845bd2a7d541c0aa095e8f6fb1d9a3fc445b54a69775d99759f18b9",
            "d3b172c793fd086eed7adc42a91f2247e13de6f712efb6b7cda1b50340f60b5a",
            "6dfd95da1e8e008bdd6fb60b57c65ec2289c314c84efdcba3b593786f1bf10c8",
            "35e99b3d60d2e67442b813a99b416ba9b0965548e26b4b700b07cb24141bc85e",
            "f8a4a2474e87376eabd6004084ed4e5590ed940aaacc654f04117ed54c5ef852"
          ]
        ],
        "shards": [
          "tx18_round40\u0000\u0000\u0000\u0000\u0000\u0000\u0000\u0000\u0000\u0000\u0000\u0000",
          "\u0000\u0000\u0000\u0000\u0000\u0000\u0000\u0000\u0000\u0000\u0000\u0000\u0000\u0000\u0000\u0000\u0000\u0000\u0000\u0000\u0000\u0000\u0000\u0000",
          "\u0000\u0000\u0000\u0000\u0000\u0000\u0000\u0000\u0000\u0000\u0000\u0000\u0000\u0000\u0000\u0000\u0000\u0000\u0000\u0000\u0000\u0000\u0000\u0000",
          "\u0000\u0000\u0000\u0000\u0000\u0000\u0000\u0000\u0000\u0000\u0000\u0000\u0000\u0000\u0000\u0000\u0000\u0000\u0000\u0000\u0000\u0000\u0000\u0000",
          "\u0000\u0000\u0000\u0000\u0000\u0000\u0000\u0000\u0000\u0000\u0000\u0000\u0000\u0000\u0000\u0000\u0000\u0000\u0000\u0000\u0000\u0000\u0000\u0000",
          "\u0000\u0000\u0000\u0000\u0000\u0000\u0000\u0000\u0000\u0000\u0000\u0000\u0000\u0000\u0000\u0000\u0000\u0000\u0000\u0000\u0000\u0000\u0000\u0000",
          "\u0000\u0000\u0000\u0000\u0000\u0000\u0000\u0000\u0000\u0000\u0000\u0000\u0000\u0000\u0000\u0000\u0000\u0000\u0000\u0000\u0000\u0000\u0000\u0000",
          "\u0000\u0000\u0000\u0000\u0000\u0000\u0000\u0000\u0000\u0000\u0000\u0000\u0000\u0000\u0000\u0000\u0000\u0000\u0000\u0000\u0000\u0000\u0000\u0000",
          "\u0000\u0000\u0000\u0000\u0000\u0000\u0000\u0000\u0000\u0000\u0000\u0000\u0000\u0000\u0000\u0000\u0000\u0000\u0000\u0000\u0000\u0000\u0000\u0000",
          "\u0000\u0000\u0000\u0000\u0000\u0000\u0000\u0000\u0000\u0000\u0000\u0000\u0000\u0000\u0000\u0000\u0000\u0000\u0000\u0000\u0000\u0000\u0000\u0000",
          "\u0000\u0000\u0000\u0000\u0000\u0000\u0000\u0000\u0000\u0000\u0000\u0000\u0000\u0000\u0000\u0000\u0000\u0000\u0000\u0000\u0000\u0000\u0000\u0000",
          "[66, 166, 160, 15, 25, 48, 174, 85, 185, 47, 235, 183, 0, 0, 0, 0, 0, 0, 0, 0, 0, 0, 0, 0]",
          "[41, 239, 161, 187, 56, 74, 7, 183, 153, 60, 125, 63, 0, 0, 0, 0, 0, 0, 0, 0, 0, 0, 0, 0]",
          "[176, 160, 183, 171, 212, 184, 148, 71, 99, 123, 187, 64, 0, 0, 0, 0, 0, 0, 0, 0, 0, 0, 0, 0]",
          "[197, 65, 53, 210, 219, 135, 241, 218, 238, 40, 86, 42, 0, 0, 0, 0, 0, 0, 0, 0, 0, 0, 0, 0]",
          "[106, 208, 178, 245, 113, 55, 163, 10, 195, 36, 79, 210, 0, 0, 0, 0, 0, 0, 0, 0, 0, 0, 0, 0]"
        ]
      },
      {
        "hash": "7367721102e8f43fde34087c8f2da25b21a1d9d05e8c64537b68c8b765bd33c8",
        "proofs": [
          [
            "69d3300bd3b41adac6ebb750790c5c0b25372b5054c7386064d077a1e1e2e53f",
            "931b0abd32a01b19b79c575368a8cfc7a694f4e3821d37ace11b04e42ce2dee4",
            "4e7ca0337d0731ca8c3ea8b79384e67794e5e87317cc2152ac7270c1209f3b4b",
            "c22658ceb845bd2a7d541c0aa095e8f6fb1d9a3fc445b54a69775d99759f18b9",
            "d3b172c793fd086eed7adc42a91f2247e13de6f712efb6b7cda1b50340f60b5a",
            "6dfd95da1e8e008bdd6fb60b57c65ec2289c314c84efdcba3b593786f1bf10c8",
            "35e99b3d60d2e67442b813a99b416ba9b0965548e26b4b700b07cb24141bc85e",
            "f8a4a2474e87376eabd6004084ed4e5590ed940aaacc654f04117ed54c5ef852"
          ]
        ],
        "shards": [
          "tx19_round40\u0000\u0000\u0000\u0000\u0000\u0000\u0000\u0000\u0000\u0000\u0000\u0000",
          "\u0000\u0000\u0000\u0000\u0000\u0000\u0000\u0000\u0000\u0000\u0000\u0000\u0000\u0000\u0000\u0000\u0000\u0000\u0000\u0000\u0000\u0000\u0000\u0000",
          "\u0000\u0000\u0000\u0000\u0000\u0000\u0000\u0000\u0000\u0000\u0000\u0000\u0000\u0000\u0000\u0000\u0000\u0000\u0000\u0000\u0000\u0000\u0000\u0000",
          "\u0000\u0000\u0000\u0000\u0000\u0000\u0000\u0000\u0000\u0000\u0000\u0000\u0000\u0000\u0000\u0000\u0000\u0000\u0000\u0000\u0000\u0000\u0000\u0000",
          "\u0000\u0000\u0000\u0000\u0000\u0000\u0000\u0000\u0000\u0000\u0000\u0000\u0000\u0000\u0000\u0000\u0000\u0000\u0000\u0000\u0000\u0000\u0000\u0000",
          "\u0000\u0000\u0000\u0000\u0000\u0000\u0000\u0000\u0000\u0000\u0000\u0000\u0000\u0000\u0000\u0000\u0000\u0000\u0000\u0000\u0000\u0000\u0000\u0000",
          "\u0000\u0000\u0000\u0000\u0000\u0000\u0000\u0000\u0000\u0000\u0000\u0000\u0000\u0000\u0000\u0000\u0000\u0000\u0000\u0000\u0000\u0000\u0000\u0000",
          "\u0000\u0000\u0000\u0000\u0000\u0000\u0000\u0000\u0000\u0000\u0000\u0000\u0000\u0000\u0000\u0000\u0000\u0000\u0000\u0000\u0000\u0000\u0000\u0000",
          "\u0000\u0000\u0000\u0000\u0000\u0000\u0000\u0000\u0000\u0000\u0000\u0000\u0000\u0000\u0000\u0000\u0000\u0000\u0000\u0000\u0000\u0000\u0000\u0000",
          "\u0000\u0000\u0000\u0000\u0000\u0000\u0000\u0000\u0000\u0000\u0000\u0000\u0000\u0000\u0000\u0000\u0000\u0000\u0000\u0000\u0000\u0000\u0000\u0000",
          "\u0000\u0000\u0000\u0000\u0000\u0000\u0000\u0000\u0000\u0000\u0000\u0000\u0000\u0000\u0000\u0000\u0000\u0000\u0000\u0000\u0000\u0000\u0000\u0000",
          "[66, 166, 160, 24, 25, 48, 174, 85, 185, 47, 235, 183, 0, 0, 0, 0, 0, 0, 0, 0, 0, 0, 0, 0]",
          "[41, 239, 161, 37, 56, 74, 7, 183, 153, 60, 125, 63, 0, 0, 0, 0, 0, 0, 0, 0, 0, 0, 0, 0]",
          "[176, 160, 183, 92, 212, 184, 148, 71, 99, 123, 187, 64, 0, 0, 0, 0, 0, 0, 0, 0, 0, 0, 0, 0]",
          "[197, 65, 53, 205, 219, 135, 241, 218, 238, 40, 86, 42, 0, 0, 0, 0, 0, 0, 0, 0, 0, 0, 0, 0]",
          "[106, 208, 178, 149, 113, 55, 163, 10, 195, 36, 79, 210, 0, 0, 0, 0, 0, 0, 0, 0, 0, 0, 0, 0]"
        ]
      },
      {
        "hash": "69d3300bd3b41adac6ebb750790c5c0b25372b5054c7386064d077a1e1e2e53f",
        "proofs": [
          [
            "7367721102e8f43fde34087c8f2da25b21a1d9d05e8c64537b68c8b765bd33c8",
            "931b0abd32a01b19b79c575368a8cfc7a694f4e3821d37ace11b04e42ce2dee4",
            "4e7ca0337d0731ca8c3ea8b79384e67794e5e87317cc2152ac7270c1209f3b4b",
            "c22658ceb845bd2a7d541c0aa095e8f6fb1d9a3fc445b54a69775d99759f18b9",
            "d3b172c793fd086eed7adc42a91f2247e13de6f712efb6b7cda1b50340f60b5a",
            "6dfd95da1e8e008bdd6fb60b57c65ec2289c314c84efdcba3b593786f1bf10c8",
            "35e99b3d60d2e67442b813a99b416ba9b0965548e26b4b700b07cb24141bc85e",
            "f8a4a2474e87376eabd6004084ed4e5590ed940aaacc654f04117ed54c5ef852"
          ]
        ],
        "shards": [
          "tx20_round40\u0000\u0000\u0000\u0000\u0000\u0000\u0000\u0000\u0000\u0000\u0000\u0000",
          "\u0000\u0000\u0000\u0000\u0000\u0000\u0000\u0000\u0000\u0000\u0000\u0000\u0000\u0000\u0000\u0000\u0000\u0000\u0000\u0000\u0000\u0000\u0000\u0000",
          "\u0000\u0000\u0000\u0000\u0000\u0000\u0000\u0000\u0000\u0000\u0000\u0000\u0000\u0000\u0000\u0000\u0000\u0000\u0000\u0000\u0000\u0000\u0000\u0000",
          "\u0000\u0000\u0000\u0000\u0000\u0000\u0000\u0000\u0000\u0000\u0000\u0000\u0000\u0000\u0000\u0000\u0000\u0000\u0000\u0000\u0000\u0000\u0000\u0000",
          "\u0000\u0000\u0000\u0000\u0000\u0000\u0000\u0000\u0000\u0000\u0000\u0000\u0000\u0000\u0000\u0000\u0000\u0000\u0000\u0000\u0000\u0000\u0000\u0000",
          "\u0000\u0000\u0000\u0000\u0000\u0000\u0000\u0000\u0000\u0000\u0000\u0000\u0000\u0000\u0000\u0000\u0000\u0000\u0000\u0000\u0000\u0000\u0000\u0000",
          "\u0000\u0000\u0000\u0000\u0000\u0000\u0000\u0000\u0000\u0000\u0000\u0000\u0000\u0000\u0000\u0000\u0000\u0000\u0000\u0000\u0000\u0000\u0000\u0000",
          "\u0000\u0000\u0000\u0000\u0000\u0000\u0000\u0000\u0000\u0000\u0000\u0000\u0000\u0000\u0000\u0000\u0000\u0000\u0000\u0000\u0000\u0000\u0000\u0000",
          "\u0000\u0000\u0000\u0000\u0000\u0000\u0000\u0000\u0000\u0000\u0000\u0000\u0000\u0000\u0000\u0000\u0000\u0000\u0000\u0000\u0000\u0000\u0000\u0000",
          "\u0000\u0000\u0000\u0000\u0000\u0000\u0000\u0000\u0000\u0000\u0000\u0000\u0000\u0000\u0000\u0000\u0000\u0000\u0000\u0000\u0000\u0000\u0000\u0000",
          "\u0000\u0000\u0000\u0000\u0000\u0000\u0000\u0000\u0000\u0000\u0000\u0000\u0000\u0000\u0000\u0000\u0000\u0000\u0000\u0000\u0000\u0000\u0000\u0000",
          "[66, 166, 153, 183, 25, 48, 174, 85, 185, 47, 235, 183, 0, 0, 0, 0, 0, 0, 0, 0, 0, 0, 0, 0]",
          "[41, 239, 30, 63, 56, 74, 7, 183, 153, 60, 125, 63, 0, 0, 0, 0, 0, 0, 0, 0, 0, 0, 0, 0]",
          "[176, 160, 179, 64, 212, 184, 148, 71, 99, 123, 187, 64, 0, 0, 0, 0, 0, 0, 0, 0, 0, 0, 0, 0]",
          "[197, 65, 20, 42, 219, 135, 241, 218, 238, 40, 86, 42, 0, 0, 0, 0, 0, 0, 0, 0, 0, 0, 0, 0]",
          "[106, 208, 18, 210, 113, 55, 163, 10, 195, 36, 79, 210, 0, 0, 0, 0, 0, 0, 0, 0, 0, 0, 0, 0]"
        ]
      },
      {
        "hash": "614ef69c990e6e878e249ecb98fdd531aa1fd3c0d71d36834d83ec75d3ab8d81",
        "proofs": [
          [
            "1be166d555c802d56734592f88e7febd6da2701fd827d2949452d189867150ff",
            "698f094a0346a13d5133203c058f8e39845445cd82a323b42c6ab11cf031ff9c",
            "b2bbe9181e4b30b4afd1f44ceea0547856674d64ddabf02204f546a4a7de785c",
            "c22658ceb845bd2a7d541c0aa095e8f6fb1d9a3fc445b54a69775d99759f18b9",
            "d3b172c793fd086eed7adc42a91f2247e13de6f712efb6b7cda1b50340f60b5a",
            "6dfd95da1e8e008bdd6fb60b57c65ec2289c314c84efdcba3b593786f1bf10c8",
            "35e99b3d60d2e67442b813a99b416ba9b0965548e26b4b700b07cb24141bc85e",
            "f8a4a2474e87376eabd6004084ed4e5590ed940aaacc654f04117ed54c5ef852"
          ]
        ],
        "shards": [
          "tx21_round40\u0000\u0000\u0000\u0000\u0000\u0000\u0000\u0000\u0000\u0000\u0000\u0000",
          "\u0000\u0000\u0000\u0000\u0000\u0000\u0000\u0000\u0000\u0000\u0000\u0000\u0000\u0000\u0000\u0000\u0000\u0000\u0000\u0000\u0000\u0000\u0000\u0000",
          "\u0000\u0000\u0000\u0000\u0000\u0000\u0000\u0000\u0000\u0000\u0000\u0000\u0000\u0000\u0000\u0000\u0000\u0000\u0000\u0000\u0000\u0000\u0000\u0000",
          "\u0000\u0000\u0000\u0000\u0000\u0000\u0000\u0000\u0000\u0000\u0000\u0000\u0000\u0000\u0000\u0000\u0000\u0000\u0000\u0000\u0000\u0000\u0000\u0000",
          "\u0000\u0000\u0000\u0000\u0000\u0000\u0000\u0000\u0000\u0000\u0000\u0000\u0000\u0000\u0000\u0000\u0000\u0000\u0000\u0000\u0000\u0000\u0000\u0000",
          "\u0000\u0000\u0000\u0000\u0000\u0000\u0000\u0000\u0000\u0000\u0000\u0000\u0000\u0000\u0000\u0000\u0000\u0000\u0000\u0000\u0000\u0000\u0000\u0000",
          "\u0000\u0000\u0000\u0000\u0000\u0000\u0000\u0000\u0000\u0000\u0000\u0000\u0000\u0000\u0000\u0000\u0000\u0000\u0000\u0000\u0000\u0000\u0000\u0000",
          "\u0000\u0000\u0000\u0000\u0000\u0000\u0000\u0000\u0000\u0000\u0000\u0000\u0000\u0000\u0000\u0000\u0000\u0000\u0000\u0000\u0000\u0000\u0000\u0000",
          "\u0000\u0000\u0000\u0000\u0000\u0000\u0000\u0000\u0000\u0000\u0000\u0000\u0000\u0000\u0000\u0000\u0000\u0000\u0000\u0000\u0000\u0000\u0000\u0000",
          "\u0000\u0000\u0000\u0000\u0000\u0000\u0000\u0000\u0000\u0000\u0000\u0000\u0000\u0000\u0000\u0000\u0000\u0000\u0000\u0000\u0000\u0000\u0000\u0000",
          "\u0000\u0000\u0000\u0000\u0000\u0000\u0000\u0000\u0000\u0000\u0000\u0000\u0000\u0000\u0000\u0000\u0000\u0000\u0000\u0000\u0000\u0000\u0000\u0000",
          "[66, 166, 153, 160, 25, 48, 174, 85, 185, 47, 235, 183, 0, 0, 0, 0, 0, 0, 0, 0, 0, 0, 0, 0]",
          "[41, 239, 30, 161, 56, 74, 7, 183, 153, 60, 125, 63, 0, 0, 0, 0, 0, 0, 0, 0, 0, 0, 0, 0]",
          "[176, 160, 179, 183, 212, 184, 148, 71, 99, 123, 187, 64, 0, 0, 0, 0, 0, 0, 0, 0, 0, 0, 0, 0]",
          "[197, 65, 20, 53, 219, 135, 241, 218, 238, 40, 86, 42, 0, 0, 0, 0, 0, 0, 0, 0, 0, 0, 0, 0]",
          "[106, 208, 18, 178, 113, 55, 163, 10, 195, 36, 79, 210, 0, 0, 0, 0, 0, 0, 0, 0, 0, 0, 0, 0]"
        ]
      },
      {
        "hash": "1be166d555c802d56734592f88e7febd6da2701fd827d2949452d189867150ff",
        "proofs": [
          [
            "614ef69c990e6e878e249ecb98fdd531aa1fd3c0d71d36834d83ec75d3ab8d81",
            "698f094a0346a13d5133203c058f8e39845445cd82a323b42c6ab11cf031ff9c",
            "b2bbe9181e4b30b4afd1f44ceea0547856674d64ddabf02204f546a4a7de785c",
            "c22658ceb845bd2a7d541c0aa095e8f6fb1d9a3fc445b54a69775d99759f18b9",
            "d3b172c793fd086eed7adc42a91f2247e13de6f712efb6b7cda1b50340f60b5a",
            "6dfd95da1e8e008bdd6fb60b57c65ec2289c314c84efdcba3b593786f1bf10c8",
            "35e99b3d60d2e67442b813a99b416ba9b0965548e26b4b700b07cb24141bc85e",
            "f8a4a2474e87376eabd6004084ed4e5590ed940aaacc654f04117ed54c5ef852"
          ]
        ],
        "shards": [
          "tx22_round40\u0000\u0000\u0000\u0000\u0000\u0000\u0000\u0000\u0000\u0000\u0000\u0000",
          "\u0000\u0000\u0000\u0000\u0000\u0000\u0000\u0000\u0000\u0000\u0000\u0000\u0000\u0000\u0000\u0000\u0000\u0000\u0000\u0000\u0000\u0000\u0000\u0000",
          "\u0000\u0000\u0000\u0000\u0000\u0000\u0000\u0000\u0000\u0000\u0000\u0000\u0000\u0000\u0000\u0000\u0000\u0000\u0000\u0000\u0000\u0000\u0000\u0000",
          "\u0000\u0000\u0000\u0000\u0000\u0000\u0000\u0000\u0000\u0000\u0000\u0000\u0000\u0000\u0000\u0000\u0000\u0000\u0000\u0000\u0000\u0000\u0000\u0000",
          "\u0000\u0000\u0000\u0000\u0000\u0000\u0000\u0000\u0000\u0000\u0000\u0000\u0000\u0000\u0000\u0000\u0000\u0000\u0000\u0000\u0000\u0000\u0000\u0000",
          "\u0000\u0000\u0000\u0000\u0000\u0000\u0000\u0000\u0000\u0000\u0000\u0000\u0000\u0000\u0000\u0000\u0000\u0000\u0000\u0000\u0000\u0000\u0000\u0000",
          "\u0000\u0000\u0000\u0000\u0000\u0000\u0000\u0000\u0000\u0000\u0000\u0000\u0000\u0000\u0000\u0000\u0000\u0000\u0000\u0000\u0000\u0000\u0000\u0000",
          "\u0000\u0000\u0000\u0000\u0000\u0000\u0000\u0000\u0000\u0000\u0000\u0000\u0000\u0000\u0000\u0000\u0000\u0000\u0000\u0000\u0000\u0000\u0000\u0000",
          "\u0000\u0000\u0000\u0000\u0000\u0000\u0000\u0000\u0000\u0000\u0000\u0000\u0000\u0000\u0000\u0000\u0000\u0000\u0000\u0000\u0000\u0000\u0000\u0000",
          "\u0000\u0000\u0000\u0000\u0000\u0000\u0000\u0000\u0000\u0000\u0000\u0000\u0000\u0000\u0000\u0000\u0000\u0000\u0000\u0000\u0000\u0000\u0000\u0000",
          "\u0000\u0000\u0000\u0000\u0000\u0000\u0000\u0000\u0000\u0000\u0000\u0000\u0000\u0000\u0000\u0000\u0000\u0000\u0000\u0000\u0000\u0000\u0000\u0000",
          "[66, 166, 153, 153, 25, 48, 174, 85, 185, 47, 235, 183, 0, 0, 0, 0, 0, 0, 0, 0, 0, 0, 0, 0]",
          "[41, 239, 30, 30, 56, 74, 7, 183, 153, 60, 125, 63, 0, 0, 0, 0, 0, 0, 0, 0, 0, 0, 0, 0]",
          "[176, 160, 179, 179, 212, 184, 148, 71, 99, 123, 187, 64, 0, 0, 0, 0, 0, 0, 0, 0, 0, 0, 0, 0]",
          "[197, 65, 20, 20, 219, 135, 241, 218, 238, 40, 86, 42, 0, 0, 0, 0, 0, 0, 0, 0, 0, 0, 0, 0]",
          "[106, 208, 18, 18, 113, 55, 163, 10, 195, 36, 79, 210, 0, 0, 0, 0, 0, 0, 0, 0, 0, 0, 0, 0]"
        ]
      },
      {
        "hash": "4726e326bc95e81f1bf0cca1b51a0acd452b22399a51746ea4241112dee99f62",
        "proofs": [
          [
            "bd8985aa37b112eb847a31f83ce35993cd6e7e3e61136aaaafec7344d6b9447a",
            "57a83e9b6df3639060a7ce2c1f49f28f2af65bd413ac1049d5d0cfb3c82e3354",
            "b2bbe9181e4b30b4afd1f44ceea0547856674d64ddabf02204f546a4a7de785c",
            "c22658ceb845bd2a7d541c0aa095e8f6fb1d9a3fc445b54a69775d99759f18b9",
            "d3b172c793fd086eed7adc42a91f2247e13de6f712efb6b7cda1b50340f60b5a",
            "6dfd95da1e8e008bdd6fb60b57c65ec2289c314c84efdcba3b593786f1bf10c8",
            "35e99b3d60d2e67442b813a99b416ba9b0965548e26b4b700b07cb24141bc85e",
            "f8a4a2474e87376eabd6004084ed4e5590ed940aaacc654f04117ed54c5ef852"
          ]
        ],
        "shards": [
          "tx23_round40\u0000\u0000\u0000\u0000\u0000\u0000\u0000\u0000\u0000\u0000\u0000\u0000",
          "\u0000\u0000\u0000\u0000\u0000\u0000\u0000\u0000\u0000\u0000\u0000\u0000\u0000\u0000\u0000\u0000\u0000\u0000\u0000\u0000\u0000\u0000\u0000\u0000",
          "\u0000\u0000\u0000\u0000\u0000\u0000\u0000\u0000\u0000\u0000\u0000\u0000\u0000\u0000\u0000\u0000\u0000\u0000\u0000\u0000\u0000\u0000\u0000\u0000",
          "\u0000\u0000\u0000\u0000\u0000\u0000\u0000\u0000\u0000\u0000\u0000\u0000\u0000\u0000\u0000\u0000\u0000\u0000\u0000\u0000\u0000\u0000\u0000\u0000",
          "\u0000\u0000\u0000\u0000\u0000\u0000\u0000\u0000\u0000\u0000\u0000\u0000\u0000\u0000\u0000\u0000\u0000\u0000\u0000\u0000\u0000\u0000\u0000\u0000",
          "\u0000\u0000\u0000\u0000\u0000\u0000\u0000\u0000\u0000\u0000\u0000\u0000\u0000\u0000\u0000\u0000\u0000\u0000\u0000\u0000\u0000\u0000\u0000\u0000",
          "\u0000\u0000\u0000\u0000\u0000\u0000\u0000\u0000\u0000\u0000\u0000\u0000\u0000\u0000\u0000\u0000\u0000\u0000\u0000\u0000\u0000\u0000\u0000\u0000",
          "\u0000\u0000\u0000\u0000\u0000\u0000\u0000\u0000\u0000\u0000\u0000\u0000\u0000\u0000\u0000\u0000\u0000\u0000\u0000\u0000\u0000\u0000\u0000\u0000",
          "\u0000\u0000\u0000\u0000\u0000\u0000\u0000\u0000\u0000\u0000\u0000\u0000\u0000\u0000\u0000\u0000\u0000\u0000\u0000\u0000\u0000\u0000\u0000\u0000",
          "\u0000\u0000\u0000\u0000\u0000\u0000\u0000\u0000\u0000\u0000\u0000\u0000\u0000\u0000\u0000\u0000\u0000\u0000\u0000\u0000\u0000\u0000\u0000\u0000",
          "\u0000\u0000\u0000\u0000\u0000\u0000\u0000\u0000\u0000\u0000\u0000\u0000\u0000\u0000\u0000\u0000\u0000\u0000\u0000\u0000\u0000\u0000\u0000\u0000",
          "[66, 166, 153, 142, 25, 48, 174, 85, 185, 47, 235, 183, 0, 0, 0, 0, 0, 0, 0, 0, 0, 0, 0, 0]",
          "[41, 239, 30, 128, 56, 74, 7, 183, 153, 60, 125, 63, 0, 0, 0, 0, 0, 0, 0, 0, 0, 0, 0, 0]",
          "[176, 160, 179, 68, 212, 184, 148, 71, 99, 123, 187, 64, 0, 0, 0, 0, 0, 0, 0, 0, 0, 0, 0, 0]",
          "[197, 65, 20, 11, 219, 135, 241, 218, 238, 40, 86, 42, 0, 0, 0, 0, 0, 0, 0, 0, 0, 0, 0, 0]",
          "[106, 208, 18, 114, 113, 55, 163, 10, 195, 36, 79, 210, 0, 0, 0, 0, 0, 0, 0, 0, 0, 0, 0, 0]"
        ]
      },
      {
        "hash": "bd8985aa37b112eb847a31f83ce35993cd6e7e3e61136aaaafec7344d6b9447a",
        "proofs": [
          [
            "4726e326bc95e81f1bf0cca1b51a0acd452b22399a51746ea4241112dee99f62",
            "57a83e9b6df3639060a7ce2c1f49f28f2af65bd413ac1049d5d0cfb3c82e3354",
            "b2bbe9181e4b30b4afd1f44ceea0547856674d64ddabf02204f546a4a7de785c",
            "c22658ceb845bd2a7d541c0aa095e8f6fb1d9a3fc445b54a69775d99759f18b9",
            "d3b172c793fd086eed7adc42a91f2247e13de6f712efb6b7cda1b50340f60b5a",
            "6dfd95da1e8e008bdd6fb60b57c65ec2289c314c84efdcba3b593786f1bf10c8",
            "35e99b3d60d2e67442b813a99b416ba9b0965548e26b4b700b07cb24141bc85e",
            "f8a4a2474e87376eabd6004084ed4e5590ed940aaacc654f04117ed54c5ef852"
          ]
        ],
        "shards": [
          "tx24_round40\u0000\u0000\u0000\u0000\u0000\u0000\u0000\u0000\u0000\u0000\u0000\u0000",
          "\u0000\u0000\u0000\u0000\u0000\u0000\u0000\u0000\u0000\u0000\u0000\u0000\u0000\u0000\u0000\u0000\u0000\u0000\u0000\u0000\u0000\u0000\u0000\u0000",
          "\u0000\u0000\u0000\u0000\u0000\u0000\u0000\u0000\u0000\u0000\u0000\u0000\u0000\u0000\u0000\u0000\u0000\u0000\u0000\u0000\u0000\u0000\u0000\u0000",
          "\u0000\u0000\u0000\u0000\u0000\u0000\u0000\u0000\u0000\u0000\u0000\u0000\u0000\u0000\u0000\u0000\u0000\u0000\u0000\u0000\u0000\u0000\u0000\u0000",
          "\u0000\u0000\u0000\u0000\u0000\u0000\u0000\u0000\u0000\u0000\u0000\u0000\u0000\u0000\u0000\u0000\u0000\u0000\u0000\u0000\u0000\u0000\u0000\u0000",
          "\u0000\u0000\u0000\u0000\u0000\u0000\u0000\u0000\u0000\u0000\u0000\u0000\u0000\u0000\u0000\u0000\u0000\u0000\u0000\u0000\u0000\u0000\u0000\u0000",
          "\u0000\u0000\u0000\u0000\u0000\u0000\u0000\u0000\u0000\u0000\u0000\u0000\u0000\u0000\u0000\u0000\u0000\u0000\u0000\u0000\u0000\u0000\u0000\u0000",
          "\u0000\u0000\u0000\u0000\u0000\u0000\u0000\u0000\u0000\u0000\u0000\u0000\u0000\u0000\u0000\u0000\u0000\u0000\u0000\u0000\u0000\u0000\u0000\u0000",
          "\u0000\u0000\u0000\u0000\u0000\u0000\u0000\u0000\u0000\u0000\u0000\u0000\u0000\u0000\u0000\u0000\u0000\u0000\u0000\u0000\u0000\u0000\u0000\u0000",
          "\u0000\u0000\u0000\u0000\u0000\u0000\u0000\u0000\u0000\u0000\u0000\u0000\u0000\u0000\u0000\u0000\u0000\u0000\u0000\u0000\u0000\u0000\u0000\u0000",
          "\u0000\u0000\u0000\u0000\u0000\u0000\u0000\u0000\u0000\u0000\u0000\u0000\u0000\u0000\u0000\u0000\u0000\u0000\u0000\u0000\u0000\u0000\u0000\u0000",
          "[66, 166, 153, 235, 25, 48, 174, 85, 185, 47, 235, 183, 0, 0, 0, 0, 0, 0, 0, 0, 0, 0, 0, 0]",
          "[41, 239, 30, 125, 56, 74, 7, 183, 153, 60, 125, 63, 0, 0, 0, 0, 0, 0, 0, 0, 0, 0, 0, 0]",
          "[176, 160, 179, 187, 212, 184, 148, 71, 99, 123, 187, 64, 0, 0, 0, 0, 0, 0, 0, 0, 0, 0, 0, 0]",
          "[197, 65, 20, 86, 219, 135, 241, 218, 238, 40, 86, 42, 0, 0, 0, 0, 0, 0, 0, 0, 0, 0, 0, 0]",
          "[106, 208, 18, 79, 113, 55, 163, 10, 195, 36, 79, 210, 0, 0, 0, 0, 0, 0, 0, 0, 0, 0, 0, 0]"
        ]
      },
      {
        "hash": "6ec273079b40c4b87092b39a3b008571c8ad7ac9db8e349aac4ec019c7968737",
        "proofs": [
          [
            "30b5f6b10b526b812d3fa601b02ee9ac0a7886aad0d7a5fdf1b3de590b335de7",
            "3fd539ec947697fc6487c4986b9dd87bbc6203e0abdb45dba0021c34b463b357",
            "e0edccff598c4dc1135904491c9f1c5ac1a8038003c14bcb67ada0824e9ad8f9",
            "f272339983ff3a72d86f8e22e939bb100a200d7bbb08a98e7cb25f125e48d321",
            "d3b172c793fd086eed7adc42a91f2247e13de6f712efb6b7cda1b50340f60b5a",
            "6dfd95da1e8e008bdd6fb60b57c65ec2289c314c84efdcba3b593786f1bf10c8",
            "35e99b3d60d2e67442b813a99b416ba9b0965548e26b4b700b07cb24141bc85e",
            "f8a4a2474e87376eabd6004084ed4e5590ed940aaacc654f04117ed54c5ef852"
          ]
        ],
        "shards": [
          "tx25_round40\u0000\u0000\u0000\u0000\u0000\u0000\u0000\u0000\u0000\u0000\u0000\u0000",
          "\u0000\u0000\u0000\u0000\u0000\u0000\u0000\u0000\u0000\u0000\u0000\u0000\u0000\u0000\u0000\u0000\u0000\u0000\u0000\u0000\u0000\u0000\u0000\u0000",
          "\u0000\u0000\u0000\u0000\u0000\u0000\u0000\u0000\u0000\u0000\u0000\u0000\u0000\u0000\u0000\u0000\u0000\u0000\u0000\u0000\u0000\u0000\u0000\u0000",
          "\u0000\u0000\u0000\u0000\u0000\u0000\u0000\u0000\u0000\u0000\u0000\u0000\u0000\u0000\u0000\u0000\u0000\u0000\u0000\u0000\u0000\u0000\u0000\u0000",
          "\u0000\u0000\u0000\u0000\u0000\u0000\u0000\u0000\u0000\u0000\u0000\u0000\u0000\u0000\u0000\u0000\u0000\u0000\u0000\u0000\u0000\u0000\u0000\u0000",
          "\u0000\u0000\u0000\u0000\u0000\u0000\u0000\u0000\u0000\u0000\u0000\u0000\u0000\u0000\u0000\u0000\u0000\u0000\u0000\u0000\u0000\u0000\u0000\u0000",
          "\u0000\u0000\u0000\u0000\u0000\u0000\u0000\u0000\u0000\u0000\u0000\u0000\u0000\u0000\u0000\u0000\u0000\u0000\u0000\u0000\u0000\u0000\u0000\u0000",
          "\u0000\u0000\u0000\u0000\u0000\u0000\u0000\u0000\u0000\u0000\u0000\u0000\u0000\u0000\u0000\u0000\u0000\u0000\u0000\u0000\u0000\u0000\u0000\u0000",
          "\u0000\u0000\u0000\u0000\u0000\u0000\u0000\u0000\u0000\u0000\u0000\u0000\u0000\u0000\u0000\u0000\u0000\u0000\u0000\u0000\u0000\u0000\u0000\u0000",
          "\u0000\u0000\u0000\u0000\u0000\u0000\u0000\u0000\u0000\u0000\u0000\u0000\u0000\u0000\u0000\u0000\u0000\u0000\u0000\u0000\u0000\u0000\u0000\u0000",
          "\u0000\u0000\u0000\u0000\u0000\u0000\u0000\u0000\u0000\u0000\u0000\u0000\u0000\u0000\u0000\u0000\u0000\u0000\u0000\u0000\u0000\u0000\u0000\u0000",
          "[66, 166, 153, 252, 25, 48, 174, 85, 185, 47, 235, 183, 0, 0, 0, 0, 0, 0, 0, 0, 0, 0, 0, 0]",
          "[41, 239, 30, 227, 56, 74, 7, 183, 153, 60, 125, 63, 0, 0, 0, 0, 0, 0, 0, 0, 0, 0, 0, 0]",
          "[176, 160, 179, 76, 212, 184, 148, 71, 99, 123, 187, 64, 0, 0, 0, 0, 0, 0, 0, 0, 0, 0, 0, 0]",
          "[197, 65, 20, 73, 219, 135, 241, 218, 238, 40, 86, 42, 0, 0, 0, 0, 0, 0, 0, 0, 0, 0, 0, 0]",
          "[106, 208, 18, 47, 113, 55, 163, 10, 195, 36, 79, 210, 0, 0, 0, 0, 0, 0, 0, 0, 0, 0, 0, 0]"
        ]
      },
      {
        "hash": "30b5f6b10b526b812d3fa601b02ee9ac0a7886aad0d7a5fdf1b3de590b335de7",
        "proofs": [
          [
            "6ec273079b40c4b87092b39a3b008571c8ad7ac9db8e349aac4ec019c7968737",
            "3fd539ec947697fc6487c4986b9dd87bbc6203e0abdb45dba0021c34b463b357",
            "e0edccff598c4dc1135904491c9f1c5ac1a8038003c14bcb67ada0824e9ad8f9",
            "f272339983ff3a72d86f8e22e939bb100a200d7bbb08a98e7cb25f125e48d321",
            "d3b172c793fd086eed7adc42a91f2247e13de6f712efb6b7cda1b50340f60b5a",
            "6dfd95da1e8e008bdd6fb60b57c65ec2289c314c84efdcba3b593786f1bf10c8",
            "35e99b3d60d2e67442b813a99b416ba9b0965548e26b4b700b07cb24141bc85e",
            "f8a4a2474e87376eabd6004084ed4e5590ed940aaacc654f04117ed54c5ef852"
          ]
        ],
        "shards": [
          "tx26_round40\u0000\u0000\u0000\u0000\u0000\u0000\u0000\u0000\u0000\u0000\u0000\u0000",
          "\u0000\u0000\u0000\u0000\u0000\u0000\u0000\u0000\u0000\u0000\u0000\u0000\u0000\u0000\u0000\u0000\u0000\u0000\u0000\u0000\u0000\u0000\u0000\u0000",
          "\u0000\u0000\u0000\u0000\u0000\u0000\u0000\u0000\u0000\u0000\u0000\u0000\u0000\u0000\u0000\u0000\u0000\u0000\u0000\u0000\u0000\u0000\u0000\u0000",
          "\u0000\u0000\u0000\u0000\u0000\u0000\u0000\u0000\u0000\u0000\u0000\u0000\u0000\u0000\u0000\u0000\u0000\u0000\u0000\u0000\u0000\u0000\u0000\u0000",
          "\u0000\u0000\u0000\u0000\u0000\u0000\u0000\u0000\u0000\u0000\u0000\u0000\u0000\u0000\u0000\u0000\u0000\u0000\u0000\u0000\u0000\u0000\u0000\u0000",
          "\u0000\u0000\u0000\u0000\u0000\u0000\u0000\u0000\u0000\u0000\u0000\u0000\u0000\u0000\u0000\u0000\u0000\u0000\u0000\u0000\u0000\u0000\u0000\u0000",
          "\u0000\u0000\u0000\u0000\u0000\u0000\u0000\u0000\u0000\u0000\u0000\u0000\u0000\u0000\u0000\u0000\u0000\u0000\u0000\u0000\u0000\u0000\u0000\u0000",
          "\u0000\u0000\u0000\u0000\u0000\u0000\u0000\u0000\u0000\u0000\u0000\u0000\u0000\u0000\u0000\u0000\u0000\u0000\u0000\u0000\u0000\u0000\u0000\u0000",
          "\u0000\u0000\u0000\u0000\u0000\u0000\u0000\u0000\u0000\u0000\u0000\u0000\u0000\u0000\u0000\u0000\u0000\u0000\u0000\u0000\u0000\u0000\u0000\u0000",
          "\u0000\u0000\u0000\u0000\u0000\u0000\u0000\u0000\u0000\u0000\u0000\u0000\u0000\u0000\u0000\u0000\u0000\u0000\u0000\u0000\u0000\u0000\u0000\u0000",
          "\u0000\u0000\u0000\u0000\u0000\u0000\u0000\u0000\u0000\u0000\u0000\u0000\u0000\u0000\u0000\u0000\u0000\u0000\u0000\u0000\u0000\u0000\u0000\u0000",
          "[66, 166, 153, 197, 25, 48, 174, 85, 185, 47, 235, 183, 0, 0, 0, 0, 0, 0, 0, 0, 0, 0, 0, 0]",
          "[41, 239, 30, 92, 56, 74, 7, 183, 153, 60, 125, 63, 0, 0, 0, 0, 0, 0, 0, 0, 0, 0, 0, 0]",
          "[176, 160, 179, 72, 212, 184, 148, 71, 99, 123, 187, 64, 0, 0, 0, 0, 0, 0, 0, 0, 0, 0, 0, 0]",
          "[197, 65, 20, 104, 219, 135, 241, 218, 238, 40, 86, 42, 0, 0, 0, 0, 0, 0, 0, 0, 0, 0, 0, 0]",
          "[106, 208, 18, 143, 113, 55, 163, 10, 195, 36, 79, 210, 0, 0, 0, 0, 0, 0, 0, 0, 0, 0, 0, 0]"
        ]
      },
      {
        "hash": "a3f167d37bab33876077aab078c3e7ff148dd7a6a5d3212350d1c4096a547dd8",
        "proofs": [
          [
            "eeab35b629fa1842f7f21f7ec6059e7b355ecef33d751b89a374ab8fa31561f2",
            "3d52dca2ba4f46d13e90f90b9b2b39e8955d13005aa67058246e973d3ceb2adc",
            "e0edccff598c4dc1135904491c9f1c5ac1a8038003c14bcb67ada0824e9ad8f9",
            "f272339983ff3a72d86f8e22e939bb100a200d7bbb08a98e7cb25f125e48d321",
            "d3b172c793fd086eed7adc42a91f2247e13de6f712efb6b7cda1b50340f60b5a",
            "6dfd95da1e8e008bdd6fb60b57c65ec2289c314c84efdcba3b593786f1bf10c8",
            "35e99b3d60d2e67442b813a99b416ba9b0965548e26b4b700b07cb24141bc85e",
            "f8a4a2474e87376eabd6004084ed4e5590ed940aaacc654f04117ed54c5ef852"
          ]
        ],
        "shards": [
          "tx27_round40\u0000\u0000\u0000\u0000\u0000\u0000\u0000\u0000\u0000\u0000\u0000\u0000",
          "\u0000\u0000\u0000\u0000\u0000\u0000\u0000\u0000\u0000\u0000\u0000\u0000\u0000\u0000\u0000\u0000\u0000\u0000\u0000\u0000\u0000\u0000\u0000\u0000",
          "\u0000\u0000\u0000\u0000\u0000\u0000\u0000\u0000\u0000\u0000\u0000\u0000\u0000\u0000\u0000\u0000\u0000\u0000\u0000\u0000\u0000\u0000\u0000\u0000",
          "\u0000\u0000\u0000\u0000\u0000\u0000\u0000\u0000\u0000\u0000\u0000\u0000\u0000\u0000\u0000\u0000\u0000\u0000\u0000\u0000\u0000\u0000\u0000\u0000",
          "\u0000\u0000\u0000\u0000\u0000\u0000\u0000\u0000\u0000\u0000\u0000\u0000\u0000\u0000\u0000\u0000\u0000\u0000\u0000\u0000\u0000\u0000\u0000\u0000",
          "\u0000\u0000\u0000\u0000\u0000\u0000\u0000\u0000\u0000\u0000\u0000\u0000\u0000\u0000\u0000\u0000\u0000\u0000\u0000\u0000\u0000\u0000\u0000\u0000",
          "\u0000\u0000\u0000\u0000\u0000\u0000\u0000\u0000\u0000\u0000\u0000\u0000\u0000\u0000\u0000\u0000\u0000\u0000\u0000\u0000\u0000\u0000\u0000\u0000",
          "\u0000\u0000\u0000\u0000\u0000\u0000\u0000\u0000\u0000\u0000\u0000\u0000\u0000\u0000\u0000\u0000\u0000\u0000\u0000\u0000\u0000\u0000\u0000\u0000",
          "\u0000\u0000\u0000\u0000\u0000\u0000\u0000\u0000\u0000\u0000\u0000\u0000\u0000\u0000\u0000\u0000\u0000\u0000\u0000\u0000\u0000\u0000\u0000\u0000",
          "\u0000\u0000\u0000\u0000\u0000\u0000\u0000\u0000\u0000\u0000\u0000\u0000\u0000\u0000\u0000\u0000\u0000\u0000\u0000\u0000\u0000\u0000\u0000\u0000",
          "\u0000\u0000\u0000\u0000\u0000\u0000\u0000\u0000\u0000\u0000\u0000\u0000\u0000\u0000\u0000\u0000\u0000\u0000\u0000\u0000\u0000\u0000\u0000\u0000",
          "[66, 166, 153, 210, 25, 48, 174, 85, 185, 47, 235, 183, 0, 0, 0, 0, 0, 0, 0, 0, 0, 0, 0, 0]",
          "[41, 239, 30, 194, 56, 74, 7, 183, 153, 60, 125, 63, 0, 0, 0, 0, 0, 0, 0, 0, 0, 0, 0, 0]",
          "[176, 160, 179, 191, 212, 184, 148, 71, 99, 123, 187, 64, 0, 0, 0, 0, 0, 0, 0, 0, 0, 0, 0, 0]",
          "[197, 65, 20, 119, 219, 135, 241, 218, 238, 40, 86, 42, 0, 0, 0, 0, 0, 0, 0, 0, 0, 0, 0, 0]",
          "[106, 208, 18, 239, 113, 55, 163, 10, 195, 36, 79, 210, 0, 0, 0, 0, 0, 0, 0, 0, 0, 0, 0, 0]"
        ]
      },
      {
        "hash": "eeab35b629fa1842f7f21f7ec6059e7b355ecef33d751b89a374ab8fa31561f2",
        "proofs": [
          [
            "a3f167d37bab33876077aab078c3e7ff148dd7a6a5d3212350d1c4096a547dd8",
            "3d52dca2ba4f46d13e90f90b9b2b39e8955d13005aa67058246e973d3ceb2adc",
            "e0edccff598c4dc1135904491c9f1c5ac1a8038003c14bcb67ada0824e9ad8f9",
            "f272339983ff3a72d86f8e22e939bb100a200d7bbb08a98e7cb25f125e48d321",
            "d3b172c793fd086eed7adc42a91f2247e13de6f712efb6b7cda1b50340f60b5a",
            "6dfd95da1e8e008bdd6fb60b57c65ec2289c314c84efdcba3b593786f1bf10c8",
            "35e99b3d60d2e67442b813a99b416ba9b0965548e26b4b700b07cb24141bc85e",
            "f8a4a2474e87376eabd6004084ed4e5590ed940aaacc654f04117ed54c5ef852"
          ]
        ],
        "shards": [
          "tx28_round40\u0000\u0000\u0000\u0000\u0000\u0000\u0000\u0000\u0000\u0000\u0000\u0000",
          "\u0000\u0000\u0000\u0000\u0000\u0000\u0000\u0000\u0000\u0000\u0000\u0000\u0000\u0000\u0000\u0000\u0000\u0000\u0000\u0000\u0000\u0000\u0000\u0000",
          "\u0000\u0000\u0000\u0000\u0000\u0000\u0000\u0000\u0000\u0000\u0000\u0000\u0000\u0000\u0000\u0000\u0000\u0000\u0000\u0000\u0000\u0000\u0000\u0000",
          "\u0000\u0000\u0000\u0000\u0000\u0000\u0000\u0000\u0000\u0000\u0000\u0000\u0000\u0000\u0000\u0000\u0000\u0000\u0000\u0000\u0000\u0000\u0000\u0000",
          "\u0000\u0000\u0000\u0000\u0000\u0000\u0000\u0000\u0000\u0000\u0000\u0000\u0000\u0000\u0000\u0000\u0000\u0000\u0000\u0000\u0000\u0000\u0000\u0000",
          "\u0000\u0000\u0000\u0000\u0000\u0000\u0000\u0000\u0000\u0000\u0000\u0000\u0000\u0000\u0000\u0000\u0000\u0000\u0000\u0000\u0000\u0000\u0000\u0000",
          "\u0000\u0000\u0000\u0000\u0000\u0000\u0000\u0000\u0000\u0000\u0000\u0000\u0000\u0000\u0000\u0000\u0000\u0000\u0000\u0000\u0000\u0000\u0000\u0000",
          "\u0000\u0000\u0000\u0000\u0000\u0000\u0000\u0000\u0000\u0000\u0000\u0000\u0000\u0000\u0000\u0000\u0000\u0000\u0000\u0000\u0000\u0000\u0000\u0000",
          "\u0000\u0000\u0000\u0000\u0000\u0000\u0000\u0000\u0000\u0000\u0000\u0000\u0000\u0000\u0000\u0000\u0000\u0000\u0000\u0000\u0000\u0000\u0000\u0000",
          "\u0000\u0000\u0000\u0000\u0000\u0000\u0000\u0000\u0000\u0000\u0000\u0000\u0000\u0000\u0000\u0000\u0000\u0000\u0000\u0000\u0000\u0000\u0000\u0000",
          "\u0000\u0000\u0000\u0000\u0000\u0000\u0000\u0000\u0000\u0000\u0000\u0000\u0000\u0000\u0000\u0000\u0000\u0000\u0000\u0000\u0000\u0000\u0000\u0000",
          "[66, 166, 153, 15, 25, 48, 174, 85, 185, 47, 235, 183, 0, 0, 0, 0, 0, 0, 0, 0, 0, 0, 0, 0]",
          "[41, 239, 30, 187, 56, 74, 7, 183, 153, 60, 125, 63, 0, 0, 0, 0, 0, 0, 0, 0, 0, 0, 0, 0]",
          "[176, 160, 179, 171, 212, 184, 148, 71, 99, 123, 187, 64, 0, 0, 0, 0, 0, 0, 0, 0, 0, 0, 0, 0]",
          "[197, 65, 20, 210, 219, 135, 241, 218, 238, 40, 86, 42, 0, 0, 0, 0, 0, 0, 0, 0, 0, 0, 0, 0]",
          "[106, 208, 18, 245, 113, 55, 163, 10, 195, 36, 79, 210, 0, 0, 0, 0, 0, 0, 0, 0, 0, 0, 0, 0]"
        ]
      },
      {
        "hash": "7ef0073c4fbc7b6b67de3cf7c79a088decc44b54b09377e395e294c0a4ee06fb",
        "proofs": [
          [
            "b939ec76b5a1ef897c47380066616bdbf27a01c198884dd2425a6e2afbed91ac",
            "6bff44f02e0247d53370d9521aecacfeceeedd5c4d66045fa4f0f7a53b68084c",
            "8ca77857b8f028ef8d10bbfd409e67feda675f28a15acec932acbbc6dd70f71a",
            "f272339983ff3a72d86f8e22e939bb100a200d7bbb08a98e7cb25f125e48d321",
            "d3b172c793fd086eed7adc42a91f2247e13de6f712efb6b7cda1b50340f60b5a",
            "6dfd95da1e8e008bdd6fb60b57c65ec2289c314c84efdcba3b593786f1bf10c8",
            "35e99b3d60d2e67442b813a99b416ba9b0965548e26b4b700b07cb24141bc85e",
            "f8a4a2474e87376eabd6004084ed4e5590ed940aaacc654f04117ed54c5ef852"
          ]
        ],
        "shards": [
          "tx29_round40\u0000\u0000\u0000\u0000\u0000\u0000\u0000\u0000\u0000\u0000\u0000\u0000",
          "\u0000\u0000\u0000\u0000\u0000\u0000\u0000\u0000\u0000\u0000\u0000\u0000\u0000\u0000\u0000\u0000\u0000\u0000\u0000\u0000\u0000\u0000\u0000\u0000",
          "\u0000\u0000\u0000\u0000\u0000\u0000\u0000\u0000\u0000\u0000\u0000\u0000\u0000\u0000\u0000\u0000\u0000\u0000\u0000\u0000\u0000\u0000\u0000\u0000",
          "\u0000\u0000\u0000\u0000\u0000\u0000\u0000\u0000\u0000\u0000\u0000\u0000\u0000\u0000\u0000\u0000\u0000\u0000\u0000\u0000\u0000\u0000\u0000\u0000",
          "\u0000\u0000\u0000\u0000\u0000\u0000\u0000\u0000\u0000\u0000\u0000\u0000\u0000\u0000\u0000\u0000\u0000\u0000\u0000\u0000\u0000\u0000\u0000\u0000",
          "\u0000\u0000\u0000\u0000\u0000\u0000\u0000\u0000\u0000\u0000\u0000\u0000\u0000\u0000\u0000\u0000\u0000\u0000\u0000\u0000\u0000\u0000\u0000\u0000",
          "\u0000\u0000\u0000\u0000\u0000\u0000\u0000\u0000\u0000\u0000\u0000\u0000\u0000\u0000\u0000\u0000\u0000\u0000\u0000\u0000\u0000\u0000\u0000\u0000",
          "\u0000\u0000\u0000\u0000\u0000\u0000\u0000\u0000\u0000\u0000\u0000\u0000\u0000\u0000\u0000\u0000\u0000\u0000\u0000\u0000\u0000\u0000\u0000\u0000",
          "\u0000\u0000\u0000\u0000\u0000\u0000\u0000\u0000\u0000\u0000\u0000\u0000\u0000\u0000\u0000\u0000\u0000\u0000\u0000\u0000\u0000\u0000\u0000\u0000",
          "\u0000\u0000\u0000\u0000\u0000\u0000\u0000\u0000\u0000\u0000\u0000\u0000\u0000\u0000\u0000\u0000\u0000\u0000\u0000\u0000\u0000\u0000\u0000\u0000",
          "\u0000\u0000\u0000\u0000\u0000\u0000\u0000\u0000\u0000\u0000\u0000\u0000\u0000\u0000\u0000\u0000\u0000\u0000\u0000\u0000\u0000\u0000\u0000\u0000",
          "[66, 166, 153, 24, 25, 48, 174, 85, 185, 47, 235, 183, 0, 0, 0, 0, 0, 0, 0, 0, 0, 0, 0, 0]",
          "[41, 239, 30, 37, 56, 74, 7, 183, 153, 60, 125, 63, 0, 0, 0, 0, 0, 0, 0, 0, 0, 0, 0, 0]",
          "[176, 160, 179, 92, 212, 184, 148, 71, 99, 123, 187, 64, 0, 0, 0, 0, 0, 0, 0, 0, 0, 0, 0, 0]",
          "[197, 65, 20, 205, 219, 135, 241, 218, 238, 40, 86, 42, 0, 0, 0, 0, 0, 0, 0, 0, 0, 0, 0, 0]",
          "[106, 208, 18, 149, 113, 55, 163, 10, 195, 36, 79, 210, 0, 0, 0, 0, 0, 0, 0, 0, 0, 0, 0, 0]"
        ]
      },
      {
        "hash": "b939ec76b5a1ef897c47380066616bdbf27a01c198884dd2425a6e2afbed91ac",
        "proofs": [
          [
            "7ef0073c4fbc7b6b67de3cf7c79a088decc44b54b09377e395e294c0a4ee06fb",
            "6bff44f02e0247d53370d9521aecacfeceeedd5c4d66045fa4f0f7a53b68084c",
            "8ca77857b8f028ef8d10bbfd409e67feda675f28a15acec932acbbc6dd70f71a",
            "f272339983ff3a72d86f8e22e939bb100a200d7bbb08a98e7cb25f125e48d321",
            "d3b172c793fd086eed7adc42a91f2247e13de6f712efb6b7cda1b50340f60b5a",
            "6dfd95da1e8e008bdd6fb60b57c65ec2289c314c84efdcba3b593786f1bf10c8",
            "35e99b3d60d2e67442b813a99b416ba9b0965548e26b4b700b07cb24141bc85e",
            "f8a4a2474e87376eabd6004084ed4e5590ed940aaacc654f04117ed54c5ef852"
          ]
        ],
        "shards": [
          "tx30_round40\u0000\u0000\u0000\u0000\u0000\u0000\u0000\u0000\u0000\u0000\u0000\u0000",
          "\u0000\u0000\u0000\u0000\u0000\u0000\u0000\u0000\u0000\u0000\u0000\u0000\u0000\u0000\u0000\u0