Linux 5.10.234-225.917.amzn2.x86_64 (ip-10-0-140-186.us-west-2.compute.internal) 	04/02/25 	_x86_64_	(2 CPU)

00:11:17        CPU     %user     %nice   %system   %iowait    %steal     %idle
00:11:18        all     67.33      0.00      6.44      1.98     22.28      1.98
00:11:19        all     43.07      0.00      3.96      0.00      9.41     43.56
00:11:20        all     58.71      0.00      6.47      0.50      4.48     29.85
00:11:21        all     35.15      0.00      3.47      0.00     12.38     49.01
00:11:22        all     35.82      0.00      1.99      0.00     12.94     49.25
00:11:23        all     33.82      0.00      3.86      0.00     16.91     45.41
00:11:24        all     35.92      0.00      4.85      0.00     14.56     44.66
00:11:25        all     52.76      0.00      4.52      0.00     15.58     27.14
00:11:26        all     69.46      0.00      5.42      0.00     13.30     11.82
00:11:27        all      0.00      0.00      0.50      0.00      0.00     99.50
00:11:28        all     35.82      0.00      1.00      0.00      2.49     60.70
00:11:29        all      0.00      0.00      0.00      0.00      0.50     99.50
00:11:30        all      0.00      0.00      0.00      0.00      0.00    100.00
00:11:31        all     27.50      0.00      0.50      0.00      8.50     63.50
00:11:32        all     39.30      0.00      0.50      0.00     10.45     49.75
00:11:33        all      8.50      0.00      0.00      0.00      4.00     87.50
00:11:34        all     25.00      0.00      0.00      0.00     14.50     60.50
00:11:35        all      7.96      0.00      0.50      0.00      2.99     88.56
00:11:36        all      0.00      0.00      0.00      0.00      0.00    100.00
00:11:37        all      0.00      0.00      0.00      0.00      0.00    100.00
00:11:38        all      0.50      0.00      0.00      0.00      0.00     99.50
00:11:39        all      0.00      0.00      0.00      0.00      0.00    100.00
00:11:40        all     40.50      0.00      0.50      0.00      7.00     52.00
00:11:41        all     43.63      0.00      1.96      0.00      5.39     49.02
00:11:42        all     40.30      0.00      0.50      0.00      2.99     56.22
00:11:43        all      0.50      0.00      0.00      0.00      0.00     99.50
00:11:44        all     47.47      0.00      0.00      0.51      3.03     48.99
00:11:45        all     26.50      0.00      0.00      0.00      3.50     70.00
00:11:46        all      0.00      0.00      2.01      7.54      0.00     90.45
00:11:47        all     32.51      0.00      1.48      0.00      3.45     62.56
00:11:48        all     42.21      0.00      0.00      0.00      8.04     49.75
00:11:49        all      7.00      0.00      0.00      0.00      1.00     92.00
00:11:50        all      0.00      0.00      0.00      0.00      0.00    100.00
00:11:51        all      0.00      0.00      0.00      2.01      0.00     97.99
00:11:52        all     23.38      0.00      0.50      0.00      9.95     66.17
00:11:53        all     37.44      0.00      1.48      0.00     11.82     49.26
00:11:54        all     12.50      0.00      0.50      0.00      5.00     82.00
00:11:55        all      1.49      0.00      0.00      0.00      1.00     97.51
00:11:56        all     39.71      0.00      1.96      0.00      9.31     49.02
00:11:57        all     38.50      0.00      0.00      0.00     12.00     49.50
00:11:58        all      2.99      0.00      0.50      0.00      2.49     94.03
00:11:59        all      0.00      0.00      0.00      0.00      0.00    100.00
00:12:00        all      0.49      0.00      0.99      0.00      0.00     98.52
00:12:01        all      0.00      0.00      0.00      0.00      0.50     99.50
00:12:02        all      0.00      0.00      0.50      0.00      0.00     99.50
00:12:03        all     26.37      0.00      0.50      0.00     16.42     56.72
00:12:04        all     34.33      0.00      0.00      0.00     15.92     49.75
00:12:05        all     36.68      0.00      0.50      0.00     13.57     49.25
00:12:06        all     37.31      0.00      0.50      0.00     12.44     49.75
00:12:07        all     35.00      0.00      1.00      0.00     15.00     49.00
