Linux 5.10.234-225.921.amzn2.x86_64 (ip-10-0-168-142.us-west-2.compute.internal) 	04/17/25 	_x86_64_	(2 CPU)

02:31:43    kbmemfree kbmemused  %memused kbbuffers  kbcached  kbcommit   %commit  kbactive   kbinact   kbdirty
02:31:44      2420552   1522756     38.62      2088   1265676    376496      9.55    252636   1150976    296748
02:31:45      2301556   1641752     41.63      2088   1274580    520092     13.19    261508   1259640    305648
02:31:46      2322080   1621228     41.11      2088   1278620    452032     11.46    261596   1241368    309740
02:31:47      2246732   1696576     43.02      2088   1278620    527556     13.38    261600   1316772    309740
02:31:48      2260340   1682968     42.68      2088   1278620    513592     13.02    261600   1302704    309740
02:31:49      2259584   1683724     42.70      2088   1278620    514616     13.05    261600   1303744    309740
02:31:50      2257820   1685488     42.74      2088   1278620    516460     13.10    261600   1305536    297740
02:31:51      2472180   1471128     37.31      2088   1278512    297884      7.55    261540   1090128    297716
02:31:52      2472180   1471128     37.31      2088   1278512    297884      7.55    261540   1090128    297716
02:31:53      2472180   1471128     37.31      2088   1278512    297884      7.55    261540   1090128    297716
02:31:54      2472180   1471128     37.31      2088   1278512    297884      7.55    261540   1090128    297716
02:31:55      2472180   1471128     37.31      2088   1278512    297884      7.55    261540   1090128    296516
02:31:56      2472180   1471128     37.31      2088   1278512    297884      7.55    261540   1090052    296324
02:31:57      2472180   1471128     37.31      2088   1278512    297884      7.55    261540   1090052    296324
02:31:58      2472180   1471128     37.31      2088   1278512    297884      7.55    261540   1090052    296324
02:31:59      2472180   1471128     37.31      2088   1278512    297884      7.55    261540   1090052    296324
02:32:00      2472180   1471128     37.31      2088   1278512    297884      7.55    261540   1090052    222924
02:32:01      2470360   1472948     37.35      2088   1278676    305676      7.75    261728   1092736    173376
02:32:02      2451736   1491572     37.83      2088   1278984    324880      8.24    262676   1110932    173844
