Linux 5.10.234-225.917.amzn2.x86_64 (ip-10-0-164-7.us-west-2.compute.internal) 	03/29/25 	_x86_64_	(2 CPU)

01:02:31        CPU     %user     %nice   %system   %iowait    %steal     %idle
01:02:32        all     73.13      0.00      4.98      0.00     15.92      5.97
01:02:33        all     38.81      0.00      4.48      0.00     14.43     42.29
01:02:34        all     49.25      0.00      4.48      0.50      5.47     40.30
01:02:35        all     36.82      0.00      1.00      0.00     12.44     49.75
01:02:36        all     42.50      0.00      3.50      0.00      5.00     49.00
01:02:37        all     43.14      0.00      4.90      0.00      6.37     45.59
01:02:38        all     41.09      0.00      5.45      1.49      7.92     44.06
01:02:39        all     18.32      0.00      2.48      0.00      2.48     76.73
01:02:40        all      0.00      0.00      0.00      0.00      0.00    100.00
01:02:41        all      0.00      0.00      0.00      0.00      0.00    100.00
01:02:42        all      0.00      0.00      0.00      0.00      0.00    100.00
01:02:43        all      0.00      0.00      0.00      2.01      0.00     97.99
01:02:44        all      0.00      0.00      0.50      0.00      0.00     99.50
01:02:45        all      0.00      0.00      0.00      0.00      0.00    100.00
01:02:46        all      0.50      0.00      0.00      0.00      0.00     99.50
01:02:47        all      0.00      0.00      0.00      0.00      0.00    100.00
01:02:48        all      0.00      0.00      0.00      0.00      0.00    100.00
01:02:49        all      1.50      0.00      1.00      0.50      4.00     93.00
01:02:50        all      8.50      0.00      3.50      0.00      8.50     79.50
01:02:51        all     17.96      0.00     10.19      0.00     11.65     60.19
01:02:52        all      7.50      0.00      2.50      0.00      6.50     83.50
01:02:53        all     24.62      0.00      2.01      6.03      6.53     60.80
01:02:54        all     18.05      0.00      9.27      0.49     13.17     59.02
01:02:55        all     26.60      0.00      9.36      0.00      8.87     55.17
01:02:56        all     12.00      0.00      4.50      0.00      2.50     81.00
01:02:57        all     19.21      0.00      4.93      0.00      4.93     70.94
01:02:58        all     23.41      0.00      1.95      0.00     12.20     62.44
01:02:59        all     16.10      0.00     10.73      5.85     12.20     55.12
01:03:00        all     14.00      0.00      6.00      0.00     11.50     68.50
01:03:01        all     17.41      0.00      4.98      0.00      3.48     74.13
01:03:02        all      4.95      0.00      2.97      0.00     12.87     79.21
01:03:03        all      2.48      0.00      1.49      0.00      2.48     93.56
01:03:04        all      1.51      0.00      0.50      2.01      2.01     93.97
01:03:05        all     13.50      0.00      7.50      0.00      5.50     73.50
01:03:06        all      9.36      0.00      1.48      0.00      3.45     85.71
01:03:07        all     25.50      0.00      1.50      0.00      5.00     68.00
01:03:08        all     27.36      0.00     13.43      0.00     21.89     37.31
01:03:09        all     11.56      0.00      3.52      0.00      6.03     78.89
01:03:10        all     17.24      0.00      5.91      0.00      8.87     67.98
01:03:11        all      5.45      0.00      1.98      0.00      2.97     89.60
01:03:12        all     32.34      0.00      5.47      0.00      7.96     54.23
01:03:13        all     13.93      0.00      6.97      0.00      3.98     75.12
01:03:14        all     13.73      0.00      3.43      0.00      7.84     75.00
01:03:15        all     15.08      0.00      6.03      0.00      7.54     71.36
01:03:16        all     20.59      0.00      7.35      0.00      9.31     62.75
01:03:17        all      5.45      0.00      1.98      0.00      3.47     89.11
01:03:18        all     13.50      0.00      8.00      0.00      4.50     74.00
01:03:19        all     22.11      0.00      2.51      0.00      5.03     70.35
01:03:20        all     17.73      0.00      2.46      0.00      3.45     76.35
01:03:21        all     11.44      0.00      6.97      0.00      5.47     76.12
01:03:22        all     25.87      0.00      8.46      0.00      1.99     63.68
01:03:23        all      3.00      0.00      0.50      0.00      0.00     96.50
01:03:24        all     33.84      0.00      8.59      0.00      4.04     53.54
01:03:25        all     30.88      0.00      7.84      0.98      4.41     55.88
01:03:26        all      4.50      0.00      1.50      0.00      3.50     90.50
01:03:27        all     23.23      0.00      6.57      0.00      6.06     64.14
01:03:28        all     15.92      0.00      4.98      0.00      7.46     71.64
01:03:29        all     16.50      0.00      5.00      0.00     12.00     66.50
01:03:30        all     11.94      0.00      4.98      0.50      5.47     77.11
01:03:31        all     20.10      0.00      2.94      0.00     16.67     60.29
01:03:32        all     22.89      0.00      1.49      0.00      6.97     68.66
01:03:33        all     12.50      0.00      7.00      0.00      7.00     73.50
01:03:34        all     23.04      0.00     10.29      0.00     11.27     55.39
01:03:35        all     20.60      0.00      6.03      1.01     11.56     60.80
01:03:36        all      4.93      0.00      1.48      0.00      6.40     87.19
01:03:37        all      8.91      0.00      1.98      0.00      4.95     84.16
01:03:38        all     12.87      0.00      4.46      0.00      3.96     78.71
01:03:39        all     10.24      0.00      6.83      0.00     13.66     69.27
01:03:40        all     22.77      0.00      0.99      0.00      9.41     66.83
01:03:41        all     16.26      0.00      7.88      0.00     14.78     61.08
01:03:42        all     18.41      0.00      7.46      0.00      3.48     70.65
01:03:43        all     16.16      0.00      5.05      0.00      2.53     76.26
01:03:44        all      7.00      0.00      3.50      0.00      2.00     87.50
01:03:45        all     15.42      0.00      6.47      0.50     12.44     65.17
01:03:46        all      8.91      0.00      1.49      0.00      3.96     85.64
01:03:47        all     33.50      0.00      2.00      0.00     10.50     54.00
01:03:48        all     19.70      0.00      7.39      0.00     12.81     60.10
01:03:49        all     21.67      0.00     10.84      0.00     12.81     54.68
01:03:50        all     18.05      0.00      4.88      0.98     11.22     64.88
01:03:51        all      6.47      0.00      3.48      0.00      3.98     86.07
01:03:52        all     24.75      0.00      7.92      0.00     17.82     49.50
01:03:53        all     25.63      0.00      1.51      0.00      6.03     66.83
01:03:54        all     22.33      0.00      7.28      0.00      9.71     60.68
01:03:55        all     15.50      0.00      5.00      0.50     12.00     67.00
01:03:56        all     14.29      0.00      4.93      0.00      9.85     70.94
01:03:57        all      7.46      0.00      0.50      0.00      4.48     87.56
01:03:58        all      6.47      0.00      2.99      0.00      7.96     82.59
01:03:59        all     13.37      0.00      5.94      0.00      7.43     73.27
01:04:00        all     33.00      0.00      4.00      0.50     15.00     47.50
01:04:01        all     17.41      0.00      6.47      0.00      6.97     69.15
01:04:02        all      4.46      0.00      2.97      0.00      8.91     83.66
01:04:03        all     17.50      0.00      7.00      0.00      4.50     71.00
01:04:04        all      1.49      0.00      1.00      0.00      1.00     96.52
01:04:05        all      3.48      0.00      1.00      0.50      3.48     91.54
01:04:06        all     36.50      0.00      7.50      0.00      6.00     50.00
01:04:07        all      2.01      0.00      1.01      0.00      1.01     95.98
01:04:08        all     13.24      0.00      6.37      0.00      2.94     77.45
01:04:09        all     28.22      0.00      6.93      0.00      5.45     59.41
01:04:10        all      6.53      0.00      3.02      0.00      2.51     87.94
01:04:11        all     15.27      0.00      6.90      0.00      6.40     71.43
01:04:12        all     15.76      0.00      7.88      0.00      6.40     69.95
01:04:13        all      8.50      0.00      4.00      0.00      3.50     84.00
01:04:14        all     27.36      0.00      1.49      0.00      5.47     65.67
01:04:15        all     14.93      0.00      5.47      0.00      5.47     74.13
01:04:16        all     29.70      0.00     10.40      0.99      7.43     51.49
01:04:17        all      5.53      0.00      1.01      0.00      2.01     91.46
01:04:18        all     21.29      0.00      5.94      0.00      6.44     66.34
01:04:19        all     16.34      0.00      7.92      0.00      7.92     67.82
01:04:20        all     36.00      0.00      1.00      0.00      9.00     54.00
01:04:21        all      6.50      0.00      2.00      0.50      3.00     88.00
01:04:22        all     20.41      0.00     10.71      0.00      7.65     61.22
01:04:23        all     18.81      0.00      7.43      0.00      7.92     65.84
01:04:24        all     21.18      0.00      7.88      0.00     13.79     57.14
01:04:25        all      7.46      0.00      1.99      0.00      1.49     89.05
01:04:26        all     11.39      0.00      6.93      0.50      3.47     77.72
01:04:27        all     32.66      0.00      1.51      0.00      4.02     61.81
01:04:28        all     13.00      0.00      8.00      0.00      3.00     76.00
01:04:29        all     26.11      0.00      8.87      0.00      9.85     55.17
01:04:30        all     16.00      0.00      5.50      0.00      5.00     73.50
01:04:31        all      4.48      0.00      0.50      0.00      1.49     93.53
01:04:32        all     13.37      0.00      7.43      0.00      6.93     72.28
01:04:33        all      5.50      0.00      3.00      0.00      2.50     89.00
01:04:34        all     34.98      0.00      1.97      0.00      9.85     53.20
01:04:35        all     10.29      0.00      6.37      0.00     14.71     68.63
01:04:36        all     24.75      0.00      9.41      0.50      7.92     57.43
01:04:37        all      7.46      0.00      2.49      0.00      1.49     88.56
01:04:38        all     14.49      0.00      5.80      0.00      6.28     73.43
01:04:39        all      6.03      0.00      4.02      0.00      7.54     82.41
01:04:40        all     13.24      0.00      6.86      0.00      6.37     73.53
01:04:41        all     32.66      0.00      1.01      0.00      6.53     59.80
01:04:42        all     12.38      0.00      3.96      0.00      4.46     79.21
01:04:43        all     22.66      0.00      6.90      0.00      8.37     62.07
01:04:44        all     12.87      0.00      3.96      0.00      6.93     76.24
01:04:45        all     10.95      0.00      3.48      0.00      4.48     81.09
01:04:46        all     28.78      0.00     11.22      0.98     11.71     47.32
01:04:47        all     36.32      0.00      5.47      0.00     19.90     38.31
01:04:48        all      8.00      0.00      2.50      0.00      2.00     87.50
01:04:49        all     25.49      0.00     11.76      0.00     13.73     49.02
01:04:50        all     27.72      0.00      9.41      0.00     13.37     49.50
01:04:51        all      4.95      0.00      0.50      0.00      0.99     93.56
01:04:52        all      8.87      0.00      2.46      0.99      3.94     83.74
01:04:53        all     23.15      0.00      6.90      0.00     10.34     59.61
01:04:54        all     25.74      0.00      1.49      0.00      5.94     66.83
01:04:55        all     24.51      0.00      9.31      0.00     11.27     54.90
01:04:56        all     24.14      0.00     10.84      0.00      6.40     58.62
01:04:57        all      8.33      0.00      2.45      0.98      7.35     80.88
01:04:58        all      9.90      0.00      2.97      0.00      5.94     81.19
01:04:59        all     19.70      0.00      7.58      0.00      3.54     69.19
01:05:00        all     32.34      0.00      1.99      0.00      3.48     62.19
01:05:01        all      5.45      0.00      3.96      0.00      4.95     85.64
01:05:02        all     13.73      0.00      6.37      0.49     17.65     61.76
01:05:03        all     13.79      0.00      7.88      0.00      5.91     72.41
01:05:04        all     18.81      0.00      4.95      0.00     10.40     65.84
01:05:05        all      1.50      0.00      0.50      0.00      0.50     97.50
01:05:06        all      7.46      0.00      1.99      0.00      5.47     85.07
01:05:07        all      2.50      0.00      1.00      0.00      1.00     95.50
01:05:08        all      9.05      0.00      2.51      0.00      8.54     79.90
01:05:09        all      0.00      0.00      0.00      0.00      0.00    100.00
01:05:10        all      1.49      0.00      1.49      0.00      0.50     96.52
01:05:11        all     18.09      0.00      8.54      0.00      8.54     64.82
01:05:12        all     26.50      0.00      1.50      0.50      8.50     63.00
01:05:13        all     12.63      0.00      4.04      0.00      2.02     81.31
01:05:14        all     18.63      0.00      8.33      0.00      8.82     64.22
01:05:15        all     22.39      0.00      8.96      0.00      5.47     63.18
01:05:16        all      3.98      0.00      0.50      0.00      1.00     94.53
01:05:17        all     13.00      0.00      4.00      1.00      3.50     78.50
01:05:18        all     34.33      0.00      6.47      0.00      3.98     55.22
01:05:19        all      8.42      0.00      3.47      0.00      6.44     81.68
01:05:20        all     18.91      0.00      7.46      0.00      8.96     64.68
01:05:21        all     33.83      0.00     12.94      0.00      9.45     43.78
01:05:22        all      5.42      0.00      1.48      0.99      5.42     86.70
01:05:23        all     12.38      0.00      7.92      0.00      9.41     70.30
01:05:24        all     25.13      0.00      5.03      0.00      7.54     62.31
01:05:25        all     22.28      0.00      3.47      0.00      7.43     66.83
01:05:26        all     11.88      0.00      4.46      0.00      5.45     78.22
01:05:27        all     20.90      0.00      9.45      0.50      4.98     64.18
01:05:28        all     24.26      0.00      7.43      0.00      5.94     62.38
01:05:29        all      7.46      0.00      1.49      0.00      1.99     89.05
01:05:30        all      4.46      0.00      3.96      0.00      2.97     88.61
01:05:31        all     24.75      0.00      1.98      0.00      5.94     67.33
01:05:32        all     23.62      0.00      7.04      0.00      4.52     64.82
01:05:33        all     20.10      0.00      7.04      0.00      4.52     68.34
01:05:34        all     11.44      0.00      5.47      0.00      2.99     80.10
01:05:35        all     24.26      0.00      8.91      0.00     11.39     55.45
01:05:36        all      1.00      0.00      0.00      0.00      0.50     98.50
01:05:37        all      4.48      0.00      1.99      0.00      1.49     92.04
01:05:38        all     20.00      0.00      9.50      1.00      6.00     63.50
01:05:39        all     26.00      0.00      1.00      0.00      4.50     68.50
01:05:40        all      6.44      0.00      4.46      0.00      4.46     84.65
01:05:41        all     24.49      0.00      7.65      0.00      1.53     66.33
01:05:42        all     17.00      0.00      5.00      0.00      4.50     73.50
01:05:43        all     15.00      0.00      3.50      0.00      4.50     77.00
01:05:44        all      9.09      0.00      3.03      0.00      1.52     86.36
01:05:45        all     13.50      0.00      4.00      0.00      3.00     79.50
01:05:46        all     30.50      0.00      1.50      0.00      2.50     65.50
01:05:47        all      8.42      0.00      4.46      0.00      3.96     83.17
01:05:48        all     22.73      0.00      9.60      0.51      7.07     60.10
01:05:49        all     20.00      0.00      6.00      0.00      9.00     65.00
01:05:50        all     10.89      0.00      2.97      0.00      2.48     83.66
01:05:51        all      8.50      0.00      4.00      0.00      3.50     84.00
01:05:52        all      6.40      0.00      2.46      0.00      2.46     88.67
01:05:53        all     37.19      0.00      1.51      0.50      7.54     53.27
01:05:54        all     23.74      0.00     12.12      0.00      3.03     61.11
01:05:55        all     11.44      0.00      4.98      0.00      2.49     81.09
01:05:56        all     22.55      0.00      7.84      0.00      9.80     59.80
01:05:57        all     15.08      0.00      4.02      0.00      4.02     76.88
01:05:58        all     18.50      0.00      5.00      1.00      3.00     72.50
01:05:59        all     30.85      0.00      3.48      0.00      3.98     61.69
01:06:00        all     16.59      0.00      7.80      0.00     14.63     60.98
01:06:01        all     26.26      0.00      9.09      0.00      6.06     58.59
01:06:02        all     17.73      0.00      6.40      0.00     26.60     49.26
01:06:03        all      1.01      0.00      0.00      0.00      1.01     97.99
01:06:04        all      8.78      0.00      3.41      0.00      9.76     78.05
01:06:05        all     14.93      0.00      2.49      0.00      4.98     77.61
01:06:06        all     10.95      0.00      1.99      0.00      2.99     84.08
01:06:07        all     10.00      0.00      1.50      0.00      2.50     86.00
01:06:08        all      8.46      0.00      4.48      0.00     10.45     76.62
01:06:09        all     13.79      0.00      3.45      0.00     11.33     71.43
01:06:10        all     33.66      0.00     13.17      0.00     16.59     36.59
01:06:11        all     13.64      0.00      5.05      0.00      4.04     77.27
01:06:12        all     18.00      0.00      7.50      0.00      3.00     71.50
01:06:13        all     11.33      0.00      5.91      0.99      5.42     76.35
01:06:14        all     18.69      0.00      5.56      0.00      5.56     70.20
01:06:15        all     26.73      0.00      2.48      0.00     11.39     59.41
01:06:16        all     20.50      0.00      9.50      0.00      3.00     67.00
01:06:17        all     14.29      0.00      7.39      0.00      3.45     74.88
01:06:18        all     21.00      0.00      8.00      0.00      2.50     68.50
01:06:19        all      6.44      0.00      1.98      0.00      4.95     86.63
01:06:20        all      7.96      0.00      4.98      0.00      4.98     82.09
01:06:21        all     49.25      0.00      9.05      0.00      3.52     38.19
01:06:22        all      5.53      0.00      2.51      0.00      1.51     90.45
01:06:23        all     19.10      0.00     10.05      0.00      4.02     66.83
01:06:24        all     26.73      0.00     10.40      0.50      4.46     57.92
01:06:25        all      9.00      0.00      2.50      0.00      0.50     88.00
01:06:26        all      8.00      0.00      4.50      0.00      2.00     85.50
01:06:27        all      8.42      0.00      5.94      0.00      5.45     80.20
01:06:28        all     33.17      0.00      1.49      0.00     12.87     52.48
01:06:29        all     15.50      0.00      5.50      0.50     12.00     66.50
01:06:30        all     16.83      0.00      6.93      0.00      8.42     67.82
01:06:31        all     18.00      0.00      7.00      0.00      1.50     73.50
01:06:32        all     25.76      0.00     13.13      0.00      0.51     60.61
01:06:33        all      1.51      0.00      0.50      0.00      0.50     97.49
01:06:34        all      1.00      0.00      0.00      1.00      0.00     98.00
01:06:35        all     10.50      0.00      3.50      0.00      1.00     85.00
01:06:36        all     54.27      0.00      7.04      0.00      3.02     35.68
01:06:37        all      4.98      0.00      1.99      0.00      1.00     92.04
01:06:38        all     33.66      0.00     14.36      0.00     11.88     40.10
01:06:39        all     39.80      0.00     13.93      0.00     13.43     32.84
01:06:40        all      4.52      0.00      0.00      0.00      0.50     94.97
01:06:41        all      6.93      0.00      4.46      0.00      2.48     86.14
01:06:42        all     15.61      0.00      4.88      0.00     12.20     67.32
01:06:43        all     28.86      0.00      1.00      0.00     14.93     55.22
01:06:44        all     16.75      0.00      8.87      0.49     11.33     62.56
01:06:45        all     17.73      0.00      5.91      0.00      4.93     71.43
01:06:46        all     25.87      0.00      7.96      0.00      4.48     61.69
01:06:47        all     15.84      0.00      4.46      0.00      5.45     74.26
01:06:48        all      6.47      0.00      2.49      0.00      2.99     88.06
01:06:49        all     25.62      0.00      5.42      0.99      7.88     60.10
01:06:50        all     20.30      0.00      0.99      0.00      5.94     72.77
01:06:51        all      5.97      0.00      4.48      0.00      5.47     84.08
01:06:52        all     22.00      0.00      9.50      0.00      4.50     64.00
01:06:53        all     18.32      0.00      5.45      0.00      6.93     69.31
01:06:54        all     13.79      0.00      3.94      0.99      2.46     78.82
01:06:55        all      9.95      0.00      4.48      0.00     14.43     71.14
01:06:56        all     11.94      0.00      6.47      0.00      3.48     78.11
01:06:57        all     29.50      0.00      2.00      0.00      2.00     66.50
01:06:58        all     12.87      0.00      3.96      0.00      3.47     79.70
01:06:59        all     27.59      0.00      9.85      0.00      7.39     55.17
01:07:00        all     21.29      0.00      5.94      0.00      5.45     67.33
01:07:01        all     12.32      0.00      5.42      0.00      4.43     77.83
01:07:02        all      8.82      0.00      2.94      0.00     12.25     75.98
01:07:03        all      2.02      0.00      1.01      0.00      1.52     95.45
01:07:04        all     26.87      0.00      7.46      0.00     13.43     52.24
01:07:05        all     27.86      0.00      2.99      0.50     11.94     56.72
01:07:06        all      3.96      0.00      2.48      0.00      4.95     88.61
01:07:07        all     15.42      0.00      5.47      0.00      9.45     69.65
01:07:08        all     27.88      0.00     12.98      0.00     18.75     40.38
01:07:09        all     24.26      0.00      5.94      0.00     10.40     59.41
01:07:10        all      7.00      0.00      2.00      0.50      6.00     84.50
01:07:11        all     11.39      0.00      2.97      0.00      3.96     81.68
01:07:12        all      6.03      0.00      1.01      0.00      0.50     92.46
01:07:13        all     38.61      0.00      3.96      0.00      1.49     55.94
01:07:14        all     15.42      0.00      6.47      0.00      3.48     74.63
01:07:15        all     14.21      0.00      5.58      0.00      4.57     75.63
01:07:16        all     26.96      0.00      9.31      0.00     10.29     53.43
01:07:17        all      6.53      0.00      1.51      0.00      1.51     90.45
01:07:18        all      3.98      0.00      1.49      0.00      3.98     90.55
01:07:19        all     15.35      0.00      3.47      0.00      3.96     77.23
01:07:20        all     33.17      0.00      4.95      0.99      3.96     56.93
01:07:21        all     12.00      0.00      6.00      0.00     10.50     71.50
01:07:22        all     15.50      0.00      3.50      0.00      3.50     77.50
01:07:23        all     31.50      0.00     15.50      0.00      4.00     49.00
01:07:24        all     19.40      0.00      4.48      0.00      2.49     73.63
01:07:25        all      3.96      0.00      1.98      0.99      2.48     90.59
01:07:26        all      2.01      0.00      0.00      0.00      0.50     97.49
01:07:27        all     18.41      0.00      3.48      0.00      6.97     71.14
01:07:28        all     41.09      0.00     10.40      0.00     10.89     37.62
01:07:29        all      4.50      0.00      2.50      0.00      2.00     91.00
01:07:30        all     20.10      0.00      9.31      0.00     12.25     58.33
01:07:31        all     30.00      0.00     10.50      0.00      7.50     52.00
01:07:32        all     15.08      0.00      3.52      0.00      4.02     77.39
01:07:33        all      8.54      0.00      3.02      0.00      2.01     86.43
01:07:34        all     18.23      0.00      8.37      0.00     13.30     60.10
01:07:35        all     37.00      0.00      2.00      0.50      5.50     55.00
01:07:36        all      8.42      0.00      3.96      0.00      2.48     85.15
01:07:37        all     13.71      0.00      4.57      0.00      4.06     77.66
01:07:38        all     42.64      0.00     11.68      0.00      4.06     41.62
01:07:39        all      8.04      0.00      3.52      0.00      2.01     86.43
01:07:40        all      4.93      0.00      1.97      0.49      2.46     90.15
01:07:41        all      1.50      0.00      1.00      0.50      1.50     95.50
01:07:42        all     11.50      0.00      3.50      0.00      3.50     81.50
01:07:43        all     37.19      0.00      0.50      0.00      6.03     56.28
01:07:44        all     15.50      0.00      5.00      0.00      5.50     74.00
01:07:45        all     20.79      0.00      8.42      0.00      8.42     62.38
01:07:46        all     39.80      0.00     13.27      0.51     11.73     34.69
01:07:47        all      6.53      0.00      3.02      0.00      1.51     88.94
01:07:48        all      2.51      0.00      1.51      0.00      1.51     94.47
01:07:49        all     22.00      0.00      4.00      0.00      4.50     69.50
01:07:50        all     20.40      0.00      1.49      0.00      3.98     74.13
01:07:51        all      9.85      0.00      4.43      0.00      5.91     79.80
01:07:52        all     25.37      0.00      7.96      0.00     11.94     54.73
01:07:53        all     40.80      0.00     10.95      0.00      1.99     46.27
01:07:54        all      6.97      0.00      2.99      0.00      0.50     89.55
01:07:55        all      5.50      0.00      1.50      0.00      3.00     90.00
01:07:56        all     22.39      0.00      5.47      1.00      4.98     66.17
01:07:57        all     23.38      0.00      1.49      0.00      3.48     71.64
01:07:58        all      5.03      0.00      2.01      0.00      1.51     91.46
01:07:59        all     26.63      0.00     13.07      0.00      9.55     50.75
01:08:00        all     16.58      0.00      5.53      0.00      8.04     69.85
01:08:01        all     22.00      0.00      9.50      0.00      9.50     59.00
01:08:02        all      2.50      0.00      0.50      0.00      5.50     91.50
01:08:03        all      1.00      0.00      0.00      0.00      1.00     98.01
01:08:04        all      2.50      0.00      2.00      0.00      5.50     90.00
01:08:05        all      9.90      0.00      5.45      0.00      8.42     76.24
01:08:06        all     28.79      0.00      0.51      0.51      5.56     64.65
01:08:07        all     19.90      0.00      6.31      0.00     15.53     58.25
01:08:08        all     25.87      0.00     11.94      0.00      6.47     55.72
01:08:09        all      3.02      0.00      1.01      0.00      1.01     94.97
01:08:10        all     27.36      0.00      7.96      0.00     10.95     53.73
01:08:11        all      8.87      0.00      3.45      0.99      1.97     84.73
01:08:12        all     13.78      0.00     10.20      0.00      5.61     70.41
01:08:13        all     33.83      0.00      1.99      0.00      3.98     60.20
01:08:14        all     17.91      0.00      5.47      0.00      1.99     74.63
01:08:15        all     25.37      0.00     10.95      0.00      9.45     54.23
01:08:16        all     35.15      0.00      7.92      0.99      6.93     49.01
01:08:17        all      3.96      0.00      0.99      0.00      1.98     93.07
01:08:18        all      1.50      0.00      0.50      0.00      1.00     97.00
01:08:19        all     21.18      0.00     11.33      0.00     11.82     55.67
01:08:20        all     37.31      0.00      1.00      0.00      2.99     58.71
01:08:21        all      3.50      0.00      1.50      0.00      0.50     94.50
01:08:22        all     20.90      0.00      9.45      0.00      8.96     60.70
01:08:23        all     32.34      0.00     11.94      0.00      7.96     47.76
01:08:24        all     20.20      0.00      6.40      0.00      6.90     66.50
01:08:25        all      0.50      0.00      1.00      0.00      0.50     98.00
01:08:26        all      3.50      0.00      0.00      0.00      2.00     94.50
01:08:27        all     24.88      0.00     14.43      0.50      8.46     51.74
01:08:28        all     35.50      0.00      1.00      0.00      7.50     56.00
01:08:29        all      5.94      0.00      2.97      0.00      0.99     90.10
01:08:30        all     11.44      0.00      5.47      0.00      4.48     78.61
01:08:31        all     52.48      0.00     17.33      0.00      3.47     26.73
01:08:32        all     15.66      0.00      6.06      0.51      1.52     76.26
01:08:33        all      3.50      0.00      1.00      0.00      2.00     93.50
01:08:34        all      2.49      0.00      1.00      0.00      1.99     94.53
01:08:35        all     10.89      0.00      4.46      0.00      6.93     77.72
01:08:36        all     27.23      0.00      7.92      0.00      7.43     57.43
01:08:37        all     21.50      0.00      1.00      0.00      2.50     75.00
01:08:38        all     20.50      0.00      7.00      0.00      5.50     67.00
01:08:39        all     11.62      0.00      4.04      0.00      2.02     82.32
01:08:40        all     34.16      0.00     12.38      0.00     15.84     37.62
01:08:41        all      8.42      0.00      1.98      0.00      3.47     86.14
01:08:42        all      0.50      0.00      0.00      0.50      0.50     98.50
01:08:43        all     11.50      0.00      2.00      0.00      5.00     81.50
01:08:44        all     42.13      0.00      9.64      0.00     10.15     38.07
01:08:45        all     11.50      0.00      1.00      0.00      4.00     83.50
01:08:46        all     12.38      0.00      5.94      0.00      4.46     77.23
01:08:47        all     29.65      0.00     13.57      1.01      5.53     50.25
01:08:48        all     42.86      0.00     14.29      0.00     14.78     28.08
01:08:49        all      3.48      0.00      0.50      0.00      1.99     94.03
01:08:50        all      2.01      0.00      0.00      0.00      1.01     96.98
01:08:51        all      7.00      0.00      3.00      0.00      1.00     89.00
01:08:52        all     19.70      0.00      8.37      0.00     10.34     61.58
01:08:53        all     29.85      0.00      1.00      0.00      4.48     64.68
01:08:54        all     17.91      0.00      6.47      0.00      6.47     69.15
01:08:55        all     18.59      0.00      6.03      0.00      4.02     71.36
01:08:56        all     20.00      0.00      7.00      0.00      2.00     71.00
01:08:57        all     21.78      0.00      6.93      0.00     10.89     60.40
01:08:58        all      1.50      0.00      0.00      0.00      1.00     97.50
01:08:59        all      1.00      0.00      0.00      0.00      1.00     98.00
01:09:00        all      9.62      0.00      6.25      0.00     17.31     66.83
01:09:01        all     11.98      0.00     11.98      0.00     21.20     54.84
01:09:02        all     10.05      0.00      0.00      1.01     10.05     78.89
01:09:03        all     32.18      0.00      0.99      0.00     15.84     50.99
01:09:04        all     18.00      0.00      6.50      0.00      9.00     66.50
01:09:05        all     18.32      0.00      7.43      0.00     14.36     59.90
01:09:06        all     11.39      0.00      5.94      0.00     13.37     69.31
01:09:07        all     28.36      0.00      8.46      0.00     12.44     50.75
01:09:08        all      4.00      0.00      0.50      0.00      0.50     95.00
01:09:09        all     20.20      0.00      7.39      0.00      4.43     67.98
01:09:10        all     38.50      0.00      6.00      0.00     17.00     38.50
01:09:11        all     15.12      0.00      2.93      0.00     13.17     68.78
01:09:12        all     20.40      0.00      8.46      0.00     10.95     60.20
01:09:13        all     29.06      0.00     11.82      0.99      7.88     50.25
01:09:14        all     20.10      0.00      9.05      0.00      7.54     63.32
01:09:15        all      3.94      0.00      0.99      0.00      1.97     93.10
01:09:16        all      9.41      0.00      3.47      0.00      4.95     82.18
01:09:17        all     33.50      0.00      2.00      0.00      9.00     55.50
01:09:18        all     14.93      0.00      4.98      0.00      4.48     75.62
01:09:19        all     27.23      0.00     11.88      0.00      9.41     51.49
01:09:20        all      6.97      0.00      2.99      0.00      1.49     88.56
01:09:21        all     38.27      0.00     17.35      0.00      7.14     37.24
01:09:22        all     15.66      0.00      7.07      0.00      3.54     73.74
01:09:23        all      2.50      0.00      1.00      0.50      1.50     94.50
01:09:24        all      2.01      0.00      0.00      0.00      2.01     95.98
01:09:25        all     10.95      0.00      4.98      0.00      6.47     77.61
01:09:26        all      7.43      0.00      4.46      0.00      1.98     86.14
01:09:27        all     23.74      0.00      0.51      0.00      2.02     73.74
01:09:28        all     31.00      0.00      9.00      0.00      6.00     54.00
01:09:29        all     17.91      0.00      7.46      0.00      2.49     72.14
01:09:30        all      4.50      0.00      1.00      0.00      1.00     93.50
01:09:31        all     25.13      0.00      8.04      0.00      4.02     62.81
01:09:32        all     16.50      0.00      4.00      0.00      3.00     76.50
01:09:33        all      2.99      0.00      2.99      0.00      1.99     92.04
01:09:34        all     26.83      0.00      9.27      0.00      8.78     55.12
01:09:35        all     26.13      0.00      1.01      0.00      4.02     68.84
01:09:36        all     11.06      0.00      3.02      0.00      5.53     80.40
01:09:37        all     25.74      0.00     10.40      0.00      9.41     54.46
01:09:38        all     33.66      0.00     10.89      0.99      7.43     47.03
01:09:39        all      7.00      0.00      2.00      0.00      3.00     88.00
01:09:40        all      1.00      0.00      0.00      0.00      0.50     98.50
01:09:41        all      3.00      0.00      0.50      0.00      1.00     95.50
01:09:42        all     15.00      0.00      5.00      0.00      5.00     75.00
01:09:43        all     36.18      0.00      1.01      0.00      7.54     55.28
01:09:44        all     14.43      0.00      4.48      0.00      2.99     78.11
01:09:45        all     16.00      0.00      4.50      0.00      2.00     77.50
01:09:46        all     33.17      0.00     12.06      0.00      2.01     52.76
01:09:47        all     10.40      0.00      4.46      0.00      0.99     84.16
01:09:48        all      0.50      0.00      0.00      0.50      0.00     99.00
01:09:49        all      2.00      0.00      0.00      0.00      0.50     97.50
01:09:50        all      8.08      0.00      5.05      0.00      2.02     84.85
01:09:51        all      7.07      0.00      4.55      0.00      2.02     86.36
01:09:52        all     34.83      0.00      1.49      0.00      3.48     60.20
01:09:53        all      7.92      0.00      3.47      0.00      1.98     86.63
01:09:54        all     32.51      0.00     13.30      0.00     14.78     39.41
01:09:55        all     22.77      0.00      7.92      0.00      7.92     61.39
01:09:56        all     15.84      0.00      7.92      0.00      8.42     67.82
01:09:57        all      3.50      0.00      0.50      0.00      1.50     94.50
01:09:58        all      3.52      0.00      1.01      0.00      1.01     94.47
01:09:59        all     16.75      0.00      8.87      0.00      6.40     67.98
01:10:00        all      3.00      0.00      0.00      0.00      2.00     95.00
01:10:01        all     35.00      0.00      0.50      0.00     15.00     49.50
01:10:02        all     13.17      0.00      7.32      0.49     21.46     57.56
01:10:03        all     13.43      0.00      5.97      0.00      2.49     78.11
01:10:04        all     14.36      0.00      6.44      0.50      4.95     73.76
01:10:05        all     20.90      0.00      7.46      0.00      7.96     63.68
01:10:06        all     17.00      0.00      5.50      0.00      4.00     73.50
01:10:07        all      4.48      0.00      0.50      0.00      2.99     92.04
01:10:08        all      5.47      0.00      1.99      0.00      2.49     90.05
01:10:09        all     12.87      0.00      8.91      0.99      9.90     67.33
01:10:10        all     34.33      0.00      1.00      0.00      5.47     59.20
01:10:11        all     14.85      0.00      5.94      0.00      9.90     69.31
01:10:12        all     23.50      0.00      9.00      0.00      9.00     58.50
01:10:13        all     32.16      0.00     16.08      0.00     11.06     40.70
01:10:14        all     14.36      0.00      4.46      0.00      7.92     73.27
01:10:15        all      3.52      0.00      0.00      0.00      1.51     94.97
01:10:16        all      6.44      0.00      3.96      0.00      3.96     85.64
01:10:17        all     14.71      0.00      7.35      0.00      2.45     75.49
01:10:18        all     30.00      0.00      0.50      0.00      3.00     66.50
01:10:19        all     20.00      0.00      8.00      0.50      3.00     68.50
01:10:20        all     18.14      0.00      7.35      0.00      7.84     66.67
01:10:21        all     26.00      0.00      9.00      0.00      7.50     57.50
01:10:22        all     15.76      0.00      5.91      0.00      4.93     73.40
01:10:23        all      1.50      0.00      1.00      0.00      1.00     96.50
01:10:24        all     11.71      0.00      6.34      0.00      8.78     73.17
01:10:25        all      5.97      0.00      2.99      0.00      1.49     89.55
01:10:26        all     22.50      0.00      0.50      0.00      5.50     71.50
01:10:27        all     22.50      0.00      5.00      0.00      3.50     69.00
01:10:28        all     16.42      0.00      6.97      0.00      3.48     73.13
01:10:29        all     18.09      0.00      8.04      0.50      2.51     70.85
01:10:30        all     25.63      0.00      6.53      0.00      3.52     64.32
01:10:31        all      2.49      0.00      0.50      0.00      1.49     95.52
01:10:32        all      4.90      0.00      2.94      0.00     12.75     79.41
01:10:33        all     24.75      0.00      4.46      0.00     10.89     59.90
01:10:34        all     11.00      0.00      0.50      0.00      4.50     84.00
01:10:35        all      7.96      0.00      2.49      1.00      5.47     83.08
01:10:36        all     38.50      0.00     14.00      0.00      6.50     41.00
01:10:37        all     34.85      0.00     13.13      0.00      3.03     48.99
01:10:38        all      2.97      0.00      1.49      0.00      2.97     92.57
01:10:39        all      1.00      0.00      1.00      0.00      1.00     97.00
01:10:40        all      1.51      0.00      0.50      0.50      0.00     97.49
01:10:41        all     18.45      0.00      9.22      0.00      7.28     65.05
01:10:42        all     19.50      0.00      1.50      0.00      2.50     76.50
01:10:43        all     26.47      0.00      3.92      0.00     15.69     53.92
01:10:44        all     26.87      0.00      7.96      0.00      6.47     58.71
01:10:45        all     20.69      0.00      8.87      0.49      9.85     60.10
