Linux 5.10.234-225.917.amzn2.x86_64 (ip-10-0-160-247.us-west-2.compute.internal) 	03/29/25 	_x86_64_	(2 CPU)

00:33:46    kbmemfree kbmemused  %memused kbbuffers  kbcached  kbcommit   %commit  kbactive   kbinact   kbdirty
00:33:47      2807060   1136248     28.81      2088    904776    370872      9.41    171304    867072    300396
00:33:48      2696372   1246936     31.62      2088    908524    513124     13.01    179976    968736    303724
00:33:49      2710596   1232712     31.26      2088    918044    443820     11.26    180052    955004    313256
00:33:50      2642556   1300752     32.99      2088    918044    511824     12.98    180056   1022972    313256
00:33:51      2648352   1294956     32.84      2088    918044    505456     12.82    180056   1016656    313256
00:33:52      2648100   1295208     32.85      2088    918044    506480     12.84    180056   1017664    313256
00:33:53      2646588   1296720     32.88      2088    918044    507808     12.88    180056   1019124    313256
00:33:54      2645328   1297980     32.92      2088    918044    508832     12.90    180060   1019964    313256
00:33:55      2857696   1085612     27.53      2088    917976    293544      7.44    180728    807024    313304
00:33:56      2857696   1085612     27.53      2088    917976    293544      7.44    180728    807024    313304
00:33:57      2857696   1085612     27.53      2088    917976    293544      7.44    180728    807024    313304
00:33:58      2857696   1085612     27.53      2088    917976    293544      7.44    180728    807024    173908
00:33:59      2858216   1085092     27.52      2088    917976    293544      7.44    180748    806936    173908
00:34:00      2858216   1085092     27.52      2088    917976    293544      7.44    180748    806936    173908
00:34:01      2858216   1085092     27.52      2088    917976    293544      7.44    180748    806936    173908
00:34:02      2858216   1085092     27.52      2088    917976    293544      7.44    180748    806936    173908
00:34:03      2858216   1085092     27.52      2088    917976    293544      7.44    180748    806992    171164
00:34:04      2856340   1086968     27.56      2088    918132    301232      7.64    180912    809540    171120
00:34:05      2881132   1062176     26.94      2088    918168    272964      6.92    181032    783748    171500
00:34:06      2881132   1062176     26.94      2088    918168    273120      6.93    181032    783784    171500
00:34:07      2880628   1062680     26.95      2088    918172    274316      6.96    181032    785012    171504
00:34:08      2868788   1074520     27.25      2088    918184    285624      7.24    181032    795260    127140
00:34:09      2859968   1083340     27.47      2088    918184    296268      7.51    181032    803980    127140
00:34:10      2855892   1087416     27.58      2088    918188    302268      7.67    181032    808356    127144
00:34:11      2845308   1098000     27.84      2088    918192    310956      7.89    181032    819372    127148
00:34:12      2851080   1092228     27.70      2088    920876    304516      7.72    181032    812728    129832
00:34:13      2853844   1089464     27.63      2088    920884    303444      7.70    181032    809988    129840
00:34:14      2836088   1107220     28.08      2088    920888    318160      8.07    181032    824436     19536
00:34:15      2842224   1101084     27.92      2088    923572    307928      7.81    181032    817920     22220
00:34:16      2846740   1096568     27.81      2088    923576    304300      7.72    181032    812700     22224
00:34:17      2834884   1108424     28.11      2088    923580    316692      8.03    181124    825600     22256
00:34:18      2842444   1100864     27.92      2088    926180    302364      7.67    181124    816552     24856
00:34:19      2835696   1107612     28.09      2088    926268    311752      7.91    181124    824668      8424
00:34:20      2836164   1107144     28.08      2088    926272    312916      7.94    181124    824572      8436
00:34:21      2831724   1111584     28.19      2088    926276    314824      7.98    181124    828280      8440
00:34:22      2836708   1106600     28.06      2088    928964    305828      7.76    181124    822972     11128
00:34:23      2830404   1112904     28.22      2088    928968    313340      7.95    181124    829592     11132
00:34:24      2820020   1123288     28.49      2088    928972    324012      8.22    181124    840448     11148
00:34:25      2830984   1112324     28.21      2088    931660    310140      7.86    181124    829032     13836
00:34:26      2825848   1117460     28.34      2088    931668    316572      8.03    181124    833368     13844
00:34:27      2813076   1130232     28.66      2088    931668    332204      8.42    181124    848760     13844
00:34:28      2826396   1116912     28.32      2088    934348    310452      7.87    181124    833580     16524
00:34:29      2819604   1123704     28.50      2088    934356    319104      8.09    181124    840308     16528
00:34:30      2817160   1126148     28.56      2088    934360    324264      8.22    181124    843916     16532
00:34:31      2816304   1127004     28.58      2088    934364    324232      8.22    181124    844892     16536
00:34:32      2813204   1130104     28.66      2088    937344    323144      8.19    181124    847924     19516
00:34:33      2814264   1129044     28.63      2088    937352    322660      8.18    181124    845696     19524
00:34:34      2813916   1129392     28.64      2088    937356    320872      8.14    181124    845996     19524
00:34:35      2809476   1133832     28.75      2088    940324    322480      8.18    181124    850600     22492
00:34:36      2809516   1133792     28.75      2088    940344    325872      8.26    181124    851468     22512
00:34:37      2802832   1140476     28.92      2088    940348    330776      8.39    181124    856924     22516
00:34:38      2805720   1137588     28.85      2088    943028    322944      8.19    181124    854124     25196
00:34:39      2806228   1137080     28.84      2088    943032    323152      8.19    181124    854864     24900
00:34:40      2800680   1142628     28.98      2088    943040    328504      8.33    181124    857552     24796
00:34:41      2798980   1144328     29.02      2088    943044    334488      8.48    181124    863464     24800
00:34:42      2792520   1150788     29.18      2088    945716    334756      8.49    181124    867884     27472
00:34:43      2802784   1140524     28.92      2088    945732    325104      8.24    181124    858552     27488
00:34:44      2795524   1147784     29.11      2088    945736    335028      8.50    181124    865280     27492
00:34:45      2793712   1149596     29.15      2088    945744    336828      8.54    181124    868292     24836
00:34:46      2796232   1147076     29.09      2088    948420    328656      8.33    181124    864484     27512
00:34:47      2785160   1158148     29.37      2088    948428    340184      8.63    181124    875260     27520
00:34:48      2790280   1153028     29.24      2088    948432    337988      8.57    181124    871388     27524
00:34:49      2777184   1166124     29.57      2088    948436    349788      8.87    181124    883848     27528
00:34:50      2789268   1154040     29.27      2088    951120    334328      8.48    181124    873172     24600
00:34:51      2785136   1158172     29.37      2088    951132    340304      8.63    181124    876744     24620
00:34:52      2768724   1174584     29.79      2088    951132    355092      9.00    181124    891348     24620
00:34:53      2777212   1166096     29.57      2088    953740    341468      8.66    181124    882936     27228
00:34:54      2774760   1168548     29.63      2088    953820    344656      8.74    181124    885728     27308
00:34:55      2759656   1183652     30.02      2088    953828    362184      9.18    181124    900656     24636
00:34:56      2766168   1177140     29.85      2088    956800    351668      8.92    181124    895808     27620
00:34:57      2776552   1166756     29.59      2088    956808    339240      8.60    181124    883536     27628
00:34:58      2778536   1164772     29.54      2088    956812    339188      8.60    181124    883700     27632
00:34:59      2759260   1184048     30.03      2088    956820    358648      9.10    181124    901436     27640
00:35:00      2765248   1178060     29.87      2088    959728    348088      8.83    181124    895744     25220
00:35:01      2759656   1183652     30.02      2088    959808    353892      8.97    181124    900820     25300
00:35:02      2764356   1178952     29.90      2088    959808    348212      8.83    181124    895332     25300
00:35:03      2762696   1180612     29.94      2088    959812    353648      8.97    181124    898288     25304
00:35:04      2752548   1190760     30.20      2088    959812    364304      9.24    181124    908728     25304
00:35:05      2764092   1179216     29.90      2088    962496    346900      8.80    181124    896944     22068
00:35:06      2760920   1182388     29.98      2088    962500    347744      8.82    181124    897380     22072
00:35:07      2755752   1187556     30.12      2088    962508    359884      9.13    181124    906988     22080
00:35:08      2746928   1196380     30.34      2088    965176    361352      9.16    181124    913400     24748
00:35:09      2758264   1185044     30.05      2088    965188    351612      8.92    181124    904200     24760
00:35:10      2756628   1186680     30.09      2088    965200    353020      8.95    181124    904376     22108
00:35:11      2749068   1194240     30.29      2088    965204    362640      9.20    181124    912812     22112
00:35:12      2728900   1214408     30.80      2088    968468    375468      9.52    181124    931296     25376
00:35:13      2748620   1194688     30.30      2088    968480    357320      9.06    181124    913100     25388
00:35:14      2742968   1200340     30.44      2088    968488    362944      9.20    181124    917120     25396
00:35:15      2736424   1206884     30.61      2088    968492    369604      9.37    181124    924888     22736
00:35:16      2742688   1200620     30.45      2088    971176    360812      9.15    181124    919616     25420
00:35:17      2738076   1205232     30.56      2088    971180    362008      9.18    181124    920880     25424
00:35:18      2729284   1214024     30.79      2088    971188    374180      9.49    181124    931948     25432
00:35:19      2734884   1208424     30.64      2088    973860    364232      9.24    181124    926208     28104
00:35:20      2728728   1214580     30.80      2088    973872    370168      9.39    181124    931324     22524
00:35:21      2725708   1217600     30.88      2088    973880    377364      9.57    181124    936584     22532
00:35:22      2698920   1244388     31.56      2088    976552    397984     10.09    181124    961132     25204
00:35:23      2727832   1215476     30.82      2088    976564    367596      9.32    181124    931664     25216
00:35:24      2729792   1213516     30.77      2088    976572    365708      9.27    181124    930444     25224
00:35:25      2719000   1224308     31.05      2088    976576    381144      9.67    181124    944376     25228
00:35:26      2710904   1232404     31.25      2088    979248    382140      9.69    181124    949496     25224
00:35:27      2725868   1217440     30.87      2088    979260    367424      9.32    181124    935236     25348
00:35:28      2725616   1217692     30.88      2088    979272    367884      9.33    181124    935248     25360
00:35:29      2714744   1228564     31.16      2088    979276    380444      9.65    181124    945124     25364
00:35:30      2721576   1221732     30.98      2088    979284    374504      9.50    181124    941012     25372
00:35:31      2721828   1221480     30.98      2088    981960    368840      9.35    181124    938640     22116
00:35:32      2720932   1222376     31.00      2088    981964    369748      9.38    181124    939744     22120
00:35:33      2711652   1231656     31.23      2088    981968    380444      9.65    181124    949536     22124
00:35:34      2704092   1239216     31.43      2088    981972    389524      9.88    181124    956348     22128
00:35:35      2677980   1265328     32.09      2088    981976    415348     10.53    181124    983900     22132
00:35:36      2711488   1231820     31.24      2088    985252    376896      9.56    181124    949144     22744
00:35:37      2704936   1238372     31.40      2088    985256    384604      9.75    181124    956976     22748
00:35:38      2697564   1245744     31.59      2088    985260    383120      9.72    181124    955284     22752
00:35:39      2694352   1248956     31.67      2088    985264    395312     10.02    181124    967236     22756
00:35:40      2706172   1237136     31.37      2088    987936    377760      9.58    181124    953916     25428
00:35:41      2696752   1246556     31.61      2088    987956    388884      9.86    181124    964012     22784
00:35:42      2697260   1246048     31.60      2088    987960    390392      9.90    181124    963780     22788
00:35:43      2698468   1244840     31.57      2088    990640    383440      9.72    181124    961700     25468
00:35:44      2698464   1244844     31.57      2088    990648    384088      9.74    181124    962288     25488
00:35:45      2686468   1256840     31.87      2088    990656    398860     10.11    181124    974336     25496
00:35:46      2682688   1260620     31.97      2088    990660    402336     10.20    181124    979724     19580
00:35:47      2692504   1250804     31.72      2088    993924    385340      9.77    181124    967136     22844
00:35:48      2686444   1256864     31.87      2088    993940    391844      9.94    181124    973352     22860
00:35:49      2680388   1262920     32.03      2088    993944    400956     10.17    181124    980328     22864
00:35:50      2657700   1285608     32.60      2088    996612    419188     10.63    181124   1002872     25532
00:35:51      2684916   1258392     31.91      2088    996632    391144      9.92    181124    975000     22636
00:35:52      2687436   1255872     31.85      2088    996636    392856      9.96    181124    974652     22640
00:35:53      2675636   1267672     32.15      2088    996640    403872     10.24    181124    986432     22644
00:35:54      2683956   1259352     31.94      2088    999324    389644      9.88    181124    976212     25328
00:35:55      2682696   1260612     31.97      2088    999324    392080      9.94    181124    978728     25328
00:35:56      2680108   1263200     32.03      2088    999332    393396      9.98    181124    980172     20036
00:35:57      2671104   1272204     32.26      2088    999336    405416     10.28    181124    990612     20012
00:35:58      2678152   1265156     32.08      2088   1002312    391968      9.94    181124    981688     22988
00:35:59      2673808   1269500     32.19      2088   1002320    394320     10.00    181124    983980     22996
00:36:00      2674624   1268684     32.17      2088   1002324    397164     10.07    181124    985932     23000
00:36:01      2673584   1269724     32.20      2088   1002324    400604     10.16    181124    987980     20216
00:36:02      2661376   1281932     32.51      2088   1002328    410620     10.41    181124    998476     20228
00:36:03      2644532   1298776     32.94      2088   1005000    423248     10.73    181124   1015580     22900
00:36:04      2669020   1274288     32.32      2088   1005012    397464     10.08    181124    990508     22912
00:36:05      2663780   1279528     32.45      2088   1005016    405540     10.28    181124    997528     22916
00:36:06      2657616   1285692     32.60      2088   1005020    409884     10.39    181124   1001084     19720
00:36:07      2613360   1329948     33.73      2088   1007672    450824     11.43    181124   1046212     22316
00:36:08      2665944   1277364     32.39      2088   1007708    400236     10.15    181124    995508     22352
00:36:09      2659508   1283800     32.56      2088   1007708    406576     10.31    181124   1001456     22352
00:36:10      2654436   1288872     32.69      2088   1007716    411192     10.43    181124   1005652     22360
00:36:11      2645616   1297692     32.91      2088   1010324    417276     10.58    181124   1014252     24968
00:36:12      2659956   1283352     32.55      2088   1010408    402760     10.21    181124   1000400     22384
00:36:13      2652140   1291168     32.74      2088   1010408    410816     10.42    181124   1008040     22384
00:36:14      2653528   1289780     32.71      2088   1010412    411816     10.44    181124   1007160     22388
00:36:15      2641612   1301696     33.01      2088   1010416    423040     10.73    181124   1018392     22392
00:36:16      2655164   1288144     32.67      2088   1013100    404164     10.25    181124   1004496     25076
00:36:17      2650116   1293192     32.79      2088   1013104    410120     10.40    181124   1010144     19160
00:36:18      2642500   1300808     32.99      2088   1013108    417956     10.60    181124   1016428     19164
00:36:19      2636476   1306832     33.14      2088   1013116    426000     10.80    181124   1024316     19172
00:36:20      2651336   1291972     32.76      2088   1015796    405572     10.29    181124   1008940     21852
00:36:21      2640192   1303116     33.05      2088   1015804    416740     10.57    181124   1019896     21860
00:36:22      2643904   1299404     32.95      2088   1015808    418488     10.61    181124   1018852     18976
00:36:23      2637472   1305836     33.12      2088   1018480    417728     10.59    181124   1022656     21648
00:36:24      2641572   1301736     33.01      2088   1018488    415196     10.53    181124   1020824     21656
00:36:25      2635760   1307548     33.16      2088   1018496    416428     10.56    181124   1021440     21664
00:36:26      2632880   1310428     33.23      2088   1018504    424044     10.75    181124   1027092     21672
00:36:27      2641216   1302092     33.02      2088   1021176    410476     10.41    181124   1018280     21680
00:36:28      2641764   1301544     33.01      2088   1021184    410120     10.40    181124   1018296     21688
00:36:29      2637784   1305524     33.11      2088   1021188    415128     10.53    181124   1022464     21692
00:36:30      2630224   1313084     33.30      2088   1021192    424900     10.78    181124   1030848     21696
00:36:31      2628420   1314888     33.34      2088   1021196    426012     10.80    181124   1033956     21700
00:36:32      2631876   1311432     33.26      2088   1023884    417580     10.59    181124   1028780     21412
00:36:33      2631352   1311956     33.27      2088   1023892    418240     10.61    181124   1028552     21428
00:36:34      2622072   1321236     33.51      2088   1023896    432940     10.98    181124   1041068     21432
00:36:35      2626780   1316528     33.39      2088   1026500    419588     10.64    181124   1032816     24036
00:36:36      2626788   1316520     33.39      2088   1026580    419796     10.65    181124   1033716     24116
00:36:37      2622832   1320476     33.49      2088   1026584    425912     10.80    181124   1038568     21520
00:36:38      2604584   1338724     33.95      2088   1026588    443928     11.26    181124   1055316     21460
00:36:39      2607164   1336144     33.88      2088   1026588    443868     11.26    181124   1054844     21460
00:36:40      2597412   1345896     34.13      2088   1029268    447360     11.34    181124   1062840     24140
00:36:41      2607220   1336088     33.88      2088   1029276    439120     11.14    181124   1054036     24148
00:36:42      2609412   1333896     33.83      2088   1029280    436508     11.07    181124   1049868     18852
00:36:43      2595076   1348232     34.19      2088   1029284    449808     11.41    181124   1063568     18828
00:36:44      2610740   1332568     33.79      2088   1031960    431248     10.94    181124   1049768     21504
00:36:45      2600692   1342616     34.05      2088   1031976    441168     11.19    181124   1058996     21520
00:36:46      2602768   1340540     34.00      2088   1031976    441240     11.19    181124   1057448     21520
00:36:47      2590612   1352696     34.30      2088   1031980    453400     11.50    181124   1070084     18848
00:36:48      2605976   1337332     33.91      2088   1034656    432044     10.96    181124   1053260     21524
00:36:49      2600372   1342936     34.06      2088   1034672    438400     11.12    181124   1058952     21552
00:36:50      2600368   1342940     34.06      2088   1034676    442812     11.23    181124   1061224     21556
00:36:51      2581732   1361576     34.53      2088   1034680    459712     11.66    181124   1078688     21560
00:36:52      2600424   1342884     34.05      2088   1037652    435336     11.04    181124   1059076     24532
00:36:53      2594824   1348484     34.20      2088   1037664    440444     11.17    181124   1064624     21648
00:36:54      2591300   1352008     34.29      2088   1037668    446848     11.33    181124   1069072     21652
00:36:55      2516244   1427064     36.19      2088   1040576    517084     13.11    181124   1143140     24560
00:36:56      2581516   1361792     34.53      2088   1040652    452352     11.47    181124   1078496     24636
00:36:57      2581512   1361796     34.53      2088   1040656    451300     11.44    181124   1077948     24640
00:36:58      2570104   1373204     34.82      2088   1040660    464256     11.77    181124   1088700     19316
00:36:59      2509896   1433412     36.35      2088   1043264    521004     13.21    181124   1149616     21920
00:37:00      2582396   1360912     34.51      2088   1043348    446900     11.33    181124   1076460     22004
00:37:01      2581200   1362108     34.54      2088   1043352    447944     11.36    181124   1078180     22008
00:37:02      2580988   1362320     34.55      2088   1043360    451620     11.45    181124   1080244     22016
00:37:03      2569140   1374168     34.85      2088   1043360    462160     11.72    181124   1090044     19340
00:37:04      2580928   1362380     34.55      2088   1046032    446372     11.32    181124   1078452     22020
00:37:05      2576192   1367116     34.67      2088   1046044    450900     11.43    181124   1083616     22032
00:37:06      2580224   1363084     34.57      2088   1046048    446884     11.33    181124   1079560     22036
00:37:07      2576540   1366768     34.66      2088   1046056    454500     11.53    181124   1084796     22044
00:37:08      2556828   1386480     35.16      2088   1046056    472456     11.98    181124   1102616     19380
00:37:09      2559804   1383504     35.08      2088   1048736    465084     11.79    181124   1099724     22060
00:37:10      2572152   1371156     34.77      2088   1048748    452636     11.48    181124   1088168     22072
00:37:11      2566992   1376316     34.90      2088   1048752    460312     11.67    181124   1092844     22076
00:37:12      2566356   1376952     34.92      2088   1048756    461372     11.70    181124   1094232     22080
00:37:13      2557452   1385856     35.14      2088   1051424    464580     11.78    181124   1102140     22084
00:37:14      2567800   1375508     34.88      2088   1051440    453976     11.51    181124   1091800     22100
00:37:15      2559008   1384300     35.11      2088   1051444    465040     11.79    181124   1102680     22104
00:37:16      2563040   1380268     35.00      2088   1051448    461960     11.72    181124   1098072     22108
00:37:17      2549464   1393844     35.35      2088   1051452    474892     12.04    181124   1111260     22112
00:37:18      2560492   1382816     35.07      2088   1054136    458344     11.62    181124   1099284     19468
00:37:19      2555968   1387340     35.18      2088   1054136    464552     11.78    181124   1105040     19468
00:37:20      2542840   1400468     35.52      2088   1054140    480288     12.18    181124   1118216     19472
00:37:21      2545532   1397776     35.45      2088   1054144    477548     12.11    181124   1114972     19476
00:37:22      2490456   1452852     36.84      2088   1054144    530740     13.46    181124   1169744     19476
00:37:23      2545644   1397664     35.44      2088   1056832    474128     12.02    181124   1115980     18988
00:37:24      2547408   1395900     35.40      2088   1056832    472260     11.98    181124   1114220     18960
00:37:25      2525648   1417660     35.95      2088   1056844    487232     12.36    181124   1126896     19076
00:37:26      2539752   1403556     35.59      2088   1056844    482120     12.23    181124   1122788     19076
00:37:27      2531168   1412140     35.81      2088   1059524    483584     12.26    181124   1128084     21756
00:37:28      2531584   1411724     35.80      2088   1059528    485776     12.32    181124   1129632     18860
00:37:29      2526980   1416328     35.92      2088   1059536    489940     12.42    181124   1134160     18808
00:37:30      2524332   1418976     35.98      2088   1059540    495064     12.55    181124   1138176     18812
00:37:31      2498672   1444636     36.64      2088   1062216    513140     13.01    181124   1160816     21488
00:37:32      2535296   1408012     35.71      2088   1062224    476600     12.09    181124   1123940     21496
00:37:33      2524616   1418692     35.98      2088   1062228    488236     12.38    181124   1135492     21500
00:37:34      2524712   1418596     35.97      2088   1062232    490540     12.44    181124   1135824     18828
00:37:35      2521536   1421772     36.06      2088   1062236    492448     12.49    181124   1138384     18836
00:37:36      2519884   1423424     36.10      2088   1064912    489660     12.42    181124   1139440     21512
00:37:37      2522152   1421156     36.04      2088   1064920    488408     12.39    181124   1138980     21520
00:37:38      2511800   1431508     36.30      2088   1064924    497596     12.62    181124   1147216     21536
00:37:39      2516892   1426416     36.17      2088   1064928    496240     12.58    181124   1144372     18876
00:37:40      2515600   1427708     36.21      2088   1064932    496968     12.60    181124   1145456     18880
00:37:41      2496796   1446512     36.68      2088   1067608    509924     12.93    181124   1162404     21556
00:37:42      2496252   1447056     36.70      2088   1067612    510972     12.96    181124   1163212     21560
00:37:43      2498504   1444804     36.64      2088   1067616    508824     12.90    181124   1161336     21564
00:37:44      2504860   1438448     36.48      2088   1067624    504412     12.79    181124   1155300     16244
00:37:45      2519672   1423636     36.10      2088   1070600    483748     12.27    181124   1139740     19220
00:37:46      2516444   1426864     36.18      2088   1070608    487344     12.36    181124   1142592     19228
00:37:47      2501576   1441732     36.56      2088   1070612    502164     12.73    181124   1155292     19232
00:37:48      2506600   1436708     36.43      2088   1070616    500488     12.69    181124   1154328     19236
00:37:49      2473156   1470152     37.28      2088   1073220    528400     13.40    181124   1185728     19180
00:37:50      2475248   1468060     37.23      2088   1073296    528552     13.40    181124   1185652     19256
00:37:51      2424596   1518712     38.51      2088   1073300    577160     14.64    181124   1234804     19260
00:37:52      2421028   1522280     38.60      2088   1073304    579608     14.70    181124   1235724     19264
00:37:53      2425812   1517496     38.48      2088   1073308    576372     14.62    181124   1232248     19268
00:37:54      2479168   1464140     37.13      2088   1075988    521204     13.22    181124   1181524     19084
00:37:55      2478572   1464736     37.14      2088   1075992    520820     13.21    181124   1181248     19088
00:37:56      2475044   1468264     37.23      2088   1075996    524564     13.30    181124   1183632     19092
00:37:57      2407000   1536308     38.96      2088   1076000    591304     15.00    181124   1252288     19096
00:37:58      2425652   1517656     38.49      2088   1076004    574092     14.56    181124   1234252     19100
00:37:59      2409524   1533784     38.90      2088   1078684    587236     14.89    181124   1249980     19012
00:38:00      2421596   1521712     38.59      2088   1078688    576436     14.62    181124   1237824     19016
00:38:01      2420576   1522732     38.62      2088   1078696    575356     14.59    181124   1238228     19024
00:38:02      2393720   1549588     39.30      2088   1078700    604420     15.33    181124   1267484     19028
00:38:03      2426448   1516860     38.47      2088   1078708    569308     14.44    181124   1232916     19036
00:38:04      2361128   1582180     40.12      2088   1081312    633140     16.06    181124   1298684     19040
00:38:05      2376820   1566488     39.73      2088   1081388    617568     15.66    181124   1283200     19052
00:38:06      2381584   1561724     39.60      2088   1081392    613524     15.56    181124   1279236     19056
00:38:07      2380828   1562480     39.62      2088   1081396    616140     15.62    181124   1279712     19060
00:38:08      2399220   1544088     39.16      2088   1081404    594712     15.08    181124   1259992     19068
00:38:09      2409044   1534264     38.91      2088   1084080    581620     14.75    181124   1251728     19056
00:38:10      2409796   1533512     38.89      2088   1084084    579264     14.69    181124   1249412     19064
00:38:11      2406524   1536784     38.97      2088   1084092    586168     14.86    181124   1253520     19084
00:38:12      2374016   1569292     39.80      2088   1084096    616256     15.63    181124   1285112     19088
00:38:13      2409304   1534004     38.90      2088   1087076    577804     14.65    181124   1249580     22068
00:38:14      2408232   1535076     38.93      2088   1087076    576696     14.62    181124   1248700     19468
00:38:15      2409752   1533556     38.89      2088   1087084    579116     14.69    181124   1251008     19412
00:38:16      2410992   1532316     38.86      2088   1087092    574916     14.58    181124   1247956     19420
00:38:17      2417332   1525976     38.70      2088   1089768    566632     14.37    181124   1241656     22096
00:38:18      2402120   1541188     39.08      2088   1089772    581972     14.76    181124   1256572     22100
00:38:19      2400600   1542708     39.12      2088   1089776    586292     14.87    181124   1259548     22104
00:38:20      2356596   1586712     40.24      2088   1089780    628260     15.93    181124   1303744     16480
00:38:21      2415288   1528020     38.75      2088   1092756    567712     14.40    181124   1244560     19456
00:38:22      2416380   1526928     38.72      2088   1092760    566652     14.37    181124   1243584     19460
00:38:23      2417140   1526168     38.70      2088   1092764    566896     14.38    181124   1243836     19464
00:38:24      2403012   1540296     39.06      2088   1092772    581036     14.73    181124   1257572     19472
00:38:25      2417792   1525516     38.69      2088   1095448    564304     14.31    181124   1243644     19276
00:38:26      2412468   1530840     38.82      2088   1095456    567544     14.39    181124   1245528     19284
00:38:27      2414856   1528452     38.76      2088   1095456    567252     14.39    181124   1245596     19284
00:38:28      2371764   1571544     39.85      2088   1095460    608136     15.42    181124   1288736     19288
00:38:29      2371208   1572100     39.87      2088   1095464    608132     15.42    181124   1288788     19292
00:38:30      2351432   1591876     40.37      2088   1098068    627144     15.90    181124   1309356     19232
00:38:31      2357644   1585664     40.21      2088   1098144    621348     15.76    181124   1303976     19308
00:38:32      2366384   1576924     39.99      2088   1098148    613604     15.56    181124   1294152     19312
00:38:33      2368284   1575024     39.94      2088   1098152    611420     15.51    181124   1292252     19316
00:38:34      2381076   1562232     39.62      2088   1098160    595728     15.11    181124   1278436     19324
00:38:35      2363180   1580128     40.07      2088   1100836    612224     15.53    181124   1297552     19336
00:38:36      2369924   1573384     39.90      2088   1100840    604096     15.32    181124   1289676     19340
00:38:37      2369512   1573796     39.91      2088   1100844    606380     15.38    181124   1291424     19344
00:38:38      2373200   1570108     39.82      2088   1100860    599524     15.20    181124   1286432     19360
00:38:39      2384064   1559244     39.54      2088   1103532    585760     14.85    181124   1275192     22032
00:38:40      2390108   1553200     39.39      2088   1103544    581824     14.75    181124   1269032     19368
00:38:41      2386364   1556944     39.48      2088   1103548    586868     14.88    181124   1274224     19380
00:38:42      2388876   1554432     39.42      2088   1106516    577620     14.65    181124   1270028     22348
00:38:43      2388276   1555032     39.43      2088   1106528    578184     14.66    181124   1271080     22360
00:38:44      2388876   1554432     39.42      2088   1106528    579216     14.69    181124   1270812     22360
00:38:45      2385900   1557408     39.49      2088   1106536    581828     14.75    181124   1272324     19392
00:38:46      2356116   1587192     40.25      2088   1106540    612276     15.53    181124   1304464     19396
00:38:47      2386600   1556708     39.48      2088   1109220    577852     14.65    181124   1272824     22076
00:38:48      2381576   1561732     39.60      2088   1109224    583556     14.80    181124   1277484     22080
00:38:49      2386844   1556464     39.47      2088   1109228    578684     14.68    181124   1272656     22084
00:38:50      2386000   1557308     39.49      2088   1109232    582928     14.78    181124   1275472     19424
00:38:51      2351552   1591756     40.37      2088   1111836    611828     15.52    181124   1308836     22028
00:38:52      2378796   1564512     39.68      2088   1111924    583592     14.80    181124   1280592     22116
00:38:53      2383064   1560244     39.57      2088   1111928    582592     14.77    181124   1278056     22120
00:38:54      2382812   1560496     39.57      2088   1111932    582880     14.78    181124   1278492     22124
00:38:55      2381708   1561600     39.60      2088   1114536    578308     14.67    181124   1278356     19028
00:38:56      2380188   1563120     39.64      2088   1114616    579320     14.69    181124   1279728     18976
00:38:57      2379780   1563528     39.65      2088   1114624    582472     14.77    181124   1280516     18984
00:38:58      2375276   1568032     39.76      2088   1114624    586940     14.88    181124   1285048     18984
00:38:59      2371656   1571652     39.86      2088   1117296    584916     14.83    181124   1287388     21668
00:39:00      2378520   1564788     39.68      2088   1117308    578444     14.67    181124   1281056     21680
00:39:01      2379056   1564252     39.67      2088   1117312    579984     14.71    181124   1282092     19020
00:39:02      2378772   1564536     39.68      2088   1117316    579228     14.69    181124   1280892     19024
00:39:03      2377116   1566192     39.72      2088   1117320    583320     14.79    181124   1283316     19028
00:39:04      2377260   1566048     39.71      2088   1117320    583260     14.79    181124   1283632     19028
00:39:05      2299052   1644256     41.70      2088   1119928    655728     16.63    181124   1360568     21636
00:39:06      2373912   1569396     39.80      2088   1120000    580340     14.72    181124   1285512     19044
00:39:07      2372272   1571036     39.84      2088   1120008    581104     14.74    181124   1286588     19052
00:39:08      2373420   1569888     39.81      2088   1120008    580744     14.73    181124   1286056     19052
00:39:09      2373756   1569552     39.80      2088   1120016    584792     14.83    181124   1287396     19060
00:39:10      2371592   1571716     39.86      2088   1120016    582856     14.78    181124   1287296     19060
00:39:11      2338876   1604432     40.69      2088   1122688    612644     15.54    181124   1319844     19056
00:39:12      2367668   1575640     39.96      2088   1122700    583940     14.81    181124   1291316     19076
00:39:13      2367404   1575904     39.96      2088   1122708    583412     14.79    181124   1291296     19084
00:39:14      2365584   1577724     40.01      2088   1122712    587480     14.90    181124   1293876     19088
00:39:15      2364872   1578436     40.03      2088   1125384    583080     14.79    181124   1294196     21760
00:39:16      2364604   1578704     40.04      2088   1125392    583940     14.81    181124   1295292     18808
00:39:17      2365612   1577696     40.01      2088   1125404    584524     14.82    181124   1295176     18820
00:39:18      2353664   1589644     40.31      2088   1125408    589972     14.96    181124   1300212     18824
00:39:19      2363912   1579396     40.05      2088   1125412    588460     14.92    181124   1296576     18828
00:39:20      2333380   1609928     40.83      2088   1128016    614596     15.59    181124   1326952     21432
00:39:21      2358832   1584476     40.18      2088   1128100    587572     14.90    181124   1300844     18852
00:39:22      2353804   1589504     40.31      2088   1128104    591760     15.01    181124   1302632     18856
00:39:23      2355820   1587488     40.26      2088   1128108    591776     15.01    181124   1302736     18860
00:39:24      2303512   1639796     41.58      2088   1130708    640612     16.25    181124   1355808     21460
00:39:25      2354948   1588360     40.28      2088   1130792    588940     14.94    181124   1304644     21648
00:39:26      2352976   1590332     40.33      2088   1130796    587676     14.90    181124   1303472     16120
00:39:27      2355548   1587760     40.26      2088   1130800    590696     14.98    181124   1305220     16124
00:39:28      2353532   1589776     40.32      2088   1130800    592020     15.01    181124   1305740     16124
00:39:29      2353272   1590036     40.32      2088   1133472    587852     14.91    181124   1305888     18796
00:39:30      2352968   1590340     40.33      2088   1133488    588860     14.93    181124   1306936     18812
00:39:31      2352288   1591020     40.35      2088   1133492    591876     15.01    181124   1308240     16140
00:39:32      2350004   1593304     40.41      2088   1133496    592004     15.01    181124   1308252     16144
00:39:33      2341120   1602188     40.63      2088   1136164    596784     15.13    181124   1317740     18812
00:39:34      2349288   1594020     40.42      2088   1136172    588360     14.92    181124   1309476     18820
00:39:35      2348964   1594344     40.43      2088   1136184    589676     14.95    181124   1310916     18832
00:39:36      2345628   1597680     40.52      2088   1136188    592148     15.02    181124   1311596     16172
00:39:37      2348264   1595044     40.45      2088   1136188    592148     15.02    181124   1311580     16172
00:39:38      2347872   1595436     40.46      2088   1136192    592996     15.04    181124   1311916     16176
00:39:39      2346192   1597116     40.50      2088   1138864    589592     14.95    181124   1313188     18848
00:39:40      2345392   1597916     40.52      2088   1138876    590572     14.98    181124   1314684     18860
00:39:41      2346680   1596628     40.49      2088   1138884    590556     14.98    181124   1313844     16268
00:39:42      2345940   1597368     40.51      2088   1138888    589096     14.94    181124   1313100     16204
00:39:43      2264340   1678968     42.58      2088   1141852    668908     16.96    181124   1395772     19168
00:39:44      2339940   1603368     40.66      2088   1141868    591652     15.00    181124   1319128     19184
00:39:45      2337096   1606212     40.73      2088   1141872    596480     15.13    181124   1322940     19188
00:39:46      2340112   1603196     40.66      2088   1141876    592036     15.01    181124   1318748     19192
00:39:47      2339912   1603396     40.66      2088   1141880    594936     15.09    181124   1320232     16532
00:39:48      2309416   1633892     41.43      2088   1144552    622584     15.79    181124   1350736     19216
00:39:49      2337640   1605668     40.72      2088   1144564    592512     15.03    181124   1321608     19228
00:39:50      2337336   1605972     40.73      2088   1144564    592480     15.02    181124   1321880     19228
00:39:51      2336884   1606424     40.74      2088   1144572    592996     15.04    181124   1322744     19236
00:39:52      2336024   1607284     40.76      2088   1144572    593020     15.04    181124   1322924     16572
00:39:53      2333860   1609448     40.81      2088   1144572    592512     15.03    181124   1321864     16572
00:39:54      2336568   1606740     40.75      2088   1144580    596812     15.13    181124   1324124     16580
00:39:55      2274892   1668416     42.31      2088   1144580    657576     16.68    181124   1386304     16580
00:39:56      2331488   1611820     40.87      2088   1147256    594744     15.08    181124   1326996     19256
00:39:57      2332332   1610976     40.85      2088   1147268    593472     15.05    181124   1326176     16316
00:39:58      2331536   1611772     40.87      2088   1147272    597180     15.14    181124   1328436     16320
00:39:59      2297316   1645992     41.74      2088   1149940    627392     15.91    181124   1361612     18988
00:40:00      2330584   1612724     40.90      2088   1149956    593960     15.06    181124   1328388     19004
00:40:01      2331468   1611840     40.88      2088   1149960    594868     15.09    181124   1329580     19008
00:40:02      2330436   1612872     40.90      2088   1150008    595572     15.10    181264   1329440     16588
00:40:03      2331392   1611916     40.88      2088   1150008    594432     15.07    181264   1328396     16588
00:40:04      2331696   1611612     40.87      2088   1150012    598556     15.18    181264   1330668     16592
00:40:05      2319356   1623952     41.18      2088   1150016    607368     15.40    181264   1341704     16596
00:40:06      2239392   1703916     43.21      2088   1152684    682560     17.31    181264   1419728     19264
00:40:07      2287580   1655728     41.99      2088   1152688    634240     16.08    181264   1372108     16604
00:40:08      2322972   1620336     41.09      2088   1152700    598424     15.18    181264   1335928     16616
00:40:09      2310464   1632844     41.41      2088   1152704    613360     15.55    181264   1348852     16620
00:40:10      2322896   1620412     41.09      2088   1152708    601956     15.27    181264   1337556     16624
00:40:11      2246632   1696676     43.03      2088   1152708    678076     17.20    181264   1415212     16624
00:40:12      2265136   1678172     42.56      2088   1155384    654624     16.60    181264   1394748     16628
00:40:13      2320228   1623080     41.16      2088   1155392    599848     15.21    181264   1339940     16640
00:40:14      2319820   1623488     41.17      2088   1155396    600540     15.23    181264   1340088     16644
00:40:15      2313700   1629608     41.33      2088   1155400    605892     15.37    181264   1345580     16648
00:40:16      2236108   1707200     43.29      2088   1155404    684284     17.35    181264   1423964     16652
00:40:17      2281160   1662148     42.15      2088   1158076    635492     16.12    181264   1378512     16348
00:40:18      2312212   1631096     41.36      2088   1158088    604396     15.33    181264   1347664     16360
00:40:19      2313704   1629604     41.33      2088   1158096    603664     15.31    181264   1346324     16380
00:40:20      2313496   1629812     41.33      2088   1158100    607660     15.41    181264   1348568     16384
00:40:21      2312580   1630728     41.35      2088   1158104    605156     15.35    181264   1347172     16388
00:40:22      2207316   1735992     44.02      2088   1160776    706828     17.92    181264   1451412     16460
00:40:23      2306416   1636892     41.51      2088   1160784    608800     15.44    181264   1353888     16404
00:40:24      2306148   1637160     41.52      2088   1160792    604828     15.34    181264   1350428     16412
00:40:25      2307076   1636232     41.49      2088   1160796    609140     15.45    181264   1352612     16416
00:40:26      2309668   1633640     41.43      2088   1160800    605064     15.34    181264   1350144     16420
00:40:27      2253384   1689924     42.86      2088   1163468    658928     16.71    181264   1406108     19088
00:40:28      2297336   1645972     41.74      2088   1163472    613792     15.57    181264   1361708     16256
00:40:29      2299816   1643492     41.68      2088   1163492    609408     15.45    181264   1357440     16276
00:40:30      2301796   1641512     41.63      2088   1163496    613492     15.56    181264   1359072     16280
00:40:31      2303792   1639516     41.58      2088   1163496    609124     15.45    181264   1356684     16280
00:40:32      2218916   1724392     43.73      2088   1166168    693720     17.59    181264   1443568     18952
00:40:33      2240084   1703224     43.19      2088   1166172    669960     16.99    181264   1420092     16052
00:40:34      2296732   1646576     41.76      2088   1166188    612896     15.54    181264   1363604     16068
00:40:35      2297288   1646020     41.74      2088   1166188    611564     15.51    181264   1362216     16068
00:40:36      2291232   1652076     41.90      2088   1166196    620960     15.75    181264   1370036     16076
00:40:37      2286112   1657196     42.03      2088   1168800    620420     15.73    181264   1373888     18680
00:40:38      2290460   1652848     41.92      2088   1168880    615080     15.60    181264   1368324     16096
00:40:39      2290224   1653084     41.92      2088   1168880    616076     15.62    181264   1369424     16096
00:40:40      2286932   1656376     42.00      2088   1168884    622192     15.78    181264   1373460     16100
00:40:41      2290460   1652848     41.92      2088   1168892    619260     15.70    181264   1370680     16108
00:40:42      2193440   1749868     44.38      2088   1168892    709936     18.00    181264   1462776     16108
00:40:43      2286108   1657200     42.03      2088   1171568    616736     15.64    181264   1372752     16112
00:40:44      2286368   1656940     42.02      2088   1171576    616616     15.64    181264   1372520     16124
00:40:45      2285108   1658200     42.05      2088   1171580    618204     15.68    181264   1374292     16128
00:40:46      2278860   1664448     42.21      2088   1171580    616528     15.63    181264   1372468     16128
00:40:47      2282072   1661236     42.13      2088   1171584    623276     15.81    181264   1377696     16132
00:40:48      2182576   1760732     44.65      2088   1174260    717784     18.20    181264   1476052     16140
00:40:49      2281592   1661716     42.14      2088   1174268    618744     15.69    181264   1378176     16148
00:40:50      2281824   1661484     42.13      2088   1174280    618028     15.67    181264   1376620     16160
00:40:51      2279952   1663356     42.18      2088   1174284    621816     15.77    181264   1378980     16164
00:40:52      2282632   1660676     42.11      2088   1174288    617484     15.66    181264   1376764     16168
00:40:53      2239700   1703608     43.20      2088   1176888    658216     16.69    181264   1419724     16068
00:40:54      2277060   1666248     42.26      2088   1176956    620484     15.74    181264   1382412     16156
00:40:55      2275828   1667480     42.29      2088   1176968    621328     15.76    181264   1383148     16168
00:40:56      2277664   1665644     42.24      2088   1176972    620372     15.73    181264   1381960     16172
00:40:57      2274892   1668416     42.31      2088   1176980    626700     15.89    181264   1386244     16180
00:40:58      2174824   1768484     44.85      2088   1179648    720644     18.28    181264   1484020     16048
00:40:59      2273876   1669432     42.34      2088   1179660    621124     15.75    181264   1385196     16008
00:41:00      2273624   1669684     42.34      2088   1179664    621124     15.75    181264   1385224     16012
00:41:01      2274284   1669024     42.33      2088   1179668    622400     15.78    181264   1386240     16016
00:41:02      2274544   1668764     42.32      2088   1179672    621844     15.77    181264   1385080     16020
00:41:03      2270544   1672764     42.42      2088   1179672    625324     15.86    181264   1387336     13420
00:41:04      2181368   1761940     44.68      2088   1179684    714484     18.12    181264   1478684     13368
00:41:05      2244516   1698792     43.08      2088   1182644    647028     16.41    181264   1414168     16328
00:41:06      2269316   1673992     42.45      2088   1182656    621956     15.77    181264   1389596     16340
00:41:07      2263508   1679800     42.60      2088   1182660    627952     15.92    181264   1395624     16344
00:41:08      2263320   1679988     42.60      2088   1182668    630104     15.98    181264   1396408     16364
00:41:09      2267276   1676032     42.50      2088   1182672    624276     15.83    181264   1392672     13704
00:41:10      2241312   1701996     43.16      2088   1185340    646412     16.39    181264   1417356     16372
00:41:11      2261196   1682112     42.66      2088   1185344    626756     15.89    181264   1397672     16376
00:41:12      2261472   1681836     42.65      2088   1185356    628056     15.93    181264   1398464     16388
00:41:13      2261220   1682088     42.66      2088   1185360    631280     16.01    181264   1399720     16392
00:41:14      2254096   1689212     42.84      2088   1185364    636784     16.15    181264   1405068     13724
00:41:15      2231256   1712052     43.42      2088   1187968    656540     16.65    181264   1429016     16332
00:41:16      2258228   1685080     42.73      2088   1188048    627604     15.92    181264   1400380     16412
00:41:17      2258428   1684880     42.73      2088   1188048    627604     15.92    181264   1400608     16512
00:41:18      2256912   1686396     42.77      2088   1188052    630560     15.99    181264   1402844     16528
00:41:19      2253380   1689928     42.86      2088   1188056    629364     15.96    181264   1401852     13864
00:41:20      2253448   1689860     42.85      2088   1188064    636880     16.15    181264   1407280     13876
00:41:21      2252616   1690692     42.87      2088   1188064    635432     16.11    181264   1407140     13876
00:41:22      2205796   1737512     44.06      2088   1190736    678308     17.20    181264   1453560     16548
00:41:23      2249896   1693412     42.94      2088   1190748    634732     16.10    181264   1409992     16560
00:41:24      2251600   1691708     42.90      2088   1190756    631340     16.01    181264   1406652     13904
00:41:25      2245240   1698068     43.06      2088   1190760    641584     16.27    181264   1414580     13908
00:41:26      2100168   1843140     46.74      2088   1190768    785016     19.91    181264   1559816     13916
00:41:27      2225656   1717652     43.56      2088   1193440    655868     16.63    181264   1434044     16588
00:41:28      2244556   1698752     43.08      2088   1193444    635788     16.12    181264   1414256     16592
00:41:29      2241784   1701524     43.15      2088   1193448    640064     16.23    181264   1418176     13764
00:41:30      2238476   1704832     43.23      2088   1193452    642524     16.29    181264   1420140     13768
00:41:31      2235444   1707864     43.31      2088   1193456    647588     16.42    181264   1424080     13772
00:41:32      2120048   1823260     46.24      2088   1196064    758796     19.24    181264   1539620     16380
00:41:33      2241268   1702040     43.16      2088   1196140    635592     16.12    181264   1417524     16456
00:41:34      2237792   1705516     43.25      2088   1196144    640748     16.25    181264   1422052     16460
00:41:35      2235108   1708200     43.32      2088   1196144    643496     16.32    181264   1424848     16460
00:41:36      2233004   1710304     43.37      2088   1196152    649108     16.46    181264   1427812     16468
00:41:37      2210324   1732984     43.95      2088   1196152    669852     16.99    181264   1450460     16468
00:41:38      2200896   1742412     44.19      2088   1198824    673820     17.09    181264   1457772     19140
00:41:39      2236336   1706972     43.29      2088   1198836    639300     16.21    181264   1423488     16252
00:41:40      2235768   1707540     43.30      2088   1198844    642388     16.29    181264   1424740     16184
00:41:41      2227452   1715856     43.51      2088   1198852    650336     16.49    181264   1431912     16204
00:41:42      2185560   1757748     44.58      2088   1201520    686320     17.40    181264   1472828     18872
00:41:43      2232484   1710824     43.39      2088   1201532    639624     16.22    181264   1426196     18884
00:41:44      2232180   1711128     43.39      2088   1201536    639668     16.22    181264   1426596     16288
00:41:45      2230032   1713276     43.45      2088   1201540    642156     16.28    181264   1428756     16228
00:41:46      2228516   1714792     43.49      2088   1201548    647924     16.43    181264   1432092     16236
00:41:47      2221144   1722164     43.67      2088   1201548    654680     16.60    181264   1438496     16236
00:41:48      2072708   1870600     47.44      2088   1204512    798072     20.24    181264   1586776     19200
00:41:49      2226428   1716880     43.54      2088   1204520    642956     16.30    181264   1432192     16436
00:41:50      2222088   1721220     43.65      2088   1204532    647112     16.41    181264   1436336     16432
00:41:51      2219092   1724216     43.73      2088   1204536    650856     16.51    181264   1438076     16440
00:41:52      2214068   1729240     43.85      2088   1204540    656580     16.65    181264   1443564     16444
00:41:53      2074204   1869104     47.40      2088   1204540    797000     20.21    181264   1586308     16444
00:41:54      2219600   1723708     43.71      2088   1207220    647300     16.42    181264   1439568     19124
00:41:55      2216296   1727012     43.80      2088   1207228    650652     16.50    181264   1442236     16468
00:41:56      2213512   1729796     43.87      2088   1207232    655584     16.63    181264   1445812     16472
00:41:57      2074692   1868616     47.39      2088   1207236    792744     20.10    181264   1584612     16476
00:41:58      2219804   1723504     43.71      2088   1209908    644932     16.36    181264   1439580     19148
00:41:59      2219080   1724228     43.73      2088   1209916    645256     16.36    181264   1439920     19156
00:42:00      2217568   1725740     43.76      2088   1209920    648708     16.45    181264   1443452     16304
00:42:01      2208332   1734976     44.00      2088   1209924    656756     16.65    181264   1451128     16308
00:42:02      2209736   1733572     43.96      2088   1209924    654536     16.60    181264   1448848     16308
00:42:03      2196340   1746968     44.30      2088   1209928    666640     16.91    181264   1458592     16312
00:42:04      2203432   1739876     44.12      2088   1209928    665472     16.88    181264   1457060     16312
00:42:05      2206448   1736860     44.05      2088   1212600    656828     16.66    181264   1453188     16320
00:42:06      2208968   1734340     43.98      2088   1212616    653056     16.56    181264   1449788     16336
00:42:07      2202912   1740396     44.14      2088   1212616    657624     16.68    181264   1454316     16336
00:42:08      2200152   1743156     44.21      2088   1212624    663876     16.84    181264   1458984     16344
00:42:09      2165332   1777976     45.09      2088   1212628    698824     17.72    181264   1495544     16348
00:42:10      2182208   1761100     44.66      2088   1215300    676764     17.16    181264   1476512     16356
00:42:11      2199692   1743616     44.22      2088   1215308    658736     16.71    181264   1459192     16364
00:42:12      2198936   1744372     44.24      2088   1215312    659732     16.73    181264   1460108     16368
00:42:13      2194652   1748656     44.34      2088   1215320    666116     16.89    181264   1465452     16376
00:42:14      2172928   1770380     44.90      2088   1215320    680436     17.26    181264   1480548     16376
00:42:15      2187300   1756008     44.53      2088   1215324    673212     17.07    181264   1471196     13780
00:42:16      2181108   1762200     44.69      2088   1215328    678800     17.21    181264   1477040     13704
00:42:17      2187068   1756240     44.54      2088   1217936    669900     16.99    181264   1472652     16312
00:42:18      2186760   1756548     44.55      2088   1218016    670116     16.99    181264   1472672     16392
00:42:19      2183228   1760080     44.63      2088   1218020    673380     17.08    181264   1476068     16396
00:42:20      2169356   1773952     44.99      2088   1218024    687292     17.43    181264   1488088     13432
00:42:21      2182508   1760800     44.65      2088   1218028    676580     17.16    181264   1478280     13440
00:42:22      2126060   1817248     46.08      2088   1220700    728116     18.46    181264   1533636     16120
00:42:23      2135792   1807516     45.84      2088   1220704    716544     18.17    181264   1522556     16124
00:42:24      2183020   1760288     44.64      2088   1220716    671328     17.02    181264   1476240     16136
00:42:25      2179260   1764048     44.74      2088   1220716    676744     17.16    181264   1480224     13464
00:42:26      2176332   1766976     44.81      2088   1220724    679344     17.23    181264   1483296     13476
00:42:27      2168856   1774452     45.00      2088   1223328    681324     17.28    181264   1489332     16080
00:42:28      2182284   1761024     44.66      2088   1223408    669308     16.97    181264   1477784     16160
00:42:29      2177180   1766128     44.79      2088   1223412    673512     17.08    181264   1481920     16168
00:42:30      2177452   1765856     44.78      2088   1223420    675492     17.13    181264   1482212     13376
00:42:31      2057988   1885320     47.81      2088   1223420    795028     20.16    181264   1601912     13344
00:42:32      2178908   1764400     44.74      2088   1226092    671000     17.02    181264   1480780     16016
00:42:33      2177648   1765660     44.78      2088   1226104    670728     17.01    181264   1481016     16028
00:42:34      2171444   1771864     44.93      2088   1226104    677740     17.19    181264   1487744     16028
00:42:35      2175444   1767864     44.83      2088   1226112    677000     17.17    181264   1485072     16036
00:42:36      2162836   1780472     45.15      2088   1226116    686172     17.40    181264   1495512     13376
00:42:37      2105884   1837424     46.60      2088   1228720    740176     18.77    181264   1553348     15980
00:42:38      2172820   1770488     44.90      2088   1228796    672192     17.05    181264   1485656     16056
00:42:39      2169308   1774000     44.99      2088   1228804    675480     17.13    181264   1488988     16064
00:42:40      2171600   1771708     44.93      2088   1228808    677076     17.17    181264   1488744     16068
00:42:41      2172352   1770956     44.91      2088   1228812    672096     17.04    181264   1486172     13408
00:42:42      2016588   1926720     48.86      2088   1231480    825260     20.93    181264   1641824     16076
00:42:43      2101788   1841520     46.70      2088   1231484    740864     18.79    181264   1557316     16080
00:42:44      2163024   1780284     45.15      2088   1231492    678932     17.22    181264   1495624     16088
00:42:45      2159748   1783560     45.23      2088   1231500    684884     17.37    181264   1500512     16096
00:42:46      2160740   1782568     45.20      2088   1231504    683004     17.32    181264   1498152     16100
00:42:47      2157672   1785636     45.28      2088   1231504    685120     17.37    181264   1501020     16100
00:42:48      2002996   1940312     49.21      2088   1234472    838068     21.25    181264   1656776     19068
00:42:49      2159488   1783820     45.24      2088   1234484    679216     17.22    181264   1498752     19084
00:42:50      2158096   1785212     45.27      2088   1234488    683436     17.33    181264   1502256     19088
00:42:51      2150708   1792600     45.46      2088   1234496    692744     17.57    181264   1508988     16428
00:42:52      2137108   1806200     45.80      2088   1234500    704792     17.87    181264   1523380     16436
00:42:53      2003036   1940272     49.20      2088   1237168    835704     21.19    181264   1656820     19104
00:42:54      2149448   1793860     45.49      2088   1237184    686984     17.42    181264   1509256     19120
00:42:55      2149188   1794120     45.50      2088   1237188    688044     17.45    181264   1510204     19124
00:42:56      2144072   1799236     45.63      2088   1237192    689632     17.49    181264   1512260     16452
00:42:57      2146684   1796624     45.56      2088   1237196    692760     17.57    181264   1512980     16460
00:42:58      1999012   1944296     49.31      2088   1237200    838872     21.27    181264   1660128     16464
00:42:59      2141988   1801320     45.68      2088   1239872    692344     17.56    181264   1516780     19136
00:43:00      2146424   1796884     45.57      2088   1239880    686680     17.41    181264   1512140     19144
00:43:01      2146328   1796980     45.57      2088   1239880    687652     17.44    181264   1512996     16372
00:43:02      2147624   1795684     45.54      2088   1239888    686280     17.40    181264   1511708     16316
00:43:03      2139604   1803704     45.74      2088   1239892    698828     17.72    181264   1519300     16320
00:43:04      2139004   1804304     45.76      2088   1239892    698188     17.71    181264   1520536     16320
00:43:05      2105804   1837504     46.60      2088   1239896    730164     18.52    181264   1553976     16324
00:43:06      1970724   1972584     50.02      2088   1243156    860112     21.81    181264   1687424     16984
00:43:07      2138460   1804848     45.77      2088   1243176    693956     17.60    181264   1521580     16940
00:43:08      2134068   1809240     45.88      2088   1243176    698572     17.72    181264   1526220     16940
00:43:09      2132780   1810528     45.91      2088   1243184    700108     17.75    181264   1526028     16948
00:43:10      2123956   1819352     46.14      2088   1243184    708824     17.98    181264   1536608     16948
00:43:11      2134752   1808556     45.86      2088   1245860    692692     17.57    181264   1523568     17024
00:43:12      2133304   1810004     45.90      2088   1245868    695720     17.64    181264   1525980     16968
00:43:13      2129776   1813532     45.99      2088   1245876    699528     17.74    181264   1529492     16976
00:43:14      2125156   1818152     46.11      2088   1245876    704604     17.87    181264   1533360     16976
00:43:15      2133264   1810044     45.90      2088   1245884    694488     17.61    181264   1524944     16984
00:43:16      2022052   1921256     48.72      2088   1248548    803948     20.39    181264   1636732     17048
00:43:17      2094464   1848844     46.89      2088   1248552    730820     18.53    181264   1563504     16988
00:43:18      2124712   1818596     46.12      2088   1248568    701140     17.78    181264   1533872     17004
00:43:19      2121436   1821872     46.20      2088   1248568    705676     17.90    181264   1538460     17004
00:43:20      2114312   1828996     46.38      2088   1248576    711556     18.04    181264   1541932     17012
00:43:21      2066248   1877060     47.60      2088   1248576    762344     19.33    181264   1594228     17120
00:43:22      1965700   1977608     50.15      2088   1251248    857980     21.76    181264   1692284     16820
00:43:23      2114632   1828676     46.37      2088   1251260    707052     17.93    181264   1542168     16836
00:43:24      2114484   1828824     46.38      2088   1251264    709580     17.99    181264   1544768     16840
00:43:25      2111084   1832224     46.46      2088   1251264    712000     18.06    181264   1547488     16840
00:43:26      2112600   1830708     46.43      2088   1251268    714640     18.12    181264   1548260     16844
00:43:27      2107276   1836032     46.56      2088   1251272    718264     18.21    181264   1551952     14180
00:43:28      1935604   2007704     50.91      2088   1253944    885208     22.45    181264   1723408     16852
00:43:29      2109292   1834016     46.51      2088   1253948    709592     17.99    181264   1548116     16856
00:43:30      2108120   1835188     46.54      2088   1253956    712404     18.07    181264   1550792     16864
00:43:31      2103964   1839344     46.64      2088   1253972    716544     18.17    181264   1554340     16880
00:43:32      2044056   1899252     48.16      2088   1256576    774060     19.63    181264   1615584     16640
00:43:33      2105796   1837512     46.60      2088   1256652    710524     18.02    181264   1552604     16716
00:43:34      2105240   1838068     46.61      2088   1256656    711568     18.04    181264   1553612     16724
00:43:35      2105040   1838268     46.62      2088   1256664    715120     18.14    181264   1554528     16732
00:43:36      2103524   1839784     46.66      2088   1256664    716296     18.16    181264   1555436     16732
00:43:37      1984324   1958984     49.68      2088   1256672    834220     21.16    181264   1675016     13484
00:43:38      2053112   1890196     47.93      2088   1259340    762044     19.32    181264   1605388     16152
00:43:39      2102156   1841152     46.69      2088   1259352    714076     18.11    181264   1557876     16164
00:43:40      2097952   1845356     46.80      2088   1259352    717648     18.20    181264   1561120     16164
00:43:41      2095500   1847808     46.86      2088   1259360    721196     18.29    181264   1563228     16172
00:43:42      1980292   1963016     49.78      2088   1259360    834040     21.15    181264   1677364     13572
00:43:43      2053112   1890196     47.93      2088   1262036    758664     19.24    181264   1604848     16184
00:43:44      2094504   1848804     46.88      2088   1262044    717400     18.19    181264   1564392     16192
00:43:45      2094640   1848668     46.88      2088   1262052    717480     18.19    181264   1563608     16200
00:43:46      2085864   1857444     47.10      2088   1262056    728712     18.48    181264   1573136     16204
00:43:47      2095684   1847624     46.85      2088   1262060    717592     18.20    181264   1563700     13608
00:43:48      2032400   1910908     48.46      2088   1264728    776820     19.70    181264   1625572     16212
00:43:49      2088540   1854768     47.04      2088   1264732    720384     18.27    181264   1569416     16216
00:43:50      2089308   1854000     47.02      2088   1264740    720040     18.26    181264   1569172     16232
00:43:51      2084136   1859172     47.15      2088   1264744    725656     18.40    181264   1574784     16236
00:43:52      2083040   1860268     47.18      2088   1264752    727116     18.44    181264   1574184     13472
00:43:53      2076020   1867288     47.35      2088   1264852    734656     18.63    181264   1583172     13476
00:43:54      2013464   1929844     48.94      2088   1267752    794048     20.14    181264   1645676     16376
00:43:55      1988316   1954992     49.58      2088   1267816    818168     20.75    181264   1670092     16440
00:43:56      2078872   1864436     47.28      2088   1267828    728032     18.46    181264   1580544     16452
00:43:57      2074848   1868460     47.38      2088   1267836    732696     18.58    181264   1582448     16452
00:43:58      2068612   1874696     47.54      2088   1267840    740080     18.77    181264   1590152     16460
00:43:59      2050500   1892808     48.00      2088   1270512    751836     19.07    181264   1607492     19132
