Linux 5.10.234-225.910.amzn2.x86_64 (ip-10-0-140-106.us-west-2.compute.internal) 	03/26/25 	_x86_64_	(2 CPU)

04:34:48        CPU     %user     %nice   %system   %iowait    %steal     %idle
04:34:49        all     73.74      0.00      6.57      0.00     14.14      5.56
04:34:50        all     40.59      0.00      3.96      0.00     12.38     43.07
04:34:51        all     47.24      0.00      3.52      0.00      9.05     40.20
04:34:52        all     41.29      0.00      1.99      0.00      6.97     49.75
04:34:53        all     30.20      0.00      1.49      0.00     19.31     49.01
04:34:54        all     26.92      0.00      2.88      0.00     25.00     45.19
04:34:55        all     33.17      0.00      4.39      0.00     17.56     44.88
04:34:56        all     37.44      0.00      3.94      1.97     13.79     42.86
04:34:57        all     32.84      0.00      3.92      0.00     17.16     46.08
04:34:58        all      7.00      0.00      1.00      0.00      2.50     89.50
04:34:59        all      0.00      0.00      0.00      0.00      0.50     99.50
04:35:00        all      0.00      0.00      0.00      0.00      0.00    100.00
04:35:01        all      0.00      0.00      0.50      3.52      0.50     95.48
04:35:02        all      0.00      0.00      0.00      0.00      0.00    100.00
04:35:03        all      0.50      0.00      0.50      0.00      0.00     99.00
04:35:04        all      0.00      0.00      0.00      0.00      0.00    100.00
04:35:05        all      0.00      0.00      0.00      0.00      0.00    100.00
04:35:06        all      2.43      0.00      5.83      4.37     10.19     77.18
04:35:07        all      4.04      0.00      2.02      0.00      5.05     88.89
04:35:08        all      0.00      0.00      0.00      0.00      0.00    100.00
04:35:09        all      0.00      0.00      0.50      0.00      0.50     99.00
04:35:10        all     14.00      0.00      8.50      0.00      3.50     74.00
04:35:11        all     15.92      0.00      1.99      0.00      3.98     78.11
04:35:12        all     18.91      0.00     13.93      2.49      6.47     58.21
04:35:13        all     15.84      0.00      8.42      0.00      7.43     68.32
04:35:14        all     17.73      0.00      2.46      0.00      9.85     69.95
04:35:15        all     21.78      0.00      8.91      0.00      9.90     59.41
04:35:16        all     17.91      0.00      6.47      0.00     11.44     64.18
04:35:17        all      8.29      0.00      7.32      6.34      5.85     72.20
04:35:18        all     33.00      0.00      8.00      0.00     12.50     46.50
04:35:19        all     13.24      0.00      5.88      0.00      9.31     71.57
04:35:20        all     10.24      0.00      5.85      0.00      6.83     77.07
04:35:21        all     12.94      0.00      6.97      0.00     12.94     67.16
04:35:22        all     22.00      0.00      2.50      2.00      5.00     68.50
04:35:23        all     15.76      0.00      4.43      0.00     10.84     68.97
04:35:24        all     10.95      0.00      3.48      0.00      7.96     77.61
04:35:25        all     34.48      0.00      7.39      0.00     13.79     44.33
04:35:26        all     11.33      0.00      2.96      0.00      7.88     77.83
04:35:27        all     21.50      0.00      7.50      0.00     14.50     56.50
04:35:28        all     28.00      0.00     10.50      0.00     14.50     47.00
04:35:29        all     11.00      0.00      3.00      0.00      6.50     79.50
04:35:30        all     22.89      0.00      4.48      0.00      5.47     67.16
04:35:31        all     17.26      0.00      7.11      0.00     10.66     64.97
04:35:32        all     16.75      0.00      4.43      0.00      6.90     71.92
04:35:33        all     14.85      0.00      7.43      0.00     11.39     66.34
04:35:34        all     32.51      0.00      7.39      0.00     17.24     42.86
04:35:35        all     15.42      0.00      3.48      0.00      8.46     72.64
04:35:36        all     12.75      0.00      7.35      0.00      2.45     77.45
04:35:37        all     26.60      0.00      4.93      0.00      6.90     61.58
04:35:38        all     25.25      0.00      7.43      0.00     12.38     54.95
04:35:39        all     16.99      0.00      6.80      0.00     10.19     66.02
04:35:40        all     25.12      0.00      5.91      0.00      7.88     61.08
04:35:41        all     19.21      0.00      8.87      0.00      9.85     62.07
04:35:42        all     14.93      0.00      3.98      0.00      8.96     72.14
04:35:43        all     26.24      0.00      5.94      0.50      7.43     59.90
04:35:44        all     11.94      0.00      3.98      0.00      3.48     80.60
04:35:45        all     13.30      0.00      6.40      0.00     15.27     65.02
04:35:46        all     13.37      0.00      3.47      0.00      7.43     75.74
04:35:47        all     32.02      0.00      6.40      0.00     13.30     48.28
04:35:48        all     10.89      0.00      4.95      0.00      8.42     75.74
04:35:49        all     22.93      0.00     11.22      0.00     19.51     46.34
04:35:50        all     17.82      0.00      1.98      0.00     10.89     69.31
04:35:51        all     27.72      0.00      4.46      0.00     12.87     54.95
04:35:52        all     23.38      0.00      8.46      0.00     15.42     52.74
04:35:53        all     19.42      0.00      6.80      0.49     13.11     60.19
04:35:54        all     28.78      0.00      6.34      0.00     11.71     53.17
04:35:55        all     17.41      0.00      3.98      0.00     10.45     68.16
04:35:56        all     14.85      0.00      2.48      0.00      6.93     75.74
04:35:57        all     20.20      0.00      4.93      0.00     11.82     63.05
04:35:58        all     28.36      0.00      9.45      0.50     14.43     47.26
04:35:59        all      6.86      0.00      2.94      0.00      5.39     84.80
04:36:00        all     14.85      0.00      4.95      0.00      5.94     74.26
04:36:01        all     20.87      0.00      6.80      0.00     16.50     55.83
04:36:02        all      6.97      0.00      3.48      0.00      7.46     82.09
04:36:03        all     13.50      0.00      3.50      0.50      4.50     78.00
04:36:04        all     11.22      0.00      6.83      0.00     11.22     70.73
04:36:05        all     30.69      0.00      4.46      0.00     15.35     49.50
04:36:06        all      8.54      0.00      2.01      0.00      2.01     87.44
04:36:07        all      7.43      0.00      2.97      0.00      6.44     83.17
04:36:08        all     14.22      0.00      6.86      0.49      4.90     73.53
04:36:09        all     23.50      0.00      6.00      0.00      7.50     63.00
04:36:10        all     20.40      0.00      9.95      0.00      9.95     59.70
04:36:11        all      7.50      0.00      1.50      0.00      6.50     84.50
04:36:12        all     27.59      0.00      8.37      0.00      8.87     55.17
04:36:13        all     13.93      0.00      5.47      0.00      3.98     76.62
04:36:14        all     14.78      0.00      7.88      0.49     10.84     66.01
04:36:15        all     20.40      0.00      6.47      0.00      8.96     64.18
04:36:16        all     30.88      0.00      9.31      0.00     13.24     46.57
04:36:17        all     11.50      0.00      5.00      0.00      6.50     77.00
04:36:18        all     14.07      0.00      5.53      0.00      8.04     72.36
04:36:19        all     37.25      0.00      7.84      0.98     10.78     43.14
04:36:20        all      6.40      0.00      2.96      0.00      8.37     82.27
04:36:21        all     24.02      0.00     11.27      0.00     10.78     53.92
04:36:22        all     29.06      0.00      7.39      0.00     10.34     53.20
04:36:23        all     13.00      0.00      5.00      0.00      9.00     73.00
04:36:24        all     14.00      0.00      6.00      0.00      9.00     71.00
04:36:25        all     24.88      0.00      4.98      0.00     11.94     58.21
04:36:26        all     23.76      0.00      6.93      0.00     13.37     55.94
04:36:27        all     12.87      0.00      5.94      0.00      5.45     75.74
04:36:28        all      9.31      0.00      4.41      0.00     10.29     75.98
04:36:29        all     21.26      0.00      4.35      0.97     17.39     56.04
04:36:30        all     16.08      0.00      4.02      0.00      3.02     76.88
04:36:31        all     17.65      0.00      4.90      0.00      3.43     74.02
04:36:32        all     11.39      0.00      5.94      0.00      5.45     77.23
04:36:33        all     23.27      0.00      2.97      0.00      5.94     67.82
04:36:34        all     11.11      0.00      2.53      0.00      4.04     82.32
04:36:35        all     19.31      0.00      4.46      0.00      4.46     71.78
04:36:36        all      4.50      0.00      1.50      0.00      4.50     89.50
04:36:37        all     20.00      0.00      6.83      0.00     12.68     60.49
04:36:38        all     16.42      0.00      6.97      0.00     10.45     66.17
04:36:39        all     18.41      0.00      8.96      0.50      7.46     64.68
04:36:40        all      4.98      0.00      1.99      0.00      1.49     91.54
04:36:41        all     24.26      0.00      5.94      0.00     12.87     56.93
04:36:42        all     21.08      0.00     11.76      0.00     14.22     52.94
04:36:43        all     16.59      0.00      7.80      0.00     18.05     57.56
04:36:44        all     24.14      0.00      9.36      0.49     15.27     50.74
04:36:45        all     15.50      0.00      7.50      0.00      5.00     72.00
04:36:46        all     18.00      0.00      1.50      0.00      5.00     75.50
04:36:47        all     27.14      0.00     11.56      0.00     10.55     50.75
04:36:48        all     18.72      0.00      3.45      0.00     10.34     67.49
04:36:49        all     22.39      0.00      3.98      0.50     14.43     58.71
04:36:50        all     21.78      0.00      5.94      0.00     12.87     59.41
04:36:51        all      9.85      0.00      4.93      0.00      9.85     75.37
04:36:52        all     39.00      0.00      5.00      0.00     10.50     45.50
04:36:53        all      8.82      0.00      2.94      0.00      8.82     79.41
04:36:54        all     31.86      0.00     10.29      0.00     24.02     33.82
04:36:55        all     12.00      0.00      2.00      0.50      6.00     79.50
04:36:56        all     23.65      0.00      6.40      0.00      9.36     60.59
04:36:57        all     10.89      0.00      3.96      0.00      8.91     76.24
04:36:58        all     25.25      0.00      7.43      0.00     10.40     56.93
04:36:59        all     30.69      0.00      3.96      0.00      9.90     55.45
04:37:00        all     12.56      0.00      4.02      0.00      3.52     79.90
04:37:01        all      6.00      0.00      1.50      0.00      5.50     87.00
04:37:02        all     18.14      0.00      9.31      0.00     23.04     49.51
04:37:03        all     17.56      0.00      4.88      0.00     16.10     61.46
04:37:04        all     35.32      0.00      8.46      0.00     19.40     36.82
04:37:05        all     18.09      0.00      5.03      0.50      4.52     71.86
04:37:06        all      2.46      0.00      1.48      0.00      1.48     94.58
04:37:07        all     21.39      0.00      4.48      0.00      5.47     68.66
04:37:08        all     21.89      0.00      5.47      0.00      9.45     63.18
04:37:09        all      4.98      0.00      1.00      0.00      3.48     90.55
04:37:10        all     24.39      0.00      5.85      0.49     11.71     57.56
04:37:11        all     12.38      0.00      4.46      0.00      4.46     78.71
04:37:12        all     32.02      0.00      5.91      0.00      8.87     53.20
04:37:13        all     16.75      0.00      4.43      0.00      8.87     69.95
04:37:14        all     17.17      0.00      8.08      0.00      7.07     67.68
04:37:15        all     25.25      0.00      2.97      0.00      4.95     66.83
04:37:16        all     13.64      0.00      5.05      0.00      5.05     76.26
04:37:17        all      3.98      0.00      1.49      0.00      1.00     93.53
04:37:18        all     25.50      0.00     10.00      0.00      6.00     58.50
04:37:19        all      4.48      0.00      1.00      0.00      1.00     93.53
04:37:20        all     41.50      0.00     10.50      0.00     16.00     32.00
04:37:21        all      6.47      0.00      3.48      0.00      4.98     85.07
04:37:22        all     32.50      0.00      9.50      0.00     13.00     45.00
04:37:23        all     15.42      0.00      2.49      0.00      4.48     77.61
04:37:24        all     30.20      0.00      7.92      0.00      7.92     53.96
04:37:25        all     12.94      0.00      5.47      1.00      5.47     75.12
04:37:26        all     19.51      0.00      7.80      0.00      8.29     64.39
04:37:27        all     24.50      0.00      2.50      0.00      7.50     65.50
04:37:28        all     17.33      0.00      6.44      0.00      7.43     68.81
04:37:29        all     18.00      0.00      4.50      0.00      7.50     70.00
04:37:30        all     10.84      0.00      6.40      0.00      6.90     75.86
04:37:31        all     34.98      0.00      4.93      0.00     13.79     46.31
04:37:32        all     13.57      0.00      4.52      0.00      7.04     74.87
04:37:33        all     18.32      0.00      4.95      0.00      9.41     67.33
04:37:34        all     11.27      0.00      5.39      0.00      6.37     76.96
04:37:35        all     26.73      0.00      3.47      0.50      6.44     62.87
04:37:36        all     11.94      0.00      6.47      0.00      6.97     74.63
04:37:37        all     16.83      0.00      6.44      0.00      4.46     72.28
04:37:38        all     27.72      0.00      6.44      0.00     10.40     55.45
04:37:39        all     11.94      0.00      4.48      0.00      4.48     79.10
04:37:40        all     28.22      0.00      6.93      0.00      7.43     57.43
04:37:41        all      2.01      0.00      0.50      0.00      1.01     96.48
04:37:42        all      6.00      0.00      4.00      0.00      2.00     88.00
04:37:43        all     10.45      0.00      2.99      0.00      2.99     83.58
04:37:44        all     30.35      0.00      7.46      0.00     10.95     51.24
04:37:45        all     18.09      0.00      5.03      0.00      8.04     68.84
04:37:46        all     14.22      0.00      5.88      0.49      8.82     70.59
04:37:47        all     15.35      0.00      4.46      0.00      4.46     75.74
04:37:48        all     21.78      0.00      6.44      0.00      5.45     66.34
04:37:49        all      2.01      0.00      0.50      0.00      2.01     95.48
04:37:50        all     23.50      0.00      9.00      0.00     10.50     57.00
04:37:51        all     25.87      0.00      4.98      0.00      7.46     61.69
04:37:52        all     14.93      0.00      6.47      0.00      9.45     69.15
04:37:53        all     18.32      0.00      6.44      0.00      8.42     66.83
04:37:54        all     12.87      0.00      5.94      0.00      5.94     75.25
04:37:55        all     11.44      0.00      2.49      0.00      5.47     80.60
04:37:56        all     29.70      0.00      9.90      0.50     20.30     39.60
04:37:57        all     15.76      0.00      3.94      0.00     12.81     67.49
04:37:58        all     19.60      0.00      6.53      0.00      7.04     66.83
04:37:59        all      2.00      0.00      1.50      0.00      1.50     95.00
04:38:00        all     26.60      0.00      7.88      0.00      5.42     60.10
04:38:01        all      8.59      0.00      3.03      0.00      4.04     84.34
04:38:02        all     20.40      0.00      6.47      0.00      8.46     64.68
04:38:03        all      9.00      0.00      2.00      0.00      5.00     84.00
04:38:04        all      2.97      0.00      0.99      0.00      1.98     94.06
04:38:05        all     11.39      0.00      2.97      0.00      8.91     76.73
04:38:06        all     28.36      0.00      9.95      0.00     19.90     41.79
04:38:07        all     15.76      0.00      4.93      0.00      6.90     72.41
04:38:08        all     19.60      0.00      6.03      0.00      2.51     71.86
04:38:09        all     21.29      0.00      7.43      0.00     13.37     57.92
04:38:10        all     20.10      0.00      4.02      0.00      9.05     66.83
04:38:11        all      8.50      0.00      3.50      0.50      3.00     84.50
04:38:12        all     24.88      0.00      9.45      0.00     11.44     54.23
04:38:13        all      2.49      0.00      1.00      0.00      2.49     94.03
04:38:14        all     11.50      0.00      2.50      0.00      4.00     82.00
04:38:15        all     24.63      0.00      7.39      0.00     10.34     57.64
04:38:16        all     20.00      0.00      6.50      0.50      3.00     70.00
04:38:17        all     10.95      0.00      3.98      0.00      2.49     82.59
04:38:18        all     10.40      0.00      4.46      0.00      5.94     79.21
04:38:19        all     20.50      0.00      0.50      0.00      9.00     70.00
04:38:20        all     24.14      0.00      6.40      0.00     13.79     55.67
04:38:21        all     22.00      0.00      7.00      0.00      7.50     63.50
04:38:22        all     14.29      0.00      4.93      0.49      5.42     74.88
04:38:23        all     19.61      0.00      3.43      0.00      5.88     71.08
04:38:24        all     17.17      0.00      8.08      0.00      4.04     70.71
04:38:25        all     15.50      0.00      5.00      0.00      2.50     77.00
04:38:26        all      3.94      0.00      1.48      0.00      3.45     91.13
04:38:27        all     25.63      0.00      4.02      0.00     12.06     58.29
04:38:28        all     12.75      0.00      6.86      0.00      9.31     71.08
04:38:29        all     22.34      0.00     16.75      0.00      3.55     57.36
04:38:30        all     11.06      0.00      3.02      0.00      1.01     84.92
04:38:31        all      3.02      0.00      1.01      0.00      0.50     95.48
04:38:32        all     24.75      0.00      4.46      0.50      4.46     65.84
04:38:33        all     22.06      0.00      6.86      0.00     14.71     56.37
04:38:34        all     21.39      0.00      6.97      0.00     10.95     60.70
04:38:35        all      9.27      0.00      4.88      0.00      8.29     77.56
04:38:36        all     20.50      0.00      2.00      0.00      7.00     70.50
04:38:37        all     23.65      0.00      8.37      0.49      5.91     61.58
04:38:38        all     19.00      0.00      5.50      0.00      8.00     67.50
04:38:39        all     17.91      0.00      9.95      0.00      8.96     63.18
04:38:40        all     18.50      0.00      1.00      0.00      2.50     78.00
04:38:41        all     25.49      0.00      7.84      0.00      7.35     59.31
04:38:42        all     23.00      0.00     10.00      0.50      7.50     59.00
04:38:43        all     11.88      0.00      3.96      0.00      7.43     76.73
04:38:44        all     35.82      0.00      6.47      0.00     14.43     43.28
04:38:45        all      6.03      0.00      1.01      0.00      3.02     89.95
04:38:46        all     26.87      0.00      7.46      0.00      7.46     58.21
04:38:47        all     12.32      0.00      4.93      0.49      3.94     78.33
04:38:48        all     33.50      0.00      8.37      0.00      5.42     52.71
04:38:49        all      4.02      0.00      0.50      0.00      0.50     94.97
04:38:50        all     26.24      0.00      6.93      0.00      2.97     63.86
04:38:51        all      7.50      0.00      4.50      0.00      1.50     86.50
04:38:52        all     34.67      0.00      8.04      0.50      5.53     51.26
04:38:53        all      3.92      0.00      1.47      0.00      3.43     91.18
04:38:54        all     23.74      0.00      7.58      0.00      4.55     64.14
04:38:55        all      8.42      0.00      4.95      0.00      1.98     84.65
04:38:56        all     18.69      0.00      1.52      0.00      1.52     78.28
04:38:57        all     17.82      0.00      8.42      0.00      3.47     70.30
04:38:58        all      8.91      0.00      2.48      0.00      5.45     83.17
04:38:59        all     31.50      0.00     15.00      0.00     12.50     41.00
04:39:00        all     22.61      0.00      4.02      0.00      4.52     68.84
04:39:01        all      9.80      0.00      5.39      0.00      3.43     81.37
04:39:02        all      5.45      0.00      1.49      0.00      5.94     87.13
04:39:03        all      3.98      0.00      1.49      0.50      1.99     92.04
04:39:04        all     23.50      0.00      8.50      0.00     13.00     55.00
04:39:05        all     12.87      0.00      3.47      0.00      3.96     79.70
04:39:06        all     24.00      0.00      3.50      0.00     12.00     60.50
04:39:07        all     13.37      0.00      4.46      0.00      2.97     79.21
04:39:08        all     13.37      0.00      4.46      0.50     17.82     63.86
04:39:09        all     17.41      0.00      5.47      0.00      8.96     68.16
04:39:10        all     14.78      0.00      3.94      0.00      8.37     72.91
04:39:11        all     29.00      0.00      9.00      0.00     11.50     50.50
04:39:12        all     21.21      0.00      5.56      0.00      2.53     70.71
04:39:13        all      9.95      0.00      3.98      0.50      2.49     83.08
04:39:14        all     27.14      0.00      7.04      0.00      5.03     60.80
04:39:15        all     10.95      0.00      2.49      0.00      2.99     83.58
04:39:16        all      7.54      0.00      1.51      0.00      4.02     86.93
