Linux 5.10.234-225.917.amzn2.x86_64 (ip-10-0-164-29.us-west-2.compute.internal) 	03/29/25 	_x86_64_	(2 CPU)

00:33:49    kbmemfree kbmemused  %memused kbbuffers  kbcached  kbcommit   %commit  kbactive   kbinact   kbdirty
00:33:50      2805792   1137508     28.85      2088    905388    370776      9.40    180788    858740    300464
00:33:51      2704440   1238860     31.42      2088    910868    501540     12.72    180904    959428    305848
00:33:52      2722160   1221140     30.97      2088    918328    431120     10.93    180928    942696    313316
00:33:53      2653616   1289684     32.71      2088    918328    499252     12.66    180928   1010904    271416
00:33:54      2647064   1296236     32.87      2088    918328    505316     12.81    180928   1016736    175320
00:33:55      2646560   1296740     32.88      2088    918328    506340     12.84    180928   1017736    175340
00:33:56      2645048   1298252     32.92      2088    918328    507800     12.88    180928   1019356    175340
00:33:57      2644476   1298824     32.94      2088    918328    508824     12.90    180928   1020232    175340
00:33:58      2856628   1086672     27.56      2088    918256    293460      7.44    181236    807592    175360
00:33:59      2856628   1086672     27.56      2088    918256    293460      7.44    181236    807592    172564
00:34:00      2856628   1086672     27.56      2088    918256    293460      7.44    181236    807592    172564
00:34:01      2856628   1086672     27.56      2088    918256    293460      7.44    181236    807592    172564
00:34:02      2856644   1086656     27.56      2088    918256    293460      7.44    181260    807500    172564
00:34:03      2856644   1086656     27.56      2088    918256    293460      7.44    181260    807500    172564
00:34:04      2856644   1086656     27.56      2088    918256    293460      7.44    181260    807500    172564
00:34:05      2856644   1086656     27.56      2088    918256    293460      7.44    181260    807572    172548
00:34:06      2856644   1086656     27.56      2088    918256    293460      7.44    181260    807572    172548
00:34:07      2852224   1091076     27.67      2088    918420    303312      7.69    181448    811936    172560
00:34:08      2859140   1084160     27.49      2088    918444    297496      7.54    181548    806424    172916
00:34:09      2862288   1081012     27.41      2088    918468    296472      7.52    181572    804240    172960
00:34:10      2859444   1083856     27.49      2088    918472    297228      7.54    181572    806120    172980
00:34:11      2860192   1083108     27.47      2088    921156    296476      7.52    181572    805280    175664
00:34:12      2860660   1082640     27.46      2088    921156    295408      7.49    181572    804796    175664
00:34:13      2850072   1093228     27.72      2088    921164    307444      7.80    181572    815020    175672
00:34:14      2851932   1091368     27.68      2088    923848    295072      7.48    181572    807556     85356
00:34:15      2844092   1099208     27.88      2088    923852    302764      7.68    181572    815256     85360
00:34:16      2841040   1102260     27.95      2088    923856    311752      7.91    181572    818392     85364
00:34:17      2837768   1105532     28.04      2088    923860    309260      7.84    181664    820616     85368
00:34:18      2844112   1099188     27.87      2088    926544    301840      7.65    181664    816212     88052
00:34:19      2840016   1103284     27.98      2088    926552    307248      7.79    181664    819624     88060
00:34:20      2830512   1112788     28.22      2088    926552    314244      7.97    181664    828140     22680
00:34:21      2840340   1102960     27.97      2088    929236    300644      7.62    181664    817756     25372
00:34:22      2821612   1121688     28.45      2088    929240    320320      8.12    181664    836820     25376
00:34:23      2824604   1118696     28.37      2088    929248    317748      8.06    181664    833060     25384
00:34:24      2833708   1109592     28.14      2088    931920    303656      7.70    181664    824136     28056
00:34:25      2822148   1121152     28.43      2088    931936    317336      8.05    181664    837540     13824
00:34:26      2825872   1117428     28.34      2088    931944    315688      8.01    181664    833772     13832
00:34:27      2809404   1133896     28.76      2088    931948    329488      8.36    181664    847812     13836
00:34:28      2826460   1116840     28.32      2088    934632    309520      7.85    181664    832628     16520
00:34:29      2814068   1129232     28.64      2088    934632    323716      8.21    181664    845828     16520
00:34:30      2812152   1131148     28.69      2088    934640    325040      8.24    181664    845168     16528
00:34:31      2813980   1129320     28.64      2088    937616    318328      8.07    181664    843976     19504
00:34:32      2813548   1129752     28.65      2088    937624    318704      8.08    181664    843964     19512
00:34:33      2809256   1134044     28.76      2088    937632    326632      8.28    181664    849828     19520
00:34:34      2802232   1141068     28.94      2088    937636    331780      8.41    181664    856832     19524
00:34:35      2803492   1139808     28.90      2088    940616    328732      8.34    181664    855188     22492
00:34:36      2810468   1132832     28.73      2088    940620    322568      8.18    181664    849004     22496
00:34:37      2796288   1147012     29.09      2088    940624    334328      8.48    181664    860548     22512
00:34:38      2810144   1133156     28.74      2088    943240    318372      8.07    181664    849400     25128
00:34:39      2801668   1141632     28.95      2088    943316    329196      8.35    181664    859576     25204
00:34:40      2802900   1140400     28.92      2088    943320    328676      8.34    181664    857096     24852
00:34:41      2792332   1150968     29.19      2088    943324    336148      8.52    181664    866940     24792
00:34:42      2803228   1140072     28.91      2088    946004    321872      8.16    181664    856016     27472
00:34:43      2789120   1154180     29.27      2088    946012    340216      8.63    181664    873904     27480
00:34:44      2792652   1150648     29.18      2088    946016    337352      8.56    181664    868828     27484
00:34:45      2774488   1168812     29.64      2088    946020    353032      8.95    181664    886860     22156
00:34:46      2796680   1146620     29.08      2088    948700    326536      8.28    181664    863408     24836
00:34:47      2790668   1152632     29.23      2088    948716    333832      8.47    181664    868408     24852
00:34:48      2784360   1158940     29.39      2088    948716    342900      8.70    181664    877352     24852
00:34:49      2771404   1171896     29.72      2088    951392    349540      8.86    181664    888264     27528
00:34:50      2779204   1164096     29.52      2088    951404    340484      8.63    181664    879012     26540
00:34:51      2779868   1163432     29.50      2088    951412    346572      8.79    181664    881900     24592
00:34:52      2774008   1169292     29.65      2088    951412    347936      8.82    181664    886788     24600
00:34:53      2777808   1165492     29.56      2088    954096    341608      8.66    181664    883216     27284
00:34:54      2774020   1169280     29.65      2088    954100    345128      8.75    181664    886572     27288
00:34:55      2763192   1180108     29.93      2088    954108    358648      9.10    181664    897516     27296
00:34:56      2756220   1187080     30.10      2088    954108    362860      9.20    181664    904260     21968
00:34:57      2770172   1173128     29.75      2088    957084    345824      8.77    181664    890492     24944
00:34:58      2767620   1175680     29.81      2088    957092    349172      8.85    181664    892776     24952
00:34:59      2760552   1182748     29.99      2088    960060    352252      8.93    181664    899100     27920
00:35:00      2766436   1176864     29.84      2088    960072    347376      8.81    181664    894508     27932
00:35:01      2763096   1180204     29.93      2088    960084    350204      8.88    181664    897628     25280
00:35:02      2760776   1182524     29.99      2088    960088    348748      8.84    181664    896136     25284
00:35:03      2755364   1187936     30.13      2088    960092    358936      9.10    181664    904384     25288
00:35:04      2752176   1191124     30.21      2088    960096    361320      9.16    181664    908196     25292
00:35:05      2756016   1187284     30.11      2088    962780    355420      9.01    181664    905396     27976
00:35:06      2758796   1184504     30.04      2088    962784    354172      8.98    181664    902812     22080
00:35:07      2753804   1189496     30.16      2088    962788    360096      9.13    181664    908804     22064
00:35:08      2731180   1212120     30.74      2088    965460    375856      9.53    181664    928544     24736
00:35:09      2750756   1192544     30.24      2088    965476    356360      9.04    181664    909664     24752
00:35:10      2748568   1194732     30.30      2088    965480    361552      9.17    181664    913064     24756
00:35:11      2745704   1197596     30.37      2088    965484    361928      9.18    181664    914552     22160
00:35:12      2747492   1195808     30.33      2088    968760    357164      9.06    181664    913140     25460
00:35:13      2742756   1200544     30.45      2088    968764    363340      9.21    181664    919064     25464
00:35:14      2741620   1201680     30.47      2088    968764    364656      9.25    181664    919040     25464
00:35:15      2737448   1205852     30.58      2088    968772    367200      9.31    181664    923988     25472
00:35:16      2738968   1204332     30.54      2088    971444    362608      9.20    181664    921064     22816
00:35:17      2737396   1205904     30.58      2088    971460    364676      9.25    181664    923120     22832
00:35:18      2727512   1215788     30.83      2088    971464    377656      9.58    181664    932092     22836
00:35:19      2735968   1207332     30.62      2088    974148    364196      9.24    181664    923444     25520
00:35:20      2730104   1213196     30.77      2088    974152    370528      9.40    181664    930300     25524
00:35:21      2727320   1215980     30.84      2088    974160    376008      9.54    181664    933816     22632
00:35:22      2710440   1232860     31.26      2088    976836    388968      9.86    181664    950868     25296
00:35:23      2727896   1215404     30.82      2088    976844    369880      9.38    181664    932576     25304
00:35:24      2723596   1219704     30.93      2088    976852    375920      9.53    181664    936828     25312
00:35:25      2693052   1250248     31.71      2088    976856    407588     10.34    181664    969208     25328
00:35:26      2716540   1226760     31.11      2088    979540    380296      9.64    181664    945520     25336
00:35:27      2719248   1224052     31.04      2088    979540    375308      9.52    181664    940588     25344
00:35:28      2715784   1227516     31.13      2088    979544    378916      9.61    181664    944088     25348
00:35:29      2708120   1235180     31.32      2088    979544    383564      9.73    181664    948796     25348
00:35:30      2710460   1232840     31.26      2088    979552    387884      9.84    181664    951468     25356
00:35:31      2717252   1226048     31.09      2088    982224    374412      9.49    181664    942916     22120
00:35:32      2713480   1229820     31.19      2088    982244    380664      9.65    181664    947720     22128
00:35:33      2713872   1229428     31.18      2088    982248    382780      9.71    181664    948284     22132
00:35:34      2700752   1242548     31.51      2088    982248    393268      9.97    181664    960148     22132
00:35:35      2711496   1231804     31.24      2088    985528    375956      9.53    181664    948108     25412
00:35:36      2707744   1235556     31.33      2088    985528    381344      9.67    181664    952488     25412
00:35:37      2703568   1239732     31.44      2088    985528    386072      9.79    181664    956688     22748
00:35:38      2696080   1247220     31.63      2088    985540    395336     10.03    181664    964432     22760
00:35:39      2690280   1253020     31.78      2088    985540    399016     10.12    181664    968712     22760
00:35:40      2705476   1237824     31.39      2088    988220    381992      9.69    181664    955972     25440
00:35:41      2700172   1243128     31.53      2088    988232    387244      9.82    181664    960980     25452
00:35:42      2691332   1251968     31.75      2088    988240    398152     10.10    181664    969796     19540
00:35:43      2696328   1246972     31.62      2088    990924    386976      9.81    181664    963728     22224
00:35:44      2695552   1247748     31.64      2088    990928    388456      9.85    181664    965076     22228
00:35:45      2672180   1271120     32.23      2088    990928    409208     10.38    181664    984984     22228
00:35:46      2680952   1262348     32.01      2088    990936    402656     10.21    181664    978748     22236
00:35:47      2690808   1252492     31.76      2088    994200    388756      9.86    181664    969604     22732
00:35:48      2688572   1254728     31.82      2088    994216    391896      9.94    181664    971932     22748
00:35:49      2679760   1263540     32.04      2088    994220    402280     10.20    181664    980792     22752
00:35:50      2688268   1255032     31.83      2088    996832    390196      9.90    181664    973044     25364
00:35:51      2685780   1257520     31.89      2088    996912    393556      9.98    181676    974508     25448
00:35:52      2672172   1271128     32.24      2088    996916    407244     10.33    181676    987700     22532
00:35:53      2682748   1260552     31.97      2088    999592    391176      9.92    181676    976540     25212
00:35:54      2682496   1260804     31.97      2088    999600    390316      9.90    181676    976524     25220
00:35:55      2677708   1265592     32.09      2088    999604    397028     10.07    181676    982676     25224
00:35:56      2676480   1266820     32.13      2088    999604    398564     10.11    181676    983888     25224
00:35:57      2665968   1277332     32.39      2088    999612    409144     10.38    181676    992516     19892
00:35:58      2675864   1267436     32.14      2088   1002520    394224     10.00    181676    983108     22804
00:35:59      2671864   1271436     32.24      2088   1002592    399908     10.14    181676    987956     22876
00:36:00      2667056   1276244     32.36      2088   1002592    404940     10.27    181676    993136     22876
00:36:01      2660508   1282792     32.53      2088   1002600    413604     10.49    181676    999516     22884
00:36:02      2662176   1281124     32.49      2088   1002600    410868     10.42    181676    997660     20220
00:36:03      2667316   1275984     32.36      2088   1005200    401524     10.18    181676    992548     22820
00:36:04      2666376   1276924     32.38      2088   1005288    403540     10.23    181676    994364     22908
00:36:05      2663588   1279712     32.45      2088   1005288    404744     10.26    181676    995672     22908
00:36:06      2657304   1285996     32.61      2088   1005296    414652     10.52    181676   1003988     22916
00:36:07      2663556   1279744     32.45      2088   1007900    402188     10.20    181676    995564     22420
00:36:08      2659736   1283564     32.55      2088   1007984    401904     10.19    181676    995872     22348
00:36:09      2657080   1286220     32.62      2088   1007988    407728     10.34    181676   1000692     22352
00:36:10      2625740   1317560     33.41      2088   1007992    440240     11.16    181676   1034300     22356
00:36:11      2655636   1287664     32.65      2088   1010672    406472     10.31    181676   1003488     25036
00:36:12      2654208   1289092     32.69      2088   1010676    408396     10.36    181676   1005644     22372
00:36:13      2654956   1288344     32.67      2088   1010684    410280     10.40    181676   1005824     22380
00:36:14      2648100   1295200     32.85      2088   1010684    415808     10.54    181676   1012168     22380
00:36:15      2648648   1294652     32.83      2088   1013368    411440     10.43    181676   1010316     25064
00:36:16      2648344   1294956     32.84      2088   1013376    412272     10.45    181676   1011724     25072
00:36:17      2645584   1297716     32.91      2088   1013376    414716     10.52    181676   1014100     25072
00:36:18      2646308   1296992     32.89      2088   1013384    417192     10.58    181676   1014812     19160
00:36:19      2591484   1351816     34.28      2088   1013384    470692     11.94    181676   1069456     19160
00:36:20      2646412   1296888     32.89      2088   1016068    412484     10.46    181676   1015136     21844
00:36:21      2640612   1302688     33.04      2088   1016072    416824     10.57    181676   1019040     21848
00:36:22      2624004   1319296     33.46      2088   1016084    434684     11.02    181676   1034352     21860
00:36:23      2640860   1302440     33.03      2088   1018748    413908     10.50    181676   1018516     21640
00:36:24      2631680   1311620     33.26      2088   1018768    422808     10.72    181676   1027072     21660
00:36:25      2633912   1309388     33.21      2088   1018772    422084     10.70    181676   1024624     21664
00:36:26      2616224   1327076     33.65      2088   1018776    438856     11.13    181676   1041908     21668
00:36:27      2635544   1307756     33.16      2088   1021384    415984     10.55    181676   1023404     24276
00:36:28      2636276   1307024     33.15      2088   1021464    416796     10.57    181676   1024068     21668
00:36:29      2633600   1309700     33.21      2088   1021468    421272     10.68    181676   1026404     21676
00:36:30      2624952   1318348     33.43      2088   1021472    429932     10.90    181676   1035064     21692
00:36:31      2603768   1339532     33.97      2088   1024144    446084     11.31    181676   1055612     24364
00:36:32      2625432   1317868     33.42      2088   1024156    424180     10.76    181676   1034380     24376
00:36:33      2627184   1316116     33.38      2088   1024164    421768     10.70    181676   1031584     21424
00:36:34      2607792   1335508     33.87      2088   1024168    443844     11.26    181676   1052308     21428
00:36:35      2580876   1362424     34.55      2088   1026772    465008     11.79    181676   1078260     24032
00:36:36      2615884   1327416     33.66      2088   1026856    432472     10.97    181676   1044040     24116
00:36:37      2619556   1323744     33.57      2088   1026860    432044     10.96    181676   1042104     24120
00:36:38      2606680   1336620     33.90      2088   1026864    444136     11.26    181676   1053388     18796
00:36:39      2582576   1360724     34.51      2088   1029532    466448     11.83    181676   1080044     21464
00:36:40      2616344   1326956     33.65      2088   1029552    429428     10.89    181676   1043600     21484
00:36:41      2609540   1333760     33.82      2088   1029556    437864     11.10    181676   1050064     21488
00:36:42      2607944   1335356     33.86      2088   1029560    440520     11.17    181676   1052524     21492
00:36:43      2589832   1353468     34.32      2088   1032168    453092     11.49    181676   1069384     21500
00:36:44      2610652   1332648     33.80      2088   1032244    432148     10.96    181676   1049396     21512
00:36:45      2604492   1338808     33.95      2088   1032252    439604     11.15    181676   1055652     21520
00:36:46      2597412   1345888     34.13      2088   1032252    447656     11.35    181676   1063080     21520
00:36:47      2606660   1336640     33.90      2088   1034924    433392     10.99    181676   1053208     24192
00:36:48      2606264   1337036     33.91      2088   1034928    434940     11.03    181676   1054792     21596
00:36:49      2605656   1337644     33.92      2088   1034940    434340     11.01    181676   1054280     21544
00:36:50      2603432   1339868     33.98      2088   1034948    438444     11.12    181676   1057580     21552
00:36:51      2594664   1348636     34.20      2088   1034952    446224     11.32    181676   1064864     21556
00:36:52      2599232   1344068     34.08      2088   1037924    438268     11.11    181676   1060588     24528
00:36:53      2593520   1349780     34.23      2088   1037940    445244     11.29    181676   1065772     19048
00:36:54      2579232   1364068     34.59      2088   1037940    458616     11.63    181676   1080440     18972
00:36:55      2591844   1351456     34.27      2088   1040920    440692     11.18    181676   1067648     21952
00:36:56      2588064   1355236     34.37      2088   1040928    448324     11.37    181676   1073560     21960
00:36:57      2585172   1358128     34.44      2088   1040936    451408     11.45    181676   1074948     21968
00:36:58      2577732   1365568     34.63      2088   1040936    461288     11.70    181676   1084300     19304
00:36:59      2586228   1357072     34.41      2088   1043616    444732     11.28    181676   1073188     21984
00:37:00      2575460   1367840     34.69      2088   1043624    456472     11.58    181676   1084492     21992
00:37:01      2582192   1361108     34.52      2088   1043628    449724     11.40    181676   1078020     21996
00:37:02      2581416   1361884     34.54      2088   1043632    453060     11.49    181676   1079032     22000
00:37:03      2571684   1371616     34.78      2088   1043632    464492     11.78    181676   1090076     22000
00:37:04      2582764   1360536     34.50      2088   1046312    445860     11.31    181676   1076916     21988
00:37:05      2582700   1360600     34.50      2088   1046316    446284     11.32    181676   1077848     22000
00:37:06      2570656   1372644     34.81      2088   1046320    457664     11.61    181676   1088828     22004
00:37:07      2571172   1372128     34.80      2088   1046328    459112     11.64    181676   1089176     22012
00:37:08      2562888   1380412     35.01      2088   1046328    466640     11.83    181676   1097144     22012
00:37:09      2575900   1367400     34.68      2088   1049004    448092     11.36    181676   1083372     22024
00:37:10      2573828   1369472     34.73      2088   1049020    450492     11.42    181676   1084828     22040
00:37:11      2571720   1371580     34.78      2088   1049020    455656     11.56    181676   1087608     22040
00:37:12      2560636   1382664     35.06      2088   1049024    466616     11.83    181676   1099744     22044
00:37:13      2570708   1372592     34.81      2088   1051708    452136     11.47    181676   1088320     24728
00:37:14      2565668   1377632     34.94      2088   1051716    457700     11.61    181676   1094232     19408
00:37:15      2566264   1377036     34.92      2088   1051720    460052     11.67    181676   1095028     19412
00:37:16      2554760   1388540     35.21      2088   1051720    468800     11.89    181676   1105108     19412
00:37:17      2566920   1376380     34.90      2088   1054396    453856     11.51    181676   1092536     22088
00:37:18      2563896   1379404     34.98      2088   1054412    455756     11.56    181676   1095212     22220
00:37:19      2561144   1382156     35.05      2088   1054416    461096     11.69    181676   1098992     19624
00:37:20      2563904   1379396     34.98      2088   1054420    456612     11.58    181676   1095280     19564
00:37:21      2532848   1410452     35.77      2088   1057092    485288     12.31    181676   1127168     22236
00:37:22      2556604   1386696     35.17      2088   1057104    460128     11.67    181676   1102236     22248
00:37:23      2548272   1395028     35.38      2088   1057104    471320     11.95    181676   1112240     22248
00:37:24      2551296   1392004     35.30      2088   1057108    470432     11.93    181676   1109616     19156
00:37:25      2538916   1404384     35.61      2088   1057112    481788     12.22    181676   1121136     19080
00:37:26      2550208   1393092     35.33      2088   1059716    464396     11.78    181676   1108800     21684
00:37:27      2545924   1397376     35.44      2088   1059800    466340     11.83    181676   1111252     21768
00:37:28      2540392   1402908     35.58      2088   1059812    474980     12.05    181676   1117000     21780
00:37:29      2546460   1396840     35.42      2088   1062420    465392     11.80    181676   1112176     18888
00:37:30      2546468   1396832     35.42      2088   1062492    465140     11.80    181676   1112408     18836
00:37:31      2545952   1397348     35.44      2088   1062496    466208     11.82    181676   1113524     18840
00:37:32      2544192   1399108     35.48      2088   1062504    470344     11.93    181676   1115092     18848
00:37:33      2531332   1411968     35.81      2088   1062508    483640     12.26    181676   1128628     18852
00:37:34      2540820   1402480     35.57      2088   1065176    468028     11.87    181676   1117756     18920
00:37:35      2541148   1402152     35.56      2088   1065188    467900     11.87    181676   1117848     18868
00:37:36      2533844   1409456     35.74      2088   1065196    475580     12.06    181676   1125428     18876
00:37:37      2533280   1410020     35.76      2088   1065200    477824     12.12    181676   1125580     18880
00:37:38      2527440   1415860     35.91      2088   1065200    482880     12.25    181676   1131968     18880
00:37:39      2535332   1407968     35.71      2088   1067884    470944     11.94    181676   1123124     18888
00:37:40      2534776   1408524     35.72      2088   1067884    471820     11.97    181676   1124260     18892
00:37:41      2523748   1419552     36.00      2088   1067888    483200     12.25    181676   1135492     18896
00:37:42      2517424   1425876     36.16      2088   1067888    488632     12.39    181676   1140728     18896
00:37:43      2516408   1426892     36.19      2088   1067896    492588     12.49    181676   1143280     18904
00:37:44      2493220   1450080     36.77      2088   1070860    509940     12.93    181676   1165744     21868
00:37:45      2520184   1423116     36.09      2088   1070868    483532     12.26    181676   1139112     19212
00:37:46      2518976   1424324     36.12      2088   1070884    486444     12.34    181676   1139964     19228
00:37:47      2510188   1433112     36.34      2088   1070884    497156     12.61    181676   1150464     19228
00:37:48      2515960   1427340     36.20      2088   1073572    484560     12.29    181676   1142812     21916
00:37:49      2511156   1432144     36.32      2088   1073576    489564     12.42    181676   1147128     21920
00:37:50      2504848   1438452     36.48      2088   1073580    498024     12.63    181676   1154384     19144
00:37:51      2475112   1468188     37.23      2088   1076252    522752     13.26    181676   1183756     21828
00:37:52      2510440   1432860     36.34      2088   1076260    487572     12.36    181676   1148832     21836
00:37:53      2507812   1435488     36.40      2088   1076268    490400     12.44    181676   1150556     21844
00:37:54      2506580   1436720     36.43      2088   1076276    495012     12.55    181676   1153180     21852
00:37:55      2419856   1523444     38.63      2088   1078880    575116     14.58    181676   1238888     21572
00:37:56      2504548   1438752     36.49      2088   1078960    489904     12.42    181676   1154444     21652
00:37:57      2499564   1443736     36.61      2088   1078964    497648     12.62    181676   1160828     21656
00:37:58      2498040   1445260     36.65      2088   1078968    498324     12.64    181676   1160936     21660
00:37:59      2429004   1514296     38.40      2088   1078968    567212     14.38    181676   1230148     21660
00:38:00      2502044   1441256     36.55      2088   1081652    492412     12.49    181676   1158480     19044
00:38:01      2494012   1449288     36.75      2088   1081656    499840     12.68    181676   1165668     19020
00:38:02      2494000   1449300     36.75      2088   1081656    498860     12.65    181676   1164808     19020
00:38:03      2495720   1447580     36.71      2088   1081664    500240     12.69    181676   1165464     19028
00:38:04      2470284   1473016     37.35      2088   1081668    524340     13.30    181676   1190272     19032
00:38:05      2466244   1477056     37.46      2088   1084344    523372     13.27    181676   1192600     19044
00:38:06      2490196   1453104     36.85      2088   1084356    501756     12.72    181676   1168468     19056
00:38:07      2487352   1455948     36.92      2088   1084364    504212     12.79    181676   1172132     19064
00:38:08      2482588   1460712     37.04      2088   1084368    509280     12.92    181676   1175676     19068
00:38:09      2475608   1467692     37.22      2088   1084368    516836     13.11    181676   1183500     19068
00:38:10      2410836   1532464     38.86      2088   1087332    577692     14.65    181676   1249020     19352
00:38:11      2478624   1464676     37.14      2088   1087348    510200     12.94    181676   1181452     19376
00:38:12      2468476   1474824     37.40      2088   1087352    517312     13.12    181676   1188804     19380
00:38:13      2470540   1472760     37.35      2088   1087356    517828     13.13    181676   1188472     19384
00:38:14      2471560   1471740     37.32      2088   1087360    518116     13.14    181676   1189160     19388
00:38:15      2387124   1556176     39.46      2088   1090028    597676     15.16    181676   1271168     19096
00:38:16      2430972   1512328     38.35      2088   1090044    555256     14.08    181676   1228768     19112
00:38:17      2455416   1487884     37.73      2088   1090048    528532     13.40    181676   1200076     19116
00:38:18      2466496   1476804     37.45      2088   1090052    520992     13.21    181676   1193856     19120
00:38:19      2397416   1545884     39.20      2088   1092956    584176     14.81    181676   1261788     22024
00:38:20      2418152   1525148     38.68      2088   1093028    564592     14.32    181676   1241552     19496
00:38:21      2418404   1524896     38.67      2088   1093036    564760     14.32    181676   1240720     19440
00:38:22      2433464   1509836     38.29      2088   1093040    547312     13.88    181676   1224488     19444
00:38:23      2439792   1503508     38.13      2088   1093044    544380     13.81    181676   1220124     19448
00:38:24      2382620   1560680     39.58      2088   1093044    601072     15.24    181676   1277592     19448
00:38:25      2438280   1505020     38.17      2088   1095728    541224     13.73    181676   1221068     16652
00:38:26      2438340   1504960     38.16      2088   1095732    542736     13.76    181676   1220764     16592
00:38:27      2440308   1502992     38.12      2088   1095732    538004     13.64    181676   1218032     16592
00:38:28      2441148   1502152     38.09      2088   1095736    538288     13.65    181676   1217756     16596
00:38:29      2393456   1549844     39.30      2088   1095740    586852     14.88    181676   1265988     16600
00:38:30      2440068   1503232     38.12      2088   1098420    536416     13.60    181676   1219392     19280
00:38:31      2438884   1504416     38.15      2088   1098428    540204     13.70    181676   1221648     16624
00:38:32      2433464   1509836     38.29      2088   1098428    543036     13.77    181676   1225648     16624
00:38:33      2381352   1561948     39.61      2088   1098436    587104     14.89    181676   1269724     16632
00:38:34      2371672   1571628     39.86      2088   1101112    602144     15.27    181676   1287820     19308
00:38:35      2374468   1568832     39.78      2088   1101112    598760     15.18    181676   1284532     19308
00:38:36      2372724   1570576     39.83      2088   1101120    600244     15.22    181676   1286392     16652
00:38:37      2351104   1592196     40.38      2088   1101128    623168     15.80    181676   1308540     16660
00:38:38      2383736   1559564     39.55      2088   1103808    588256     14.92    181676   1276236     19340
00:38:39      2428156   1515144     38.42      2088   1103820    543220     13.78    181676   1231372     19356
00:38:40      2425124   1518176     38.50      2088   1103824    547340     13.88    181676   1233712     19360
00:38:41      2352060   1591240     40.35      2088   1106492    616016     15.62    181676   1306636     19120
00:38:42      2425452   1517848     38.49      2088   1106512    542688     13.76    181676   1233904     19084
00:38:43      2426624   1516676     38.46      2088   1106516    543588     13.79    181676   1234404     19088
00:38:44      2425272   1518028     38.50      2088   1106520    547484     13.88    181676   1235660     19092
00:38:45      2421900   1521400     38.58      2088   1106528    547844     13.89    181676   1237924     19100
00:38:46      2404832   1538468     39.01      2088   1109132    561016     14.23    181676   1253924     19104
00:38:47      2419372   1523928     38.65      2088   1109208    546008     13.85    181676   1239612     19116
00:38:48      2419624   1523676     38.64      2088   1109212    545908     13.84    181676   1239572     19120
00:38:49      2408208   1535092     38.93      2088   1109216    557476     14.14    181676   1249564     19124
00:38:50      2418800   1524500     38.66      2088   1109220    548908     13.92    181676   1240916     19128
00:38:51      2382808   1560492     39.57      2088   1111820    581088     14.74    181676   1276876     18768
00:38:52      2413292   1530008     38.80      2088   1111904    550532     13.96    181676   1246300     18852
00:38:53      2408964   1534336     38.91      2088   1111904    548096     13.90    181676   1244000     18852
00:38:54      2413936   1529364     38.78      2088   1111916    550260     13.95    181676   1246212     18864
00:38:55      2414268   1529032     38.78      2088   1111916    551028     13.97    181676   1246944     18872
00:38:56      2377752   1565548     39.70      2088   1114532    582488     14.77    181676   1281144     18692
00:38:57      2323320   1619980     41.08      2088   1114600    637036     16.15    181676   1334884     18684
00:38:58      2325100   1618200     41.04      2088   1114604    638092     16.18    181676   1335732     18688
00:38:59      2342992   1600308     40.58      2088   1114608    620936     15.75    181676   1317636     18692
00:39:00      2341520   1601780     40.62      2088   1114608    620792     15.74    181676   1317756     18692
00:39:01      2382220   1561080     39.59      2088   1117284    572588     14.52    181676   1273556     18704
00:39:02      2385988   1557312     39.49      2088   1117288    572396     14.52    181676   1273364     18708
00:39:03      2302892   1640408     41.60      2088   1117292    653672     16.58    181676   1354280     18712
00:39:04      2378240   1565060     39.69      2088   1117300    570776     14.47    181676   1271996     18720
00:39:05      2385768   1557532     39.50      2088   1117304    574576     14.57    181676   1274528     18724
00:39:06      2339936   1603364     40.66      2088   1117308    617208     15.65    181676   1318312     16128
00:39:07      2387052   1556248     39.47      2088   1119984    567256     14.39    181676   1271272     18740
00:39:08      2388660   1554640     39.42      2088   1119984    567872     14.40    181676   1271224     18740
00:39:09      2386240   1557060     39.49      2088   1119996    565448     14.34    181676   1269904     18856
00:39:10      2386516   1556784     39.48      2088   1119996    569096     14.43    181676   1272412     18856
00:39:11      2284176   1659124     42.07      2088   1122600    666692     16.91    181676   1374152     21460
00:39:12      2385980   1557320     39.49      2088   1122680    565516     14.34    181676   1273044     16200
00:39:13      2386488   1556812     39.48      2088   1122688    565480     14.34    181676   1271928     16212
00:39:14      2385280   1558020     39.51      2088   1122692    569756     14.45    181676   1274144     16216
00:39:15      2342440   1600860     40.60      2088   1125364    607672     15.41    181676   1316728     18888
00:39:16      2383264   1560036     39.56      2088   1125380    566920     14.38    181676   1276728     18904
00:39:17      2382508   1560792     39.58      2088   1125384    566192     14.36    181676   1275804     16244
00:39:18      2381236   1562064     39.61      2088   1125388    571352     14.49    181676   1278148     16248
00:39:19      2380980   1562320     39.62      2088   1125392    571584     14.50    181676   1278292     16252
00:39:20      2376500   1566800     39.73      2088   1128004    571392     14.49    181676   1283340     18864
00:39:21      2376688   1566612     39.73      2088   1128084    569340     14.44    181676   1281816     18944
00:39:22      2375680   1567620     39.75      2088   1128088    573708     14.55    181676   1284232     16284
00:39:23      2373664   1569636     39.81      2088   1128088    575088     14.58    181676   1284400     16284
00:39:24      2373560   1569740     39.81      2088   1130696    570968     14.48    181676   1284632     18892
00:39:25      2374160   1569140     39.79      2088   1130776    571136     14.48    181676   1286024     18972
00:39:26      2372392   1570908     39.84      2088   1130780    573624     14.55    181676   1287208     18976
00:39:27      2368532   1574768     39.94      2088   1130784    574536     14.57    181676   1288304     16180
00:39:28      2321240   1622060     41.13      2088   1130784    623412     15.81    181676   1337940     16120
00:39:29      2370368   1572932     39.89      2088   1133460    569428     14.44    181676   1287824     18796
00:39:30      2370824   1572476     39.88      2088   1133472    569984     14.45    181676   1288184     18808
00:39:31      2370348   1572952     39.89      2088   1133476    573948     14.56    181676   1290200     18812
00:39:32      2368932   1574368     39.93      2088   1133484    572672     14.52    181676   1289844     16156
00:39:33      2287464   1655836     41.99      2088   1136084    650592     16.50    181676   1370448     18756
00:39:34      2365144   1578156     40.02      2088   1136160    572632     14.52    181676   1293500     18832
00:39:35      2364640   1578660     40.03      2088   1136168    574508     14.57    181676   1295152     18840
00:39:36      2362680   1580620     40.08      2088   1136172    576860     14.63    181676   1295580     18844
00:39:37      2359992   1583308     40.15      2088   1136172    579848     14.70    181676   1297980     16180
00:39:38      2351520   1591780     40.37      2088   1138836    584632     14.83    181676   1307552     18844
00:39:39      2338320   1604980     40.70      2088   1138844    597312     15.15    181676   1320464     18852
00:39:40      2357220   1586080     40.22      2088   1138860    578752     14.68    181676   1301656     18868
00:39:41      2355488   1587812     40.27      2088   1138864    580560     14.72    181676   1303176     18872
00:39:42      2356080   1587220     40.25      2088   1138868    582696     14.78    181676   1303100     16108
00:39:43      2297844   1645456     41.73      2088   1141776    635760     16.12    181676   1360916     19016
00:39:44      2353756   1589544     40.31      2088   1141848    579892     14.71    181676   1305340     19088
00:39:45      2353820   1589480     40.31      2088   1141848    579744     14.70    181676   1305348     19088
00:39:46      2350924   1592376     40.38      2088   1141856    578468     14.67    181676   1304192     19096
00:39:47      2351732   1591568     40.36      2088   1141860    581884     14.76    181676   1306472     16504
00:39:48      2352960   1590340     40.33      2088   1141864    582452     14.77    181676   1306648     16432
00:39:49      2220084   1723216     43.70      2088   1144464    710548     18.02    181676   1438388     19032
00:39:50      2344408   1598892     40.55      2088   1144540    584712     14.83    181676   1313380     19108
00:39:51      2349164   1594136     40.43      2088   1144548    582792     14.78    181676   1310884     19116
00:39:52      2346952   1596348     40.48      2088   1144548    582864     14.78    181676   1311340     16516
00:39:53      2343132   1600168     40.58      2088   1144556    588996     14.94    181676   1315520     16460
00:39:54      2340156   1603144     40.65      2088   1144560    591184     14.99    181676   1317844     16464
00:39:55      2263032   1680268     42.61      2088   1147164    665028     16.86    181676   1396540     19068
00:39:56      2343324   1599976     40.57      2088   1147236    583504     14.80    181676   1315388     19140
00:39:57      2343928   1599372     40.56      2088   1147248    582940     14.78    181676   1313792     19152
00:39:58      2335548   1607752     40.77      2088   1147256    594144     15.07    181676   1322668     16300
00:39:59      2337316   1605984     40.73      2088   1149924    588220     14.92    181676   1321184     18968
00:40:00      2339172   1604128     40.68      2088   1149932    586640     14.88    181676   1320020     18988
00:40:01      2336012   1607288     40.76      2088   1149956    589168     14.94    181720   1322216     19212
00:40:02      2339288   1604012     40.68      2088   1149988    584988     14.83    181808   1318632     19240
00:40:03      2337328   1605972     40.73      2088   1149992    589048     14.94    181808   1320924     16580
00:40:04      2338572   1604728     40.70      2088   1149992    587416     14.90    181808   1320432     16580
00:40:05      2242876   1700424     43.12      2088   1149996    684076     17.35    181808   1416936     16584
00:40:06      2307620   1635680     41.48      2088   1152664    614364     15.58    181808   1350036     19252
00:40:07      2332064   1611236     40.86      2088   1152680    590560     14.98    181808   1326936     19268
00:40:08      2330484   1612816     40.90      2088   1152684    593152     15.04    181808   1327908     16672
00:40:09      2327532   1615768     40.98      2088   1152688    597512     15.15    181808   1331588     16612
00:40:10      2327420   1615880     40.98      2088   1152692    592824     15.03    181808   1328868     16616
00:40:11      2279896   1663404     42.18      2088   1155360    638784     16.20    181808   1377364     19284
00:40:12      2274036   1669264     42.33      2088   1155360    644568     16.35    181808   1383772     19284
00:40:13      2320972   1622328     41.14      2088   1155376    598932     15.19    181808   1337492     13676
00:40:14      2319704   1623596     41.17      2088   1155376    593904     15.06    181808   1332684     13676
00:40:15      2322960   1620340     41.09      2088   1155380    597400     15.15    181808   1335188     13680
00:40:16      2314836   1628464     41.30      2088   1155384    606468     15.38    181808   1344204     13684
00:40:17      2214008   1729292     43.85      2088   1157992    702660     17.82    181808   1444696     16292
00:40:18      2321656   1621644     41.12      2088   1158060    595592     15.10    181808   1337916     16348
00:40:19      2320920   1622380     41.14      2088   1158068    595300     15.10    181808   1336704     16364
00:40:20      2319688   1623612     41.17      2088   1158076    599720     15.21    181808   1339140     16372
00:40:21      2315160   1628140     41.29      2088   1158080    604592     15.33    181808   1344268     16376
00:40:22      2197720   1745580     44.27      2088   1160748    715948     18.16    181808   1460348     19044
00:40:23      2314648   1628652     41.30      2088   1160764    599044     15.19    181808   1343924     16396
00:40:24      2316108   1627192     41.26      2088   1160764    598244     15.17    181808   1342708     16396
00:40:25      2314648   1628652     41.30      2088   1160764    600060     15.22    181808   1344280     16396
00:40:26      2310860   1632440     41.40      2088   1160772    605500     15.36    181808   1348288     16404
00:40:27      2261632   1681668     42.65      2088   1163440    649372     16.47    181808   1396452     19072
00:40:28      2311356   1631944     41.39      2088   1163452    599420     15.20    181808   1347076     16288
00:40:29      2311548   1631752     41.38      2088   1163460    598620     15.18    181808   1346076     16252
00:40:30      2306992   1636308     41.50      2088   1163468    604368     15.33    181808   1350860     16260
00:40:31      2213784   1729516     43.86      2088   1166140    692972     17.57    181808   1444036     18932
00:40:32      2290912   1652388     41.90      2088   1166144    617440     15.66    181808   1368144     18936
00:40:33      2306640   1636660     41.50      2088   1166152    600016     15.22    181808   1351188     16200
00:40:34      2304504   1638796     41.56      2088   1166160    603232     15.30    181808   1352772     16036
00:40:35      2304020   1639280     41.57      2088   1166160    604080     15.32    181808   1352632     16036
00:40:36      2300644   1642656     41.66      2088   1166168    609024     15.44    181808   1358032     16044
00:40:37      2273948   1669352     42.33      2088   1168776    630916     16.00    181808   1384140     18652
00:40:38      2301760   1641540     41.63      2088   1168840    602676     15.28    181808   1356216     18716
00:40:39      2297952   1645348     41.73      2088   1168860    606632     15.38    181808   1359704     16072
00:40:40      2296616   1646684     41.76      2088   1168864    609848     15.47    181808   1360940     16076
00:40:41      2295740   1647560     41.78      2088   1168864    612676     15.54    181808   1363276     16076
00:40:42      2250884   1692416     42.92      2088   1171536    653324     16.57    181808   1408116     18748
00:40:43      2224896   1718404     43.58      2088   1171536    677796     17.19    181808   1433216     18748
00:40:44      2292128   1651172     41.87      2088   1171552    611712     15.51    181808   1366600     16100
00:40:45      2289848   1653452     41.93      2088   1171556    612980     15.54    181808   1368168     16104
00:40:46      2289876   1653424     41.93      2088   1171560    615200     15.60    181808   1369040     16108
00:40:47      2256380   1686920     42.78      2088   1171564    648448     16.44    181808   1403556     16112
00:40:48      2216552   1726748     43.79      2088   1174232    683008     17.32    181808   1441092     18792
00:40:49      2287180   1656120     42.00      2088   1174244    614120     15.57    181808   1371868     16128
00:40:50      2285600   1657700     42.04      2088   1174248    614452     15.58    181808   1372212     16136
00:40:51      2282324   1660976     42.12      2088   1174252    619560     15.71    181808   1375448     16144
00:40:52      2282520   1660780     42.12      2088   1174256    618772     15.69    181808   1376264     16148
00:40:53      2202404   1740896     44.15      2088   1176928    695016     17.63    181808   1455452     18820
00:40:54      2282164   1661136     42.13      2088   1176936    615056     15.60    181808   1375840     16164
00:40:55      2280492   1662808     42.17      2088   1176944    615272     15.60    181808   1375568     16172
00:40:56      2276248   1667052     42.28      2088   1176948    623452     15.81    181808   1381940     16176
00:40:57      2251972   1691328     42.89      2088   1179620    642664     16.30    181808   1406032     18848
00:40:58      2270188   1673112     42.43      2088   1179624    623468     15.81    181808   1387472     18852
00:40:59      2278960   1664340     42.21      2088   1179632    614416     15.58    181808   1378708     16060
00:41:00      2278272   1665028     42.22      2088   1179636    615496     15.61    181808   1379868     16016
00:41:01      2276168   1667132     42.28      2088   1179636    618972     15.70    181808   1382368     16016
00:41:02      2274452   1668848     42.32      2088   1179640    622156     15.78    181808   1384952     16020
00:41:03      2260592   1682708     42.67      2088   1179644    636552     16.14    181808   1397596     16024
00:41:04      2267908   1675392     42.49      2088   1179644    627208     15.91    181808   1389056     13360
00:41:05      2265404   1677896     42.55      2088   1179644    632084     16.03    181808   1394088     13360
00:41:06      2207720   1735580     44.01      2088   1182608    684500     17.36    181808   1450912     16324
00:41:07      2194364   1748936     44.35      2088   1182624    697912     17.70    181808   1463376     16340
00:41:08      2193860   1749440     44.36      2088   1182628    698856     17.72    181808   1464404     16344
00:41:09      2216024   1727276     43.80      2088   1182632    675588     17.13    181808   1441572     13684
00:41:10      2222084   1721216     43.65      2088   1182640    671732     17.03    181808   1436384     13692
00:41:11      2235684   1707616     43.30      2088   1185308    653996     16.58    181808   1423160     16468
00:41:12      2242756   1700544     43.12      2088   1185324    645492     16.37    181808   1415104     16484
00:41:13      2244440   1698860     43.08      2088   1185324    644516     16.34    181808   1413896     16484
00:41:14      2257784   1685516     42.74      2088   1185332    632540     16.04    181808   1401904     13828
00:41:15      2246344   1696956     43.03      2088   1185336    641012     16.26    181808   1409868     13832
00:41:16      2248252   1695048     42.99      2088   1185336    641212     16.26    181808   1410144     13832
00:41:17      2123504   1819796     46.15      2088   1188004    763184     19.35    181808   1536200     16500
00:41:18      2255804   1687496     42.79      2088   1188016    630312     15.98    181808   1402808     16512
00:41:19      2248696   1694604     42.97      2088   1188020    636152     16.13    181808   1408656     16516
00:41:20      2247480   1695820     43.01      2088   1188028    639044     16.21    181808   1409840     13836
00:41:21      2239408   1703892     43.21      2088   1188028    647880     16.43    181808   1418756     13856
00:41:22      2247952   1695348     42.99      2088   1190700    633996     16.08    181808   1409736     16528
00:41:23      2239620   1703680     43.20      2088   1190704    642272     16.29    181808   1417460     16532
00:41:24      2237836   1705464     43.25      2088   1190712    645696     16.37    181808   1420180     16540
00:41:25      2239648   1703652     43.20      2088   1190716    643768     16.33    181808   1418032     13876
00:41:26      2232344   1710956     43.39      2088   1190724    653172     16.56    181808   1426104     13884
00:41:27      2240340   1702960     43.19      2088   1190724    643228     16.31    181808   1417936     13884
00:41:28      2243912   1699388     43.10      2088   1193396    636240     16.13    181808   1413752     16556
00:41:29      2243092   1700208     43.12      2088   1193412    638416     16.19    181808   1415804     16572
00:41:30      2241172   1702128     43.17      2088   1193424    641176     16.26    181808   1417040     13756
00:41:31      2184136   1759164     44.61      2088   1193428    697504     17.69    181808   1474452     13760
00:41:32      2182876   1760424     44.64      2088   1196096    695576     17.64    181808   1474904     16428
00:41:33      2233816   1709484     43.35      2088   1196100    644456     16.34    181808   1424208     16432
00:41:34      2235816   1707484     43.30      2088   1196112    643160     16.31    181808   1422940     16444
00:41:35      2223980   1719320     43.60      2088   1196112    649832     16.48    181808   1428236     16444
00:41:36      2233328   1709972     43.36      2088   1196120    648288     16.44    181808   1425852     16452
00:41:37      2093940   1849360     46.90      2088   1196128    781008     19.81    181808   1559912     16460
00:41:38      2191188   1752112     44.43      2088   1198796    684452     17.36    181808   1466704     19128
00:41:39      2229996   1713304     43.45      2088   1198804    644856     16.35    181808   1427336     19136
00:41:40      2231004   1712296     43.42      2088   1198808    644512     16.34    181808   1427476     16180
00:41:41      2223732   1719568     43.61      2088   1198812    652048     16.54    181808   1433160     16184
00:41:42      2227548   1715752     43.51      2088   1198816    652012     16.53    181808   1433188     16188
00:41:43      2173116   1770184     44.89      2088   1198820    700836     17.77    181808   1483340     16192
00:41:44      2213452   1729848     43.87      2088   1201428    658956     16.71    181808   1444980     18800
00:41:45      2226528   1716772     43.54      2088   1201508    645876     16.38    181808   1431600     16116
00:41:46      2224264   1719036     43.59      2088   1201512    649036     16.46    181808   1434168     16112
00:41:47      2217192   1726108     43.77      2088   1201516    657652     16.68    181808   1440800     16116
00:41:48      2060952   1882348     47.74      2088   1201520    811604     20.58    181808   1596100     16120
00:41:49      2201780   1741520     44.16      2088   1204484    667836     16.94    181808   1456144     19084
00:41:50      2220380   1722920     43.69      2088   1204500    649668     16.48    181808   1437932     16500
00:41:51      2217848   1725452     43.76      2088   1204500    652484     16.55    181808   1440828     16436
00:41:52      2210272   1733028     43.95      2088   1204508    659856     16.73    181808   1446052     16444
00:41:53      2171272   1772028     44.94      2088   1207180    696740     17.67    181808   1487004     19116
00:41:54      2217136   1726164     43.77      2088   1207200    650796     16.50    181808   1441948     19136
00:41:55      2214312   1728988     43.85      2088   1207200    651624     16.52    181808   1442920     16440
00:41:56      2209276   1734024     43.97      2088   1207208    660384     16.75    181808   1449204     16452
00:41:57      2099500   1843800     46.76      2088   1207208    769888     19.52    181808   1560088     16452
00:41:58      2190708   1752592     44.44      2088   1209876    674476     17.10    181808   1467848     19120
00:41:59      2207548   1735752     44.02      2088   1209892    656212     16.64    181808   1449712     19136
00:42:00      2204828   1738472     44.09      2088   1209896    657508     16.67    181808   1451020     16340
00:42:01      2207528   1735772     44.02      2088   1209900    655084     16.61    181808   1449564     16296
00:42:02      2208896   1734404     43.98      2088   1209900    654948     16.61    181808   1449360     16296
00:42:03      2204040   1739260     44.11      2088   1209904    662248     16.79    181808   1455180     16300
00:42:04      2107548   1835752     46.55      2088   1212572    756020     19.17    181808   1552016     18968
00:42:05      2205324   1737976     44.07      2088   1212576    656412     16.65    181808   1453264     18972
00:42:06      2198772   1744528     44.24      2088   1212588    663232     16.82    181808   1459920     16320
00:42:07      2200476   1742824     44.20      2088   1212592    658540     16.70    181808   1455264     16324
00:42:08      2195148   1748152     44.33      2088   1212596    669568     16.98    181808   1464288     16328
00:42:09      2049840   1893460     48.02      2088   1212596    813404     20.63    181808   1609656     16328
00:42:10      2173628   1769672     44.88      2088   1215276    685268     17.38    181808   1484564     19020
00:42:11      2200276   1743024     44.20      2088   1215284    658152     16.69    181808   1457368     16364
00:42:12      2194900   1748400     44.34      2088   1215284    664768     16.86    181808   1463268     16364
00:42:13      2195732   1747568     44.32      2088   1215296    665448     16.88    181808   1462576     16376
00:42:14      2192708   1750592     44.39      2088   1215296    667284     16.92    181808   1466332     16376
00:42:15      2196236   1747064     44.30      2088   1217904    658932     16.71    181808   1460784     18984
00:42:16      2197496   1745804     44.27      2088   1217980    657948     16.69    181808   1460848     16396
00:42:17      2195932   1747368     44.31      2088   1217980    658760     16.71    181808   1461848     16396
00:42:18      2190944   1752356     44.44      2088   1217984    665536     16.88    181808   1467564     16400
00:42:19      2192456   1750844     44.40      2088   1217996    666052     16.89    181808   1467304     16412
00:42:20      2181620   1761680     44.68      2088   1217996    676620     17.16    181808   1475752     16412
00:42:21      2168748   1774552     45.00      2088   1220664    685304     17.38    181808   1488820     16120
00:42:22      2190380   1752920     44.45      2088   1220680    662908     16.81    181808   1466772     16136
00:42:23      2187104   1756196     44.54      2088   1220684    666924     16.91    181808   1471088     16140
00:42:24      2187860   1755440     44.52      2088   1220692    665300     16.87    181808   1469616     16148
00:42:25      2179676   1763624     44.72      2088   1220696    675028     17.12    181808   1477832     16152
00:42:26      2124156   1819144     46.13      2088   1220696    730536     18.53    181808   1534620     13476
00:42:27      2163428   1779872     45.14      2088   1223368    686860     17.42    181808   1494180     16152
00:42:28      2178220   1765080     44.76      2088   1223384    671796     17.04    181808   1479064     16168
00:42:29      2179872   1763428     44.72      2088   1223388    673576     17.08    181808   1479516     16172
00:42:30      2167996   1775304     45.02      2088   1223392    683804     17.34    181808   1489736     16176
00:42:31      2059872   1883428     47.76      2088   1226060    787964     19.98    181808   1597540     16008
00:42:32      2129632   1813668     45.99      2088   1226064    717828     18.20    181808   1527688     16016
00:42:33      2172524   1770776     44.91      2088   1226068    675992     17.14    181808   1486232     16020
00:42:34      2172516   1770784     44.91      2088   1226080    675972     17.14    181808   1485808     16032
00:42:35      2161672   1781628     45.18      2088   1226084    688732     17.47    181808   1496344     16036
00:42:36      2170764   1772536     44.95      2088   1226084    678664     17.21    181808   1487464     13436
00:42:37      2068608   1874692     47.54      2088   1228692    778764     19.75    181808   1589932     15980
00:42:38      2164420   1778880     45.11      2088   1228772    682640     17.31    181808   1494564     16060
00:42:39      2165172   1778128     45.09      2088   1228776    677528     17.18    181808   1489960     16064
00:42:40      2165680   1777620     45.08      2088   1228780    683444     17.33    181808   1493972     16068
00:42:41      2140984   1802316     45.71      2088   1228788    705944     17.90    181808   1518088     13396
00:42:42      2034136   1909164     48.42      2088   1231452    809324     20.52    181808   1624748     16072
00:42:43      2158876   1784424     45.25      2088   1231464    682548     17.31    181808   1498732     16084
00:42:44      2158320   1784980     45.27      2088   1231464    684112     17.35    181808   1499332     16084
00:42:45      2156132   1787168     45.32      2088   1231476    689528     17.49    181808   1502820     16096
00:42:46      2155096   1788204     45.35      2088   1231476    690848     17.52    181808   1503536     16096
00:42:47      2075184   1868116     47.37      2088   1234436    763524     19.36    181808   1582348     16392
00:42:48      2154056   1789244     45.37      2088   1234456    684136     17.35    181808   1503604     16412
00:42:49      2155040   1788260     45.35      2088   1234460    685168     17.38    181808   1504156     16416
00:42:50      2152836   1790464     45.41      2088   1234468    688416     17.46    181808   1505560     16424
00:42:51      2143720   1799580     45.64      2088   1234468    695836     17.65    181808   1512404     16424
00:42:52      2126840   1816460     46.06      2088   1237132    710672     18.02    181808   1531452     16424
00:42:53      2151988   1791312     45.43      2088   1237140    684776     17.37    181808   1505884     16432
00:42:54      2151788   1791512     45.43      2088   1237152    684776     17.37    181808   1505804     16444
00:42:55      2152196   1791104     45.42      2088   1237156    686232     17.40    181808   1507188     16448
00:42:56      2148764   1794536     45.51      2088   1237160    689928     17.50    181808   1509156     16452
00:42:57      2138432   1804868     45.77      2088   1237168    701296     17.78    181808   1520328     13784
00:42:58      1967324   1975976     50.11      2088   1237168    871512     22.10    181808   1691820     13792
00:42:59      2055460   1887840     47.87      2088   1239840    778384     19.74    181808   1601828     16464
00:43:00      2145268   1798032     45.60      2088   1239840    688372     17.46    181808   1512348     16464
00:43:01      2146236   1797064     45.57      2088   1239856    689144     17.48    181808   1512948     16480
00:43:02      2144968   1798332     45.60      2088   1239856    689804     17.49    181808   1513288     13632
00:43:03      2141636   1801664     45.69      2088   1239860    694848     17.62    181808   1516296     13640
00:43:04      2143660   1799640     45.64      2088   1239864    691248     17.53    181808   1514312     13644
00:43:05      1992264   1951036     49.48      2088   1239868    841808     21.35    181808   1664308     13648
00:43:06      2001324   1941976     49.25      2088   1243124    830144     21.05    181808   1656092     16904
00:43:07      2135140   1808160     45.85      2088   1243140    695796     17.65    181808   1522536     14256
00:43:08      2133324   1809976     45.90      2088   1243144    698080     17.70    181808   1524620     14260
00:43:09      2121784   1821516     46.19      2088   1243152    711452     18.04    181808   1536276     14268
00:43:10      2023252   1920048     48.69      2088   1243156    809296     20.52    181808   1635948     14272
00:43:11      2074840   1868460     47.38      2088   1245828    752280     19.08    181808   1582360     16944
00:43:12      2121268   1822032     46.21      2088   1245840    706044     17.90    181808   1536780     14280
00:43:13      2121932   1821368     46.19      2088   1245840    706456     17.92    181808   1537028     14280
00:43:14      2113712   1829588     46.40      2088   1245848    716428     18.17    181808   1543396     14300
00:43:15      2113884   1829416     46.39      2088   1245848    715932     18.16    181808   1543212     14400
00:43:16      2110184   1833116     46.49      2088   1245852    719960     18.26    181808   1547616     14412
00:43:17      1999044   1944256     49.31      2088   1248460    827848     20.99    181808   1659784     17020
00:43:18      2114964   1828336     46.37      2088   1248528    710636     18.02    181808   1542880     17088
00:43:19      2116816   1826484     46.32      2088   1248536    709660     18.00    181808   1541884     17096
00:43:20      2106340   1836960     46.58      2088   1248544    720192     18.26    181808   1550988     17104
00:43:21      2111940   1831360     46.44      2088   1248544    716152     18.16    181808   1547436     17104
00:43:22      2030036   1913264     48.52      2088   1248544    796224     20.19    181808   1628788     11604
00:43:23      1967256   1976044     50.11      2088   1251216    855056     21.68    181808   1690056     14152
00:43:24      2073784   1869516     47.41      2088   1251232    750192     19.02    181808   1585112     14168
00:43:25      2096560   1846740     46.83      2088   1251232    724544     18.37    181808   1559796     14168
00:43:26      2096560   1846740     46.83      2088   1251236    728908     18.48    181808   1562500     14172
00:43:27      2066320   1876980     47.60      2088   1251240    757568     19.21    181808   1592904     14176
00:43:28      2071256   1872044     47.47      2088   1253916    748384     18.98    181808   1586868     16848
00:43:29      2102032   1841268     46.69      2088   1253928    717220     18.19    181808   1555884     16860
00:43:30      2097812   1845488     46.80      2088   1253932    722164     18.31    181808   1559208     16864
00:43:31      2098540   1844760     46.78      2088   1253932    719840     18.25    181808   1558568     16868
00:43:32      1936272   2007028     50.90      2088   1256544    880444     22.33    181808   1721048     19480
00:43:33      2097552   1845748     46.81      2088   1256620    718048     18.21    181808   1559504     16720
00:43:34      2098244   1845056     46.79      2088   1256624    719284     18.24    181808   1560484     16728
00:43:35      2088760   1854540     47.03      2088   1256628    729344     18.50    181808   1567680     16732
00:43:36      2092152   1851148     46.94      2088   1256632    727192     18.44    181808   1565708     16736
00:43:37      1917032   2026268     51.39      2088   1259240    898308     22.78    181808   1740420     19344
00:43:38      2038928   1904372     48.29      2088   1259308    775352     19.66    181808   1617896     16212
00:43:39      2091716   1851584     46.96      2088   1259320    722664     18.33    181808   1565896     16168
00:43:40      2090488   1852812     46.99      2088   1259324    723384     18.34    181808   1566580     16172
00:43:41      2086320   1856980     47.09      2088   1259328    730124     18.52    181808   1571764     16176
00:43:42      2059936   1883364     47.76      2088   1262036    752676     19.09    181808   1598236     18784
00:43:43      2019920   1923380     48.78      2088   1262100    791560     20.07    181808   1637204     16188
00:43:44      2085944   1857356     47.10      2088   1262112    726256     18.42    181808   1571792     16200
00:43:45      2085944   1857356     47.10      2088   1262116    725508     18.40    181808   1570988     16204
00:43:46      2082148   1861152     47.20      2088   1262120    731144     18.54    181808   1574864     16208
00:43:47      2074352   1868948     47.40      2088   1262124    738372     18.72    181808   1583856     16212
00:43:48      2006108   1937192     49.13      2088   1264728    804184     20.39    181808   1652492     16116
00:43:49      2058524   1884776     47.80      2088   1264796    750208     19.02    181808   1598876     16100
00:43:50      2081656   1861644     47.21      2088   1264804    726516     18.42    181808   1575480     16108
00:43:51      2079440   1863860     47.27      2088   1264808    730020     18.51    181808   1578692     16112
00:43:52      2071604   1871696     47.47      2088   1264812    738696     18.73    181808   1585972     16116
00:43:53      2068824   1874476     47.54      2088   1264812    741448     18.80    181808   1588536     13516
00:43:54      1960496   1982804     50.28      2088   1264816    847036     21.48    181808   1695832     13456
00:43:55      1931760   2011540     51.01      2088   1267784    874344     22.17    181808   1727040     16424
00:43:56      2067784   1875516     47.56      2088   1267796    737436     18.70    181808   1589940     16436
00:43:57      2070600   1872700     47.49      2088   1267804    736836     18.69    181808   1587936     16444
00:43:58      2062672   1880628     47.69      2088   1267804    744744     18.89    181808   1594836     13844
00:43:59      2070548   1872752     47.49      2088   1270476    731940     18.56    181808   1586468     16452
