Linux 5.10.234-225.917.amzn2.x86_64 (ip-10-0-145-16.us-west-2.compute.internal) 	03/30/25 	_x86_64_	(2 CPU)

21:36:26    kbmemfree kbmemused  %memused kbbuffers  kbcached  kbcommit   %commit  kbactive   kbinact   kbdirty
21:36:27      2807524   1135776     28.80      2088    905224    370748      9.40    180652    858804    172848
21:36:28      2717956   1225344     31.07      2088    910420    489936     12.42    180760    947524    178044
21:36:29      2736488   1206812     30.60      2088    918012    418220     10.61    180764    929664    172532
21:36:30      2684336   1258964     31.93      2088    918048    471128     11.95    180772    982732    172516
21:36:31      2649812   1293488     32.80      2088    918048    504204     12.79    180772   1015860    172516
21:36:32      2649812   1293488     32.80      2088    918048    505484     12.82    180772   1016920    173936
21:36:33      2649056   1294244     32.82      2088    918048    506252     12.84    180772   1017848    173936
21:36:34      2642368   1300932     32.99      2088    918148    516944     13.11    180872   1023184    173736
21:36:35      2657060   1286240     32.62      2088    918216    503252     12.76    181232   1006332    172828
21:36:36      2872896   1070404     27.14      2088    919540    285820      7.25    181368    791976    174312
21:36:37      2862020   1081280     27.42      2088    919548    296116      7.51    181368    803052    174320
21:36:38      2865708   1077592     27.33      2088    921196    290396      7.36    181368    799076    175968
21:36:39      2855680   1087620     27.58      2088    921212    299252      7.59    181368    808740    175984
21:36:40      2849712   1093588     27.73      2088    921220    309572      7.85    181368    817352    175988
21:36:41      2852040   1091260     27.67      2088    922576    304268      7.72    181368    813516    177344
21:36:42      2840056   1103244     27.98      2088    922576    316884      8.04    181368    824612    177344
21:36:43      2841596   1101704     27.94      2088    923944    312692      7.93    181368    824228    178712
21:36:44      2832000   1111300     28.18      2088    925452    320932      8.14    181368    833364    180220
21:36:45      2831164   1112136     28.20      2088    925452    322068      8.17    181368    833764    180220
21:36:46      2835948   1107352     28.08      2088    926968    315016      7.99    181368    829424    181716
21:36:47      2834428   1108872     28.12      2088    926980    316684      8.03    181368    831428    181728
21:36:48      2826616   1116684     28.32      2088    928336    322820      8.19    181368    838320    183084
21:36:49      2825608   1117692     28.34      2088    928340    325496      8.25    181368    840464    183088
21:36:50      2822976   1120324     28.41      2088    929692    324192      8.22    181368    839684    108624
21:36:51      2819656   1123644     28.50      2088    931216    324348      8.23    181368    842824    110140
21:36:52      2824072   1119228     28.38      2088    931224    320344      8.12    181368    838664    110148
21:36:53      2821432   1121868     28.45      2088    932740    321444      8.15    181456    840224    111668
21:36:54      2822388   1120912     28.43      2088    934384    318372      8.07    181456    839644    113312
21:36:55      2820356   1122944     28.48      2088    934404    319772      8.11    181456    840360     34056
21:36:56      2816608   1126692     28.57      2088    935764    317548      8.05    181456    841052     35416
21:36:57      2818812   1124488     28.52      2088    935772    320468      8.13    181456    841784     35424
21:36:58      2813364   1129936     28.65      2088    937108    321680      8.16    181456    845936     36784
21:36:59      2813552   1129748     28.65      2088    937140    321788      8.16    181456    845248     36828
21:37:00      2814104   1129196     28.64      2088    938440    319316      8.10    181456    844284     38128
21:37:01      2809188   1134112     28.76      2088    938508    324952      8.24    181456    849648     21792
21:37:02      2808068   1135232     28.79      2088    939856    324252      8.22    181456    850144     23148
21:37:03      2811992   1131308     28.69      2088    939868    320564      8.13    181456    846628     23160
21:37:04      2810480   1132820     28.73      2088    939872    321868      8.16    181456    848348     23164
21:37:05      2808128   1135172     28.79      2088    939880    325628      8.26    181456    851228     23172
21:37:06      2809172   1134128     28.76      2088    941240    319908      8.11    181456    848560     22656
21:37:07      2803116   1140184     28.91      2088    942548    325252      8.25    181456    854784     23964
21:37:08      2805528   1137772     28.85      2088    942608    322976      8.19    181456    852544     24024
21:37:09      2804628   1138672     28.88      2088    943968    322580      8.18    181456    853116     25384
21:37:10      2802360   1140940     28.93      2088    943968    321404      8.15    181456    853016     25384
21:37:11      2802492   1140808     28.93      2088    945476    324596      8.23    181456    856456     22588
21:37:12      2799908   1143392     29.00      2088    945484    327968      8.32    181456    859288     22596
21:37:13      2798388   1144912     29.03      2088    946852    325252      8.25    181456    859276     23964
21:37:14      2794096   1149204     29.14      2088    946864    332648      8.44    181456    865240     23976
21:37:15      2795524   1147776     29.11      2088    948164    325860      8.26    181456    862040     25276
21:37:16      2788652   1154648     29.28      2088    948236    340396      8.63    181456    874592     21044
21:37:17      2793180   1150120     29.17      2088    949600    331224      8.40    181456    868160     22408
21:37:18      2793932   1149368     29.15      2088    950948    328712      8.34    181456    866340     23756
21:37:19      2786568   1156732     29.33      2088    950964    338340      8.58    181456    875352     23772
21:37:20      2787772   1155528     29.30      2088    952324    333576      8.46    181456    872704     25132
21:37:21      2784572   1158728     29.38      2088    952332    338412      8.58    181456    876828     20984
21:37:22      2786320   1156980     29.34      2088    953692    333644      8.46    181456    874788     22344
21:37:23      2770104   1173196     29.75      2088    954996    349488      8.86    181456    891176     23648
21:37:24      2784848   1158452     29.38      2088    955064    332668      8.44    181456    875616     23716
21:37:25      2768956   1174344     29.78      2088    956372    350264      8.88    181456    893060     25024
21:37:26      2780088   1163212     29.50      2088    956432    336072      8.52    181456    880244     20628
21:37:27      2781708   1161592     29.46      2088    957740    334136      8.47    181456    878736     21936
21:37:28      2780044   1163256     29.50      2088    957800    335780      8.52    181456    880616     21996
21:37:29      2776272   1167028     29.60      2088    957808    341788      8.67    181456    885980     22004
21:37:30      2775376   1167924     29.62      2088    959508    337736      8.56    181456    884572     23704
21:37:31      2769696   1173604     29.76      2088    959620    346540      8.79    181456    891708     20656
21:37:32      2770704   1172596     29.74      2088    960980    341628      8.66    181456    890148     22016
21:37:33      2766192   1177108     29.85      2088    960980    349144      8.85    181456    895248     22016
21:37:34      2769388   1173912     29.77      2088    962344    340832      8.64    181456    890744     23380
21:37:35      2763268   1180032     29.92      2088    962352    350644      8.89    181456    898448     23388
21:37:36      2763348   1179952     29.92      2088    963860    345912      8.77    181456    897124     22208
21:37:37      2755008   1188292     30.13      2088    963868    356800      9.05    181456    905748     22224
21:37:38      2761548   1181752     29.97      2088    965284    346048      8.78    181456    898900     23640
21:37:39      2757088   1186212     30.08      2088    965388    353360      8.96    181456    904080     23744
21:37:40      2758380   1184920     30.05      2088    966744    349504      8.86    181456    903656     25100
21:37:41      2756584   1186716     30.09      2088    966756    352776      8.95    181456    905640     25112
21:37:42      2758432   1184868     30.05      2088    968172    347340      8.81    181456    902016     22372
21:37:43      2749300   1194000     30.28      2088    968268    356872      9.05    181456    911052     22468
21:37:44      2752272   1191028     30.20      2088    969620    349872      8.87    181456    907512     23820
21:37:45      2747724   1195576     30.32      2088    969628    359312      9.11    181456    914356     23828
21:37:46      2747740   1195560     30.32      2088    971052    353952      8.98    181456    912620     25252
21:37:47      2732912   1210388     30.69      2088    972492    370220      9.39    181456    929420     22696
21:37:48      2742588   1200712     30.45      2088    972512    359368      9.11    181456    917124     22716
21:37:49      2741472   1201828     30.48      2088    972520    361164      9.16    181456    919888     22724
21:37:50      2743440   1199860     30.43      2088    973860    355664      9.02    181456    917424     24064
21:37:51      2725792   1217508     30.88      2088    975184    373400      9.47    181456    934788     25388
21:37:52      2739568   1203732     30.53      2088    975244    358260      9.09    181456    920676     22844
21:37:53      2737180   1206120     30.59      2088    975252    364668      9.25    181456    924100     22784
21:37:54      2737404   1205896     30.58      2088    976612    360472      9.14    181456    923312     24144
21:37:55      2734056   1209244     30.67      2088    976616    365324      9.26    181456    926536     24148
21:37:56      2733880   1209420     30.67      2088    977940    362244      9.19    181456    926512     25472
21:37:57      2730728   1212572     30.75      2088    977984    367916      9.33    181456    930080     21580
21:37:58      2732392   1210908     30.71      2088    979300    363640      9.22    181456    927776     22824
21:37:59      2726452   1216848     30.86      2088    979356    369536      9.37    181456    932864     22880
21:38:00      2731068   1212232     30.74      2088    980708    364276      9.24    181456    929820     24232
21:38:01      2723244   1220056     30.94      2088    980720    371364      9.42    181456    936116     24244
21:38:02      2724484   1218816     30.91      2088    980720    373336      9.47    181456    937660     19444
21:38:03      2728816   1214484     30.80      2088    982076    364444      9.24    181456    931300     20680
21:38:04      2727052   1216248     30.84      2088    982080    367032      9.31    181456    934356     20684
21:38:05      2725948   1217352     30.87      2088    983584    365680      9.27    181456    933840     22188
21:38:06      2722680   1220620     30.95      2088    983596    367420      9.32    181456    937352     22200
21:38:07      2724052   1219248     30.92      2088    984920    366564      9.30    181456    936700     20636
21:38:08      2717340   1225960     31.09      2088    984968    372928      9.46    181456    943372     20748
21:38:09      2685848   1257452     31.89      2088    986280    403344     10.23    181456    975092     22164
21:38:10      2715796   1227504     31.13      2088    986324    373380      9.47    181456    945268     22208
21:38:11      2711356   1231944     31.24      2088    986340    378948      9.61    181456    948956     22224
21:38:12      2715268   1228032     31.14      2088    987688    371800      9.43    181456    944172     19268
21:38:13      2708448   1234852     31.32      2088    987708    378600      9.60    181456    950924     19288
21:38:14      2712364   1230936     31.22      2088    989068    374084      9.49    181456    948056     20648
21:38:15      2704712   1238588     31.41      2088    989080    380812      9.66    181456    954888     20660
21:38:16      2709836   1233464     31.28      2088    990428    375132      9.51    181456    950164     22008
21:38:17      2705896   1237404     31.38      2088    990436    379968      9.64    181456    954928     19192
21:38:18      2707056   1236244     31.35      2088    991800    375720      9.53    181456    952444     20548
21:38:19      2700856   1242444     31.51      2088    991812    383616      9.73    181456    959872     20560
21:38:20      2697488   1245812     31.59      2088    993120    384824      9.76    181456    963000     21880
21:38:21      2702016   1241284     31.48      2088    993168    379992      9.64    181456    958848     21928
21:38:22      2682616   1260684     31.97      2088    994676    396956     10.07    181456    977028     19536
21:38:23      2699048   1244252     31.55      2088    994684    380544      9.65    181456    960788     19436
21:38:24      2696520   1246780     31.62      2088    994696    385456      9.77    181456    965120     19448
21:38:25      2696480   1246820     31.62      2088    996040    382040      9.69    181456    962976     20792
21:38:26      2695724   1247576     31.64      2088    996064    384364      9.75    181456    965312     20816
21:38:27      2682348   1260952     31.98      2088    997408    395212     10.02    181456    977000     22160
21:38:28      2689024   1254276     31.81      2088    997416    387580      9.83    181456    970736     19496
21:38:29      2683124   1260176     31.96      2088    998836    392408      9.95    181456    976368     20916
21:38:30      2689700   1253600     31.79      2088    998936    387728      9.83    181456    971808     21016
21:38:31      2684824   1258476     31.91      2088   1000252    389280      9.87    181456    974380     22332
21:38:32      2685572   1257728     31.90      2088   1000308    388560      9.85    181456    974872     22388
21:38:33      2678300   1265000     32.08      2088   1001652    394460     10.00    181456    981180     20660
21:38:34      2685164   1258136     31.91      2088   1001672    387708      9.83    181456    974304     20644
21:38:35      2677400   1265900     32.10      2088   1001672    394784     10.01    181456    981004     20644
21:38:36      2673060   1270240     32.21      2088   1003028    399020     10.12    181456    986760     22000
21:38:37      2677596   1265704     32.10      2088   1003044    393168      9.97    181456    982296     22016
21:38:38      2677344   1265956     32.10      2088   1003048    397148     10.07    181456    984128     17884
21:38:39      2676896   1266404     32.12      2088   1004392    393756      9.99    181456    982864     19200
21:38:40      2674108   1269192     32.19      2088   1004408    397396     10.08    181456    984716     19216
21:38:41      2645036   1298264     32.92      2088   1005908    424108     10.76    181456   1014648     20716
21:38:42      2674468   1268832     32.18      2088   1005920    395132     10.02    181456    986124     20728
21:38:43      2666500   1276800     32.38      2088   1005924    402048     10.20    181456    993420     17956
21:38:44      2667728   1275572     32.35      2088   1005924    404292     10.25    181456    994220     17956
21:38:45      2644544   1298756     32.94      2088   1007432    422064     10.70    181456   1014788     19464
21:38:46      2654684   1288616     32.68      2088   1007432    413300     10.48    181456   1005188     19464
21:38:47      2655640   1287660     32.65      2088   1008792    411364     10.43    181456   1003988     20824
