Linux 5.10.234-225.910.amzn2.x86_64 (ip-10-0-132-224.ec2.internal) 	03/22/25 	_x86_64_	(2 CPU)

00:20:48        CPU     %user     %nice   %system   %iowait    %steal     %idle
00:20:49        all     74.63      0.00      7.96      0.50     13.43      3.48
00:20:50        all     51.26      0.00      5.03      0.00      0.50     43.22
00:20:51        all     48.50      0.00      2.00      0.00      0.00     49.50
00:20:52        all     48.00      0.00      2.00      0.00      0.00     50.00
00:20:53        all     49.25      0.00      4.52      0.00      0.00     46.23
00:20:54        all     47.47      0.00      5.05      0.00      0.00     47.47
00:20:55        all     10.40      0.00      3.47      1.98      0.00     84.16
00:20:56        all      3.52      0.00      1.51      0.00      1.01     93.97
00:20:57        all      0.00      0.00      0.00      0.00      0.50     99.50
00:20:58        all      3.92      0.00      1.96      0.00      4.90     89.22
00:20:59        all      1.00      0.00      0.50      0.00      1.99     96.52
00:21:00        all      0.00      0.00      0.00      2.00      0.50     97.50
00:21:01        all      0.00      0.00      0.00      0.00      0.00    100.00
00:21:02        all      0.00      0.00      0.00      0.00      0.00    100.00
00:21:03        all      0.00      0.00      0.00      0.00      0.00    100.00
00:21:04        all      0.00      0.00      0.00      0.00      0.00    100.00
00:21:05        all      0.00      0.00      0.00      0.00      0.00    100.00
00:21:06        all      0.00      0.00      0.00      0.00      0.00    100.00
00:21:07        all      0.00      0.00      0.00      0.00      0.00    100.00
00:21:08        all      0.00      0.00      0.00      0.00      0.00    100.00
00:21:09        all      0.00      0.00      0.00      0.00      0.00    100.00
00:21:10        all      0.00      0.00      0.00      0.50      0.50     99.00
00:21:11        all      0.00      0.00      1.00      2.00      0.00     97.00
00:21:12        all      0.50      0.00      0.00      0.00      0.00     99.50
00:21:13        all      0.00      0.00      0.00      0.00      0.00    100.00
00:21:14        all      0.00      0.00      0.00      0.00      0.00    100.00
00:21:15        all      0.00      0.00      0.00      0.00      0.00    100.00
00:21:16        all      0.00      0.00      3.00      9.00      1.50     86.50
00:21:17        all      0.00      0.00      0.00      0.00      0.00    100.00
00:21:18        all      0.50      0.00      0.50      0.00      0.50     98.51
00:21:19        all      0.00      0.00      0.00      0.00      0.00    100.00
00:21:20        all      0.00      0.00      0.00      0.00      0.00    100.00
00:21:21        all      0.00      0.00      1.00      2.00      0.00     97.00
00:21:22        all      0.00      0.00      0.00      0.00      0.50     99.50
00:21:23        all      0.00      0.00      0.00      0.00      0.00    100.00
00:21:24        all      0.50      0.00      0.00      0.00      0.00     99.50
00:21:25        all      0.00      0.00      0.50      0.00      0.00     99.50
