Linux 5.10.234-225.910.amzn2.x86_64 (ip-10-0-132-224.ec2.internal) 	03/22/25 	_x86_64_	(2 CPU)

00:20:48    kbmemfree kbmemused  %memused kbbuffers  kbcached  kbcommit   %commit  kbactive   kbinact   kbdirty
00:20:49      2795808   1147492     29.10      2088    906672    412880     10.47    179624    866780    178244
00:20:50      2742212   1201088     30.46      2088    914012    416856     10.57    179748    924368    185584
00:20:51      2677700   1265600     32.09      2088    914016    486180     12.33    179752    989768    185588
00:20:52      2655020   1288280     32.67      2088    914016    508780     12.90    179752   1012320    185588
00:20:53      2654012   1289288     32.70      2088    914016    510316     12.94    179752   1013764    185588
00:20:54      2651996   1291304     32.75      2088    914016    512080     12.99    179752   1015680    185588
00:20:55      2860660   1082640     27.46      2088    914100    305276      7.74    180044    806380    173660
00:20:56      2885752   1057548     26.82      2088    914100    278968      7.07    180144    781200    173760
00:20:57      2885836   1057464     26.82      2088    914144    278988      7.07    180208    781200    173816
00:20:58      2884172   1059128     26.86      2088    914444    282308      7.16    180208    782600    174116
00:20:59      2884300   1059000     26.86      2088    914616    282492      7.16    180208    782988    174288
00:21:00      2884300   1059000     26.86      2088    914616    282492      7.16    180208    782988    171788
00:21:01      2884300   1059000     26.86      2088    914616    282492      7.16    180208    782988    171696
00:21:02      2884300   1059000     26.86      2088    914616    282492      7.16    180208    782988    171696
00:21:03      2884300   1059000     26.86      2088    914616    282492      7.16    180208    782988    171696
00:21:04      2884300   1059000     26.86      2088    914616    282492      7.16    180208    782988    171696
00:21:05      2884300   1059000     26.86      2088    914616    282492      7.16    180208    782988    171696
00:21:06      2884300   1059000     26.86      2088    914616    282492      7.16    180208    782988    171692
00:21:07      2884300   1059000     26.86      2088    914616    282492      7.16    180208    782988    171692
00:21:08      2884300   1059000     26.86      2088    914616    282492      7.16    180208    782988    171692
00:21:09      2884300   1059000     26.86      2088    914616    282480      7.16    180208    782988    171692
00:21:10      2884300   1059000     26.86      2088    914616    282480      7.16    180208    782988    171692
00:21:11      2883040   1060260     26.89      2088    914616    282480      7.16    180208    782988    135492
00:21:12      2883168   1060132     26.88      2088    914616    282480      7.16    180208    783112    135440
00:21:13      2883168   1060132     26.88      2088    914616    282480      7.16    180208    783112    135440
00:21:14      2883168   1060132     26.88      2088    914616    282480      7.16    180208    783112    135440
00:21:15      2883168   1060132     26.88      2088    914616    282480      7.16    180208    783112    135440
00:21:16      2877888   1065412     27.02      2088    914616    282480      7.16    180208    783132     17008
00:21:17      2877888   1065412     27.02      2088    914616    282480      7.16    180208    783132     17008
00:21:18      2877628   1065672     27.02      2088    914616    282480      7.16    180208    783232     17008
00:21:19      2877628   1065672     27.02      2088    914616    282480      7.16    180208    783232     17008
00:21:20      2877636   1065664     27.02      2088    914616    282480      7.16    180300    783052     17008
00:21:21      2877476   1065824     27.03      2088    914616    282480      7.16    180300    783052       408
00:21:22      2877604   1065696     27.03      2088    914616    282480      7.16    180300    783068       316
00:21:23      2877604   1065696     27.03      2088    914616    282480      7.16    180300    783068       316
00:21:24      2877588   1065712     27.03      2088    914620    282480      7.16    180300    783068       320
00:21:25      2877588   1065712     27.03      2088    914620    282480      7.16    180300    783068       332
