Linux 5.10.234-225.910.amzn2.x86_64 (ip-10-0-151-48.us-west-2.compute.internal) 	03/25/25 	_x86_64_	(2 CPU)

22:13:03        CPU     %user     %nice   %system   %iowait    %steal     %idle
22:13:04        all     72.73      0.00      5.56      0.51     17.68      3.54
22:13:05        all     39.22      0.00      4.90      0.00     14.22     41.67
22:13:06        all     45.27      0.00      4.48      0.00      9.95     40.30
22:13:07        all     42.36      0.00      1.97      0.00      6.40     49.26
22:13:08        all     39.00      0.00      2.50      0.00      9.00     49.50
22:13:09        all     32.21      0.00      4.33      0.00     18.75     44.71
22:13:10        all     38.61      0.00      4.95     15.35     12.38     28.71
22:13:11        all     35.61      0.00      3.41      0.00     15.61     45.37
22:13:12        all     11.00      0.00      2.00      0.00      2.50     84.50
22:13:13        all      0.00      0.00      0.00      0.00      0.00    100.00
22:13:14        all      0.00      0.00      0.00      0.00      0.50     99.50
22:13:15        all      0.00      0.00      0.00      0.00      0.00    100.00
22:13:16        all      0.00      0.00      1.00      0.00      0.50     98.51
22:13:17        all      0.00      0.00      0.00      0.00      0.00    100.00
22:13:18        all      0.00      0.00      0.00      0.00      0.00    100.00
22:13:19        all      0.00      0.00      0.00      0.00      0.00    100.00
22:13:20        all      0.00      0.00      0.00      0.00      0.00    100.00
22:13:21        all      2.00      0.00      0.50      0.00      0.50     97.00
22:13:22        all      5.50      0.00      3.00      0.00      5.50     86.00
22:13:23        all      9.90      0.00      6.93      0.50      5.94     76.73
22:13:24        all     10.34      0.00      4.43      0.00      8.87     76.35
22:13:25        all     14.78      0.00     10.84      0.99      6.90     66.50
22:13:26        all     14.36      0.00      7.43      5.45      5.94     66.83
22:13:27        all     14.00      0.00      4.00      0.00      5.00     77.00
22:13:28        all     14.85      0.00      7.43      0.00      8.42     69.31
22:13:29        all     15.92      0.00      2.49      0.00      7.46     74.13
22:13:30        all     36.63      0.00      0.50      0.00     13.37     49.50
22:13:31        all     36.76      0.00      3.43      9.31     14.71     35.78
22:13:32        all     23.65      0.00      4.93      0.00     13.30     58.13
22:13:33        all     24.50      0.00      6.50      0.00      6.50     62.50
22:13:34        all     13.24      0.00      5.88      0.00      7.35     73.53
22:13:35        all     17.33      0.00      6.44      0.00      9.90     66.34
22:13:36        all     10.45      0.00      3.48      2.49      3.48     80.10
22:13:37        all     12.32      0.00      4.93      0.00      6.40     76.35
22:13:38        all      5.53      0.00      2.01      0.00      3.02     89.45
22:13:39        all     14.85      0.00     10.89      0.00      9.90     64.36
22:13:40        all     17.33      0.00      2.97      0.00      8.91     70.79
22:13:41        all     17.07      0.00      8.29      0.00      6.34     68.29
22:13:42        all     21.39      0.00      5.97      0.00      7.46     65.17
22:13:43        all     25.37      0.00      2.49      0.00      5.47     66.67
22:13:44        all      8.54      0.00      5.53      0.00      6.03     79.90
22:13:45        all      5.39      0.00      3.92      0.00      4.90     85.78
22:13:46        all     28.86      0.00      2.99      1.00      7.96     59.20
22:13:47        all      3.47      0.00      1.49      0.00      1.98     93.07
22:13:48        all      9.95      0.00      4.48      0.00      2.99     82.59
22:13:49        all     26.87      0.00      4.48      0.00     10.45     58.21
22:13:50        all     11.71      0.00      5.85      0.00      4.88     77.56
22:13:51        all      8.63      0.00      3.55      0.00      3.05     84.77
22:13:52        all     23.53      0.00      8.82      0.00     14.22     53.43
22:13:53        all     14.36      0.00      6.44      0.00      9.41     69.80
22:13:54        all      9.95      0.00      3.48      0.00      3.98     82.59
22:13:55        all      9.90      0.00      4.46      0.00      3.96     81.68
22:13:56        all     25.74      0.00      6.44      0.00      6.93     60.89
22:13:57        all     13.73      0.00      7.35      0.00      9.31     69.61
22:13:58        all     36.10      0.00      1.46      0.00      5.85     56.59
22:13:59        all     11.82      0.00      6.40      0.00      6.90     74.88
22:14:00        all      5.50      0.00      1.00      0.00      1.50     92.00
22:14:01        all      5.45      0.00      2.97      0.00      2.97     88.61
22:14:02        all      8.87      0.00      1.48      0.00     10.34     79.31
22:14:03        all      5.00      0.00      2.50      0.00      2.50     90.00
22:14:04        all      3.50      0.00      1.00      0.00      2.50     93.00
22:14:05        all     10.40      0.00      3.47      0.00      4.95     81.19
22:14:06        all     18.18      0.00      3.03      0.00      8.59     70.20
22:14:07        all      7.96      0.00      3.48      0.00      2.99     85.57
22:14:08        all     18.09      0.00     10.05      0.00     13.57     58.29
22:14:09        all     16.08      0.00      6.53      0.00      4.02     73.37
22:14:10        all      7.92      0.00      1.98      0.00      2.97     87.13
22:14:11        all     19.50      0.00      7.00      0.00      3.50     70.00
22:14:12        all     11.94      0.00      6.47      0.00      2.49     79.10
22:14:13        all     19.61      0.00      3.92      0.00      9.31     67.16
22:14:14        all     16.83      0.00      8.91      0.00     10.89     63.37
22:14:15        all     25.62      0.00      4.93      0.00      6.40     63.05
22:14:16        all      3.00      0.00      2.50      0.00      2.00     92.50
22:14:17        all     14.50      0.00      1.00      0.00      4.00     80.50
22:14:18        all     18.41      0.00      3.48      0.00      4.48     73.63
22:14:19        all     12.25      0.00      5.88      0.00      8.33     73.53
22:14:20        all     14.36      0.00      4.95      0.00      4.46     76.24
22:14:21        all     17.41      0.00      2.99      0.00      5.47     74.13
22:14:22        all     14.50      0.00      7.00      0.50      6.00     72.00
22:14:23        all     30.69      0.00      3.47      0.00      6.93     58.91
22:14:24        all     44.22      0.00      2.51      0.00      4.02     49.25
22:14:25        all      4.50      0.00      1.50      0.00      1.00     93.00
22:14:26        all      2.49      0.00      1.00      0.00      1.00     95.52
22:14:27        all      4.50      0.00      2.00      0.00      1.50     92.00
22:14:28        all     18.50      0.00      1.50      0.00      9.50     70.50
22:14:29        all     15.69      0.00      7.35      0.00      5.39     71.57
22:14:30        all     18.14      0.00      8.82      0.00     12.25     60.78
22:14:31        all     13.00      0.00      5.00      0.00      7.50     74.50
22:14:32        all      0.50      0.00      0.50      0.00      1.00     98.01
22:14:33        all     10.40      0.00      5.94      0.50      4.46     78.71
22:14:34        all     14.00      0.00      4.00      0.00      6.00     76.00
22:14:35        all     20.90      0.00      3.48      0.00      7.46     68.16
22:14:36        all     28.57      0.00      4.43      0.00      8.87     58.13
22:14:37        all     27.72      0.00      2.48      0.00      7.92     61.88
22:14:38        all      6.57      0.00      1.01      0.00      1.52     90.91
22:14:39        all      5.45      0.00      2.48      0.00      4.95     87.13
22:14:40        all     35.29      0.00     10.29      0.00     15.69     38.73
22:14:41        all      9.90      0.00      1.98      0.00      7.92     80.20
22:14:42        all     20.20      0.00      7.07      0.00      7.07     65.66
22:14:43        all     11.82      0.00      3.45      0.00      4.93     79.80
22:14:44        all     19.31      0.00      6.44      0.00      6.93     67.33
22:14:45        all     18.32      0.00      4.95      0.00      3.47     73.27
22:14:46        all      7.04      0.00      2.51      0.00      2.01     88.44
22:14:47        all     22.00      0.00      2.50      0.00      5.00     70.50
22:14:48        all     16.67      0.00      7.84      0.49      7.84     67.16
22:14:49        all     15.84      0.00      1.98      0.00      4.46     77.72
22:14:50        all      4.95      0.00      1.98      0.00      2.48     90.59
22:14:51        all     10.84      0.00      4.93      0.00      9.36     74.88
22:14:52        all     22.50      0.00      4.00      0.00      4.00     69.50
22:14:53        all     26.73      0.00      6.93      0.00      6.44     59.90
22:14:54        all      8.37      0.00      3.45      0.00      3.45     84.73
22:14:55        all     23.62      0.00      6.03      0.00      2.51     67.84
22:14:56        all     14.43      0.00      4.98      0.00      1.99     78.61
22:14:57        all     23.74      0.00      4.55      0.00      4.55     67.17
22:14:58        all      3.48      0.00      1.00      0.50      0.50     94.53
22:14:59        all      4.02      0.00      1.51      0.00      1.51     92.96
22:15:00        all     14.15      0.00      6.34      0.00     11.71     67.80
22:15:01        all     21.89      0.00      5.47      0.00      8.46     64.18
22:15:02        all      4.98      0.00      1.00      0.00      5.97     88.06
22:15:03        all     10.84      0.00      2.96      0.49     10.84     74.88
22:15:04        all     13.73      0.00      2.45      0.00      6.37     77.45
22:15:05        all      7.39      0.00      1.97      0.00      6.90     83.74
22:15:06        all     22.11      0.00      3.02      0.00     10.05     64.82
22:15:07        all     14.15      0.00      5.85      0.00      7.80     72.20
22:15:08        all     19.50      0.00      4.50      0.50      5.50     70.00
22:15:09        all      6.44      0.00      2.97      0.00      2.97     87.62
22:15:10        all     22.50      0.00      3.00      0.00      2.00     72.50
22:15:11        all     16.42      0.00      5.97      0.00      7.96     69.65
22:15:12        all      5.45      0.00      2.97      0.00      3.96     87.62
22:15:13        all     15.35      0.00      3.96      0.00      2.97     77.72
22:15:14        all     15.27      0.00      5.42      0.00      5.91     73.40
22:15:15        all     19.40      0.00      2.99      0.00      1.00     76.62
22:15:16        all     10.89      0.00      3.47      0.00      3.47     82.18
22:15:17        all     17.50      0.00      5.00      0.00      6.50     71.00
22:15:18        all      0.99      0.00      0.99      0.00      0.50     97.52
22:15:19        all      2.00      0.00      0.50      0.50      0.50     96.50
22:15:20        all     12.06      0.00      4.02      0.00      2.51     81.41
22:15:21        all     11.00      0.00      1.50      0.00      2.50     85.00
22:15:22        all      9.95      0.00      4.48      0.00      5.97     79.60
22:15:23        all     18.41      0.00      5.47      0.00      3.98     72.14
22:15:24        all      3.98      0.00      1.00      0.50      2.99     91.54
22:15:25        all      2.00      0.00      0.50      0.00      0.50     97.00
22:15:26        all     12.38      0.00      4.46      0.00      8.42     74.75
22:15:27        all     14.85      0.00      2.48      0.00      3.47     79.21
22:15:28        all     16.50      0.00     10.68      0.00     16.02     56.80
22:15:29        all     17.59      0.00      2.51      0.00      2.51     77.39
22:15:30        all      3.50      0.00      1.00      0.00      0.50     95.00
22:15:31        all      9.45      0.00      5.97      0.00      5.97     78.61
22:15:32        all     21.29      0.00      2.97      0.00      7.43     68.32
22:15:33        all     11.94      0.00      3.98      0.00      4.48     79.60
22:15:34        all     21.89      0.00      5.47      0.50      4.98     67.16
22:15:35        all      3.00      0.00      0.50      0.00      1.50     95.00
22:15:36        all      2.00      0.00      0.50      0.00      1.50     96.00
22:15:37        all      9.90      0.00      4.95      0.00      8.42     76.73
22:15:38        all     17.50      0.00      1.50      0.00      2.50     78.50
22:15:39        all     15.50      0.00      4.50      0.50      3.00     76.50
22:15:40        all     18.09      0.00      7.54      0.00      3.02     71.36
22:15:41        all      2.00      0.00      1.00      0.00      1.50     95.50
22:15:42        all      0.50      0.00      0.50      0.00      0.50     98.51
22:15:43        all     24.14      0.00      6.90      0.00      5.91     63.05
22:15:44        all      5.97      0.00      2.49      0.50      3.48     87.56
22:15:45        all     12.44      0.00      3.48      0.00      5.47     78.61
22:15:46        all     20.50      0.00      5.50      0.00      9.50     64.50
22:15:47        all      2.99      0.00      1.00      0.00      1.49     94.53
22:15:48        all      6.93      0.00      2.48      0.00      4.46     86.14
22:15:49        all     22.50      0.00      4.00      0.00      7.00     66.50
22:15:50        all     13.20      0.00      4.57      0.00      5.08     77.16
22:15:51        all     14.29      0.00      3.94      0.00      5.42     76.35
22:15:52        all      6.97      0.00      3.98      0.00      1.49     87.56
22:15:53        all      0.50      0.00      0.00      0.00      0.00     99.50
22:15:54        all      1.99      0.00      0.50      0.50      0.50     96.52
22:15:55        all     23.88      0.00      3.48      0.00     11.94     60.70
22:15:56        all     15.53      0.00      7.28      0.00     10.19     66.99
22:15:57        all     11.88      0.00      1.49      0.00      6.44     80.20
22:15:58        all     14.50      0.00      5.50      0.00      5.50     74.50
22:15:59        all      1.01      0.00      0.00      0.00      0.50     98.49
22:16:00        all      1.00      0.00      0.00      0.00      0.50     98.51
22:16:01        all      2.45      0.00      1.47      0.00      6.37     89.71
22:16:02        all     22.39      0.00      3.98      0.00      9.95     63.68
22:16:03        all      6.00      0.00      2.00      0.00      4.00     88.00
22:16:04        all     17.41      0.00      3.48      0.00      8.46     70.65
22:16:05        all     13.93      0.00      5.97      0.50      7.96     71.64
22:16:06        all      4.02      0.00      1.01      0.00      1.51     93.47
22:16:07        all      1.97      0.00      0.49      0.00      1.48     96.06
22:16:08        all      2.00      0.00      1.00      0.00      1.50     95.50
22:16:09        all     19.61      0.00      4.41      0.00     11.76     64.22
22:16:10        all      8.96      0.00      3.48      0.00      1.49     86.07
22:16:11        all     21.50      0.00      6.50      0.00      6.50     65.50
22:16:12        all     14.36      0.00      7.43      0.00      6.93     71.29
22:16:13        all      2.00      0.00      0.50      0.00      0.50     97.00
22:16:14        all      1.00      0.00      0.00      0.00      1.00     98.00
22:16:15        all      3.50      0.00      1.50      0.00      0.50     94.50
22:16:16        all     22.89      0.00      3.48      0.00      5.97     67.66
22:16:17        all      4.98      0.00      2.99      0.00      1.99     90.05
22:16:18        all     34.00      0.00     12.50      0.00      7.50     46.00
22:16:19        all      5.97      0.00      1.99      0.00      4.48     87.56
22:16:20        all      2.49      0.00      0.50      0.50      1.49     95.02
22:16:21        all      1.00      0.00      0.50      0.00      0.00     98.51
22:16:22        all     16.02      0.00      6.31      0.00     11.65     66.02
22:16:23        all     12.63      0.00      1.01      0.00      4.04     82.32
22:16:24        all     10.89      0.00      5.94      0.00      8.42     74.75
22:16:25        all     25.25      0.00      6.44      0.00      5.45     62.87
22:16:26        all      3.02      0.00      0.50      0.00      0.50     95.98
22:16:27        all      1.01      0.00      0.00      0.00      0.00     98.99
22:16:28        all      8.50      0.00      6.50      0.00      3.00     82.00
22:16:29        all     18.09      0.00      0.50      0.00      8.54     72.86
22:16:30        all     15.61      0.00      6.83      0.49     11.71     65.37
22:16:31        all     19.90      0.00      4.98      0.00      8.46     66.67
22:16:32        all      2.99      0.00      1.49      0.00      1.00     94.53
22:16:33        all      0.00      0.00      0.00      0.00      0.50     99.50
22:16:34        all      8.00      0.00      5.00      0.00      5.00     82.00
22:16:35        all     18.50      0.00      1.00      0.00      7.00     73.50
22:16:36        all     14.57      0.00      5.53      0.00      5.03     74.87
22:16:37        all     21.00      0.00      3.50      0.00     11.50     64.00
22:16:38        all      6.37      0.00      0.98      0.00      2.94     89.71
22:16:39        all      0.50      0.00      1.00      0.00      0.50     98.00
22:16:40        all     23.38      0.00      4.48      0.00      2.49     69.65
22:16:41        all      6.47      0.00      3.48      0.00      3.98     86.07
22:16:42        all     23.12      0.00      6.53      0.00      3.52     66.83
22:16:43        all      6.97      0.00      4.48      0.00      1.99     86.57
22:16:44        all      1.00      0.00      0.00      0.00      0.00     99.00
22:16:45        all      2.49      0.00      1.00      0.00      1.49     95.02
22:16:46        all      7.35      0.00      7.35      0.49      5.88     78.92
22:16:47        all     22.77      0.00      2.48      0.00     11.39     63.37
22:16:48        all     13.86      0.00      5.94      0.00      9.41     70.79
22:16:49        all     18.50      0.00      6.00      0.00      6.00     69.50
22:16:50        all      1.99      0.00      0.50      0.00      0.50     97.01
22:16:51        all      1.00      0.00      0.00      0.50      0.00     98.50
22:16:52        all     25.74      0.00      6.44      0.00     12.87     54.95
22:16:53        all     14.63      0.00      4.88      0.00      8.78     71.71
22:16:54        all     13.37      0.00      2.97      0.00     11.39     72.28
22:16:55        all     19.90      0.00      8.46      0.00      9.95     61.69
22:16:56        all      2.51      0.00      1.51      0.50      3.02     92.46
22:16:57        all      6.47      0.00      1.49      0.00      1.00     91.04
22:16:58        all     20.30      0.00      2.97      0.00      4.95     71.78
22:16:59        all     15.35      0.00      6.44      0.00     10.89     67.33
22:17:00        all     12.87      0.00      1.98      0.00     13.86     71.29
22:17:01        all     16.10      0.00      6.83      0.00     10.24     66.83
22:17:02        all      1.99      0.00      0.50      0.00      2.49     95.02
22:17:03        all      0.50      0.00      0.00      0.00      0.00     99.50
22:17:04        all      4.98      0.00      1.99      0.00      2.99     90.05
22:17:05        all     17.16      0.00      3.92      0.00      6.86     72.06
22:17:06        all     13.37      0.00      4.46      0.00      2.48     79.70
22:17:07        all     24.39      0.00      7.80      0.00     15.61     52.20
22:17:08        all      3.02      0.00      1.51      0.00      3.52     91.96
22:17:09        all      1.00      0.00      0.50      0.00      1.00     97.51
22:17:10        all     10.24      0.00      7.32      0.00     12.68     69.76
22:17:11        all     18.72      0.00      1.48      0.49      6.40     72.91
22:17:12        all     13.37      0.00      5.94      0.00      7.92     72.77
22:17:13        all     25.37      0.00      6.97      0.00      6.97     60.70
22:17:14        all      3.50      0.00      1.50      0.00      2.00     93.00
22:17:15        all      2.00      0.00      0.50      0.00      0.50     97.00
22:17:16        all     10.45      0.00      4.98      0.50      3.98     80.10
22:17:17        all     17.41      0.00      1.49      0.00      8.96     72.14
22:17:18        all     18.32      0.00      7.92      0.00      9.41     64.36
22:17:19        all     21.61      0.00      7.54      0.00      7.04     63.82
22:17:20        all      1.99      0.00      1.00      0.00      1.49     95.52
22:17:21        all      0.51      0.00      0.51      0.00      0.51     98.48
22:17:22        all      6.93      0.00      4.95      0.00      5.45     82.67
22:17:23        all     24.76      0.00      5.34      0.00     15.05     54.85
22:17:24        all      9.41      0.00      4.46      0.00      6.93     79.21
22:17:25        all     11.88      0.00      2.48      0.00      5.94     79.70
22:17:26        all     21.39      0.00      6.97      0.00     12.44     59.20
22:17:27        all      2.00      0.00      1.50      0.50      4.00     92.00
22:17:28        all      0.50      0.00      0.00      0.00      0.50     98.99
22:17:29        all     14.56      0.00      5.83      0.00     11.17     68.45
22:17:30        all     17.09      0.00      2.01      0.00      5.03     75.88
22:17:31        all     27.59      0.00      8.87      0.00      8.87     54.68
22:17:32        all     12.44      0.00      4.98      0.00      7.96     74.63
22:17:33        all      1.99      0.00      1.00      0.00      0.50     96.52
22:17:34        all      1.00      0.00      0.50      0.00      0.50     98.00
22:17:35        all      9.31      0.00      5.39      0.00      8.33     76.96
22:17:36        all     19.40      0.00      1.99      0.00      7.46     71.14
22:17:37        all     14.43      0.00      3.98      0.00      4.98     76.62
22:17:38        all     23.76      0.00      6.93      0.00      5.94     63.37
22:17:39        all      2.49      0.00      1.00      0.00      1.99     94.53
22:17:40        all      1.00      0.00      1.00      0.00      0.50     97.51
22:17:41        all     25.25      0.00      5.94      0.00      9.90     58.91
22:17:42        all      8.82      0.00      4.41      0.49      2.45     83.82
22:17:43        all     35.64      0.00      7.43      0.00     12.87     44.06
22:17:44        all      7.46      0.00      3.48      0.00      5.97     83.08
22:17:45        all      1.49      0.00      1.00      0.00      0.50     97.01
22:17:46        all      1.51      0.00      0.00      0.00      1.01     97.49
22:17:47        all     15.35      0.00      7.43      0.00      9.41     67.82
22:17:48        all     12.94      0.00      2.49      0.00      4.48     80.10
22:17:49        all     12.68      0.00      5.85      0.00      8.78     72.68
22:17:50        all     21.00      0.00      5.50      0.00      3.50     70.00
22:17:51        all      2.46      0.00      0.49      0.00      1.48     95.57
22:17:52        all      4.00      0.00      2.50      0.50      1.50     91.50
22:17:53        all     22.89      0.00      3.48      0.00      8.46     65.17
22:17:54        all     14.85      0.00      5.45      0.00      6.93     72.77
22:17:55        all      7.46      0.00      2.49      0.00      3.48     86.57
22:17:56        all     27.09      0.00      9.36      0.00      9.36     54.19
22:17:57        all      1.00      0.00      0.50      0.50      1.00     97.00
22:17:58        all      1.00      0.00      0.50      0.00      0.50     98.01
22:17:59        all      1.00      0.00      0.50      0.00      0.50     98.01
22:18:00        all     23.44      0.00      7.18      0.00     17.22     52.15
22:18:01        all      7.43      0.00      0.99      0.00      4.95     86.63
22:18:02        all     10.73      0.00      4.39      0.00     20.00     64.88
22:18:03        all      4.95      0.00      1.98      0.00      3.47     89.60
22:18:04        all     28.36      0.00      7.96      0.00     10.95     52.74
22:18:05        all      1.01      0.00      1.01      0.00      0.50     97.49
22:18:06        all      1.50      0.00      0.50      0.00      0.50     97.50
22:18:07        all      2.48      0.00      0.99      0.00      2.97     93.56
22:18:08        all     23.04      0.00      6.37      0.00     11.27     59.31
22:18:09        all      8.96      0.00      4.48      0.00      7.46     79.10
22:18:10        all      8.00      0.00      3.50      0.00      7.50     81.00
22:18:11        all     25.49      0.00      5.39      0.00     13.24     55.88
22:18:12        all      1.01      0.00      0.50      0.00      0.50     97.99
22:18:13        all      3.98      0.00      3.48      0.50      3.48     88.56
22:18:14        all     22.61      0.00      6.03      0.00     12.56     58.79
22:18:15        all     10.84      0.00      3.45      0.00      5.42     80.30
22:18:16        all      4.52      0.00      3.02      0.00      5.53     86.93
22:18:17        all     24.26      0.00      6.93      0.00     10.40     58.42
22:18:18        all      1.99      0.00      1.00      0.50      0.50     96.02
22:18:19        all      1.00      0.00      0.50      0.00      0.00     98.50
22:18:20        all     27.00      0.00      7.00      0.00     12.00     54.00
22:18:21        all      5.45      0.00      1.49      0.00      3.47     89.60
22:18:22        all     22.00      0.00      5.50      0.00      4.50     68.00
22:18:23        all     15.42      0.00      4.98      0.00      4.98     74.63
22:18:24        all      1.49      0.00      1.49      0.00      1.00     96.02
22:18:25        all      0.50      0.00      0.50      0.00      0.50     98.50
22:18:26        all     25.25      0.00      6.44      0.00      4.46     63.86
22:18:27        all      1.50      0.00      2.00      0.00      2.50     94.00
22:18:28        all     30.85      0.00     10.45      0.50     11.94     46.27
22:18:29        all     16.50      0.00      6.50      0.00      3.00     74.00
22:18:30        all      1.00      0.00      0.50      0.00      0.50     98.00
22:18:31        all      1.50      0.00      0.00      0.00      0.00     98.50
22:18:32        all     26.60      0.00      5.42      0.00      7.39     60.59
22:18:33        all      9.36      0.00      3.45      0.00      8.87     78.33
22:18:34        all     16.67      0.00      4.41      0.00     10.29     68.63
22:18:35        all     18.81      0.00      6.44      0.00      5.45     69.31
22:18:36        all      2.50      0.00      1.00      0.00      1.00     95.50
22:18:37        all     14.50      0.00      6.00      0.00      7.00     72.50
22:18:38        all     15.08      0.00      0.50      0.50      7.04     76.88
22:18:39        all     16.26      0.00      9.85      0.00     13.30     60.59
22:18:40        all     17.24      0.00      2.96      0.00      7.39     72.41
22:18:41        all     11.00      0.00      2.00      0.00      2.00     85.00
22:18:42        all      3.96      0.00      1.98      0.00      3.96     90.10
22:18:43        all     13.50      0.00      4.50      0.00      7.50     74.50
22:18:44        all     17.00      0.00      3.00      0.00      6.50     73.50
22:18:45        all     18.72      0.00      7.39      0.00      6.90     67.00
22:18:46        all     20.40      0.00      5.47      0.00      9.95     64.18
22:18:47        all      2.00      0.00      0.50      0.00      1.00     96.50
22:18:48        all      2.00      0.00      1.00      0.00      1.00     96.00
22:18:49        all     18.32      0.00      2.48      0.50      2.48     76.24
22:18:50        all     10.00      0.00      5.50      0.00      2.50     82.00
22:18:51        all      3.47      0.00      1.49      0.00      2.97     92.08
22:18:52        all     30.85      0.00      9.45      0.00      7.46     52.24
22:18:53        all      2.49      0.00      0.50      0.00      2.99     94.03
22:18:54        all      1.50      0.00      0.50      0.50      0.50     97.00
22:18:55        all      8.46      0.00      3.98      0.00      5.47     82.09
22:18:56        all     14.43      0.00      1.00      0.00      4.98     79.60
22:18:57        all     14.78      0.00      4.93      0.00      7.39     72.91
22:18:58        all     18.91      0.00      6.47      0.00      9.95     64.68
22:18:59        all     15.50      0.00      5.50      0.50      6.50     72.00
22:19:00        all      2.50      0.00      1.00      0.00      1.00     95.50
22:19:01        all      7.92      0.00      2.97      0.00      3.47     85.64
22:19:02        all     18.84      0.00      2.90      0.00     12.08     66.18
22:19:03        all     12.87      0.00      4.46      0.00      7.92     74.75
22:19:04        all     12.44      0.00      3.48      0.00      4.48     79.60
22:19:05        all     18.72      0.00      7.88      0.00      9.36     64.04
22:19:06        all      1.99      0.00      0.00      0.00      1.00     97.01
22:19:07        all      2.49      0.00      1.00      0.00      3.98     92.54
22:19:08        all     11.00      0.00      3.50      0.00      6.00     79.50
22:19:09        all     16.92      0.00      1.99      0.50      3.48     77.11
22:19:10        all     23.38      0.00      6.47      0.00     13.93     56.22
22:19:11        all     24.51      0.00     11.76      0.00     12.75     50.98
22:19:12        all      0.51      0.00      0.00      0.00      0.00     99.49
22:19:13        all      2.01      0.00      0.50      0.00      0.00     97.49
22:19:14        all      0.50      0.00      0.00      0.00      0.50     98.99
22:19:15        all      8.46      0.00      3.98      0.00      7.96     79.60
22:19:16        all     17.41      0.00      1.49      0.00      7.46     73.63
22:19:17        all     16.50      0.00      7.28      0.00     13.59     62.62
22:19:18        all     23.65      0.00      8.37      0.00     12.81     55.17
22:19:19        all      3.50      0.00      1.00      0.50      3.00     92.00
22:19:20        all      2.00      0.00      0.50      0.00      1.00     96.50
22:19:21        all     28.43      0.00      7.35      0.00     12.75     51.47
22:19:22        all      8.37      0.00      3.94      0.00      7.88     79.80
22:19:23        all     33.33      0.00     11.62      0.00      3.03     52.02
22:19:24        all      6.93      0.00      3.96      0.50      5.94     82.67
22:19:25        all      3.94      0.00      1.97      0.00      4.43     89.66
22:19:26        all      6.50      0.00      7.00      0.00      5.50     81.00
22:19:27        all     21.00      0.00      1.50      0.00      8.00     69.50
22:19:28        all     16.75      0.00      5.91      0.00     11.82     65.52
22:19:29        all      9.45      0.00      0.50      0.00      7.96     82.09
22:19:30        all     24.00      0.00      7.50      0.00     13.50     55.00
22:19:31        all      1.49      0.00      0.50      0.00      1.99     96.02
22:19:32        all      1.00      0.00      0.50      0.00      0.00     98.50
22:19:33        all     18.23      0.00      7.39      0.00      4.43     69.95
22:19:34        all     14.00      0.00      1.00      0.00      3.50     81.50
22:19:35        all      9.95      0.00      3.98      0.00      6.47     79.60
22:19:36        all     33.50      0.00     12.50      0.00     10.00     44.00
22:19:37        all      8.46      0.00      3.98      0.00      2.99     84.58
22:19:38        all      1.49      0.00      0.00      0.00      0.50     98.01
22:19:39        all      0.50      0.00      0.50      0.00      0.50     98.50
22:19:40        all     11.44      0.00      5.97      0.50      4.48     77.61
22:19:41        all     15.92      0.00      1.00      0.00      2.49     80.60
22:19:42        all     23.00      0.00      8.00      0.00      8.00     61.00
22:19:43        all     19.50      0.00      8.50      0.00      6.50     65.50
22:19:44        all      2.49      0.00      0.50      0.00      0.50     96.52
22:19:45        all      0.50      0.00      0.00      0.00      0.00     99.50
22:19:46        all      9.95      0.00      6.97      0.00      5.47     77.61
22:19:47        all     19.61      0.00      1.96      0.00      8.33     70.10
22:19:48        all     16.42      0.00      5.47      0.00      5.97     72.14
22:19:49        all     29.21      0.00     11.88      0.00     12.87     46.04
22:19:50        all      3.47      0.00      1.98      0.50      2.97     91.09
22:19:51        all      0.00      0.00      0.50      0.00      0.00     99.50
22:19:52        all      2.49      0.00      1.99      0.00      1.99     93.53
22:19:53        all     25.13      0.00      4.02      0.00      6.03     64.82
22:19:54        all     11.65      0.00      5.83      0.00      9.71     72.82
22:19:55        all     18.32      0.00      3.96      0.50      7.92     69.31
22:19:56        all     22.55      0.00     10.78      0.00     18.63     48.04
22:19:57        all      1.98      0.00      0.50      0.00      1.98     95.54
22:19:58        all      0.50      0.00      0.00      0.00      0.50     98.99
22:19:59        all      2.99      0.00      1.49      0.00      2.49     93.03
22:20:00        all     14.98      0.00      5.31      0.00     19.81     59.90
22:20:01        all     13.37      0.00      2.48      0.00     12.87     71.29
22:20:02        all     10.40      0.00      5.45      0.00     12.87     71.29
22:20:03        all      3.96      0.00      2.48      0.00      5.94     87.62
22:20:04        all     16.92      0.00      4.48      0.00      5.97     72.64
22:20:05        all     14.85      0.00      4.95      0.00     13.86     66.34
22:20:06        all      2.49      0.00      0.50      0.00      0.50     96.52
22:20:07        all      8.33      0.00      5.88      0.00      6.86     78.92
22:20:08        all     17.09      0.00      1.01      0.00      2.51     79.40
22:20:09        all     19.40      0.00      8.96      0.00     13.43     58.21
22:20:10        all     30.85      0.00      8.96      0.50      6.47     53.23
22:20:11        all      1.00      0.00      0.50      0.00      0.50     98.00
22:20:12        all      1.00      0.00      0.00      0.00      1.00     98.00
22:20:13        all      0.50      0.00      0.50      0.00      1.00     98.00
22:20:14        all      7.84      0.00      5.39      0.00      9.80     76.96
22:20:15        all     20.79      0.00      2.48      0.00      8.42     68.32
22:20:16        all     14.00      0.00      3.00      0.50      5.00     77.50
22:20:17        all     29.50      0.00     12.50      0.00     17.50     40.50
22:20:18        all      6.03      0.00      1.51      0.00      3.52     88.94
22:20:19        all      1.49      0.00      0.50      0.00      0.50     97.51
22:20:20        all     16.50      0.00      5.00      0.00      5.50     73.00
22:20:21        all     13.00      0.00      0.50      0.00      6.00     80.50
22:20:22        all     34.65      0.00      9.41      0.00      9.90     46.04
22:20:23        all     20.90      0.00      7.46      0.00      7.46     64.18
22:20:24        all      1.51      0.00      0.50      0.00      0.50     97.49
22:20:25        all      0.50      0.00      0.50      0.00      0.50     98.51
22:20:26        all      3.00      0.00      1.00      0.50      3.00     92.50
22:20:27        all     23.15      0.00      5.91      0.00      4.93     66.01
22:20:28        all      5.47      0.00      3.98      0.00      4.98     85.57
22:20:29        all     34.48      0.00     10.34      0.00     12.81     42.36
22:20:30        all     11.88      0.00      3.47      0.00      6.93     77.72
22:20:31        all      1.50      0.00      0.50      0.00      0.50     97.50
22:20:32        all      6.44      0.00      2.97      0.00      4.46     86.14
22:20:33        all     21.39      0.00      2.99      0.00      2.49     73.13
22:20:34        all     16.00      0.00      6.00      0.00      5.00     73.00
22:20:35        all     34.67      0.00     16.08      0.00      3.52     45.73
22:20:36        all      1.50      0.00      0.50      0.50      0.50     97.00
22:20:37        all      1.00      0.00      0.50      0.00      0.00     98.50
22:20:38        all      0.00      0.00      0.00      0.00      0.50     99.50
22:20:39        all      6.44      0.00      4.46      0.00      1.98     87.13
22:20:40        all     19.60      0.00      1.51      0.00      3.52     75.38
22:20:41        all     16.42      0.00      5.97      0.00      3.48     74.13
22:20:42        all     29.65      0.00      8.04      0.00      7.04     55.28
22:20:43        all      2.97      0.00      1.49      0.00      1.49     94.06
22:20:44        all      0.50      0.00      0.00      0.00      0.00     99.50
22:20:45        all      1.49      0.00      1.00      0.00      1.99     95.52
22:20:46        all     25.74      0.00      3.47      0.00     11.39     59.41
22:20:47        all      3.00      0.00      1.00      0.00      1.50     94.50
22:20:48        all     14.85      0.00      5.45      0.00      8.42     71.29
22:20:49        all     26.87      0.00      6.97      0.00      8.46     57.71
22:20:50        all      4.50      0.00      1.00      0.00      1.00     93.50
22:20:51        all      1.00      0.00      0.50      0.50      1.49     96.52
22:20:52        all      4.50      0.00      4.00      0.00      6.50     85.00
22:20:53        all      4.50      0.00      1.50      0.00      1.00     93.00
22:20:54        all     27.36      0.00      7.46      0.00      5.97     59.20
22:20:55        all      4.95      0.00      2.48      0.00      3.47     89.11
22:20:56        all      4.00      0.00      1.00      0.00      4.00     91.00
22:20:57        all     17.50      0.00      4.00      0.00      4.00     74.50
22:20:58        all     13.00      0.00      6.00      0.00      8.00     73.00
22:20:59        all      2.99      0.00      1.00      0.00      1.99     94.03
22:21:00        all     17.16      0.00      4.90      0.00      8.82     69.12
22:21:01        all     10.45      0.00      2.49      0.00      5.47     81.59
22:21:02        all     14.22      0.00      4.41      0.49      8.82     72.06
22:21:03        all     28.50      0.00      7.00      0.00      3.00     61.50
22:21:04        all      1.50      0.00      0.00      0.00      0.00     98.50
22:21:05        all      1.00      0.00      1.00      0.00      0.00     98.01
22:21:06        all      0.00      0.00      0.00      0.00      1.01     98.99
22:21:07        all     27.32      0.00      6.34      0.49      6.83     59.02
22:21:08        all      3.00      0.00      1.00      0.00      1.50     94.50
22:21:09        all     28.71      0.00      9.41      0.00     11.88     50.00
22:21:10        all     23.62      0.00     10.05      0.00      5.53     60.80
22:21:11        all      1.00      0.00      0.00      0.00      0.50     98.50
22:21:12        all      0.50      0.00      0.50      0.00      0.00     99.00
22:21:13        all      1.01      0.00      0.50      0.00      0.00     98.49
22:21:14        all     19.61      0.00      2.94      0.00      6.86     70.59
22:21:15        all      9.05      0.00      3.02      0.00      2.51     85.43
22:21:16        all     13.79      0.00      2.96      0.00      9.36     73.89
22:21:17        all     35.15      0.00     16.34      0.00      8.91     39.60
22:21:18        all      1.50      0.00      0.50      0.00      2.00     96.00
22:21:19        all      0.50      0.00      0.00      0.00      0.00     99.50
22:21:20        all      1.00      0.00      0.50      0.00      1.49     97.01
22:21:21        all     25.00      0.00      6.00      0.00      7.50     61.50
22:21:22        all      7.58      0.00      4.55      0.00      5.05     82.83
22:21:23        all     19.80      0.00      4.46      0.00      6.93     68.81
22:21:24        all     21.61      0.00      8.54      0.00      6.03     63.82
22:21:25        all      1.98      0.00      0.99      0.00      2.48     94.55
22:21:26        all      0.00      0.00      0.00      0.00      0.00    100.00
22:21:27        all      4.50      0.00      3.50      0.00      5.50     86.50
22:21:28        all     23.53      0.00      4.90      0.00     11.76     59.80
22:21:29        all     16.67      0.00      5.56      0.00      2.53     75.25
22:21:30        all     21.39      0.00      5.47      0.00      5.47     67.66
22:21:31        all     15.84      0.00      4.46      0.00      4.95     74.75
22:21:32        all      1.01      0.00      0.00      0.50      0.00     98.49
22:21:33        all      0.50      0.00      0.00      0.00      0.50     99.00
22:21:34        all     22.00      0.00      5.00      0.00      3.00     70.00
22:21:35        all     11.44      0.00      3.98      0.00      3.48     81.09
22:21:36        all     34.00      0.00      9.50      0.00      3.50     53.00
22:21:37        all      7.58      0.00      3.03      0.00      2.53     86.87
22:21:38        all      2.00      0.00      0.00      0.00      0.00     98.00
22:21:39        all      0.50      0.00      0.00      0.00      0.00     99.50
22:21:40        all      2.97      0.00      1.98      0.00      2.97     92.08
22:21:41        all     23.76      0.00      5.45      0.00      6.93     63.86
22:21:42        all     13.93      0.00      6.47      0.00     10.95     68.66
22:21:43        all     19.90      0.00      5.97      0.50      9.95     63.68
22:21:44        all     24.26      0.00      5.94      0.00     14.36     55.45
22:21:45        all      1.98      0.00      0.50      0.00      0.99     96.53
22:21:46        all      0.00      0.00      0.00      0.00      0.00    100.00
22:21:47        all      6.57      0.00      3.03      0.00      2.02     88.38
22:21:48        all     21.11      0.00      1.01      0.00      3.52     74.37
22:21:49        all     17.82      0.00      7.43      0.00     15.35     59.41
22:21:50        all     27.14      0.00      7.04      0.00      8.54     57.29
22:21:51        all     11.44      0.00      5.47      0.00      4.48     78.61
22:21:52        all      1.49      0.00      0.00      0.00      0.50     98.01
22:21:53        all      5.47      0.00      3.48      0.00      1.99     89.05
22:21:54        all     22.00      0.00      2.00      0.00      5.50     70.50
22:21:55        all     19.90      0.00      5.97      0.00      9.45     64.68
22:21:56        all     33.83      0.00     11.94      0.00      6.97     47.26
22:21:57        all      1.98      0.00      0.99      0.00      0.50     96.53
22:21:58        all      0.49      0.00      0.49      0.49      0.99     97.54
22:21:59        all      1.01      0.00      0.00      0.00      0.00     98.99
22:22:00        all     31.84      0.00      7.46      0.00      9.95     50.75
22:22:01        all      3.98      0.00      1.99      0.00      4.48     89.55
22:22:02        all     21.29      0.00      3.96      0.00     20.30     54.46
22:22:03        all     33.83      0.00     20.40      0.50     11.94     33.33
22:22:04        all      3.96      0.00      1.98      0.00      0.50     93.56
22:22:05        all      0.51      0.00      0.00      0.00      0.00     99.49
22:22:06        all      1.00      0.00      0.00      0.00      0.50     98.51
22:22:07        all     10.05      0.00      3.02      0.00      2.01     84.92
22:22:08        all     15.00      0.00      1.50      0.00      5.00     78.50
22:22:09        all     30.39      0.00     13.24      0.00     14.71     41.67
22:22:10        all     20.90      0.00      7.46      0.00     12.44     59.20
22:22:11        all      2.00      0.00      0.50      0.00      2.00     95.50
22:22:12        all      1.00      0.00      0.00      0.00      1.00     98.01
22:22:13        all      5.97      0.00      3.98      0.00      3.48     86.57
22:22:14        all     21.00      0.00      2.00      0.00      4.50     72.50
22:22:15        all     17.50      0.00      7.50      0.00      4.50     70.50
22:22:16        all     31.66      0.00      9.05      0.00      7.54     51.76
22:22:17        all      6.90      0.00      1.48      0.00      1.48     90.15
22:22:18        all      1.97      0.00      0.49      0.49      0.49     96.55
22:22:19        all      0.00      0.00      0.00      0.00      0.50     99.50
22:22:20        all      9.80      0.00      4.90      0.00      2.45     82.84
22:22:21        all     16.92      0.00      1.99      0.00      3.48     77.61
22:22:22        all     10.10      0.00      2.53      0.00      2.02     85.35
22:22:23        all     16.67      0.00      2.94      0.00      5.88     74.51
22:22:24        all     24.12      0.00      8.04      0.00      2.01     65.83
22:22:25        all      1.99      0.00      0.00      0.00      0.50     97.51
22:22:26        all      3.02      0.00      2.01      0.00      2.01     92.96
22:22:27        all     25.37      0.00      4.48      0.00      8.96     61.19
22:22:28        all     10.95      0.00      4.98      0.00      4.48     79.60
22:22:29        all     28.71      0.00      6.93      0.50     14.85     49.01
22:22:30        all     18.41      0.00      6.47      0.00      3.48     71.64
22:22:31        all      1.49      0.00      0.50      0.00      0.50     97.51
22:22:32        all      0.00      0.00      0.00      0.00      0.00    100.00
22:22:33        all      1.49      0.00      0.50      0.00      0.50     97.51
22:22:34        all     15.08      0.00      4.02      0.00      6.53     74.37
22:22:35        all     10.95      0.00      1.49      0.00      5.47     82.09
22:22:36        all     13.17      0.00      5.85      0.00     11.22     69.76
22:22:37        all     32.34      0.00      7.96      0.00      8.46     51.24
22:22:38        all      7.92      0.00      3.96      0.00      2.48     85.64
22:22:39        all      1.00      0.00      0.50      0.00      1.00     97.50
22:22:40        all      1.00      0.00      0.00      0.00      0.50     98.50
22:22:41        all     24.26      0.00      5.45      0.00      6.44     63.86
22:22:42        all      6.53      0.00      2.51      0.00      1.51     89.45
22:22:43        all     20.30      0.00      7.43      0.00     13.37     58.91
22:22:44        all     28.36      0.00      9.95      0.50      3.98     57.21
22:22:45        all      1.01      0.00      0.51      0.00      0.00     98.48
22:22:46        all      0.99      0.00      0.50      0.00      0.50     98.02
22:22:47        all      1.00      0.00      0.00      0.00      0.50     98.50
22:22:48        all     25.87      0.00      6.47      0.00     13.93     53.73
22:22:49        all      8.91      0.00      4.46      0.50      5.45     80.69
22:22:50        all     21.78      0.00      5.45      0.00     12.38     60.40
22:22:51        all     29.35      0.00      9.95      0.00     13.93     46.77
22:22:52        all      1.99      0.00      0.50      0.00      1.00     96.52
22:22:53        all      0.00      0.00      0.00      0.00      0.00    100.00
22:22:54        all      1.01      0.00      0.00      0.00      0.50     98.49
22:22:55        all     19.21      0.00      5.91      0.00      7.39     67.49
22:22:56        all     10.50      0.00      1.00      0.00      3.50     85.00
22:22:57        all      9.90      0.00      3.96      0.00      4.95     81.19
22:22:58        all     39.11      0.00     12.38      0.00     11.39     37.13
22:22:59        all      7.43      0.00      3.96      0.00      1.49     87.13
22:23:00        all      1.01      0.00      0.00      0.00      0.50     98.49
22:23:01        all      1.00      0.00      0.00      0.00      0.50     98.50
22:23:02        all      2.97      0.00      0.99      0.00      3.96     92.08
22:23:03        all     27.36      0.00      6.97      0.00      6.97     58.71
22:23:04        all      5.42      0.00      2.46      0.49      4.43     87.19
22:23:05        all     34.67      0.00     14.57      0.00     14.07     36.68
22:23:06        all     19.00      0.00      8.00      0.00     10.00     63.00
22:23:07        all      1.00      0.00      0.50      0.00      0.50     98.01
22:23:08        all      1.01      0.00      0.00      0.00      1.01     97.99
22:23:09        all      3.94      0.00      1.48      0.00      3.94     90.64
22:23:10        all      5.45      0.00      4.95      0.00      3.96     85.64
22:23:11        all     28.71      0.00      4.95      0.00      2.97     63.37
22:23:12        all      1.00      0.00      0.50      0.00      0.50     98.01
22:23:13        all      6.90      0.00      3.94      0.00      3.94     85.22
22:23:14        all     19.90      0.00      6.97      0.00      6.97     66.17
22:23:15        all     13.24      0.00      4.90      0.98      2.94     77.94
22:23:16        all      5.50      0.00      3.50      0.00      7.00     84.00
22:23:17        all     22.66      0.00      4.93      0.00      8.87     63.55
22:23:18        all     11.88      0.00      6.93      0.00      2.97     78.22
22:23:19        all     16.42      0.00      3.98      0.00      4.98     74.63
22:23:20        all     24.62      0.00     11.06      0.00      5.03     59.30
22:23:21        all      1.50      0.00      0.50      0.00      0.50     97.50
22:23:22        all      0.00      0.00      0.00      0.00      0.50     99.50
22:23:23        all      1.00      0.00      0.50      0.00      0.50     98.00
22:23:24        all     26.60      0.00      8.87      0.00      6.40     58.13
22:23:25        all     17.82      0.00      8.42      0.00      1.49     72.28
22:23:26        all     24.26      0.00      5.94      0.00      8.42     61.39
22:23:27        all     12.00      0.00      5.50      0.00      6.50     76.00
22:23:28        all      2.00      0.00      1.00      0.00      2.50     94.50
22:23:29        all     31.84      0.00     10.45      0.00     11.94     45.77
22:23:30        all      4.48      0.00      1.49      0.50      1.00     92.54
22:23:31        all     11.00      0.00      4.00      0.00      2.00     83.00
22:23:32        all     31.50      0.00      8.50      0.00     10.50     49.50
22:23:33        all     12.38      0.00      5.45      0.00      4.46     77.72
22:23:34        all      1.00      0.00      0.50      0.00      1.00     97.51
22:23:35        all      0.50      0.00      0.00      0.00      0.00     99.50
22:23:36        all      4.93      0.00      3.94      0.00      4.43     86.70
22:23:37        all      9.60      0.00      2.02      0.00      4.55     83.84
22:23:38        all     22.77      0.00      6.44      0.00      6.93     63.86
22:23:39        all      5.47      0.00      2.49      0.00      1.99     90.05
22:23:40        all     19.90      0.00      7.46      0.00      2.99     69.65
22:23:41        all     14.65      0.00      6.06      0.00      3.54     75.76
22:23:42        all      1.01      0.00      0.00      0.00      0.00     98.99
22:23:43        all      0.50      0.00      0.50      0.00      1.49     97.51
22:23:44        all     26.60      0.00      5.91      0.00     20.20     47.29
22:23:45        all     11.82      0.00      3.94      0.49      6.40     77.34
22:23:46        all     23.38      0.00      4.48      0.00     14.43     57.71
22:23:47        all     31.50      0.00     12.50      0.00     13.00     43.00
22:23:48        all      2.49      0.00      0.00      0.00      1.00     96.52
22:23:49        all      0.50      0.00      0.00      0.00      0.50     99.00
22:23:50        all      1.00      0.00      0.00      0.00      0.50     98.50
22:23:51        all      8.33      0.00      4.90      0.49      6.86     79.41
22:23:52        all     19.40      0.00      0.50      0.00      4.48     75.62
22:23:53        all     20.00      0.00      7.32      0.00     12.68     60.00
22:23:54        all     30.69      0.00     11.39      0.00     10.89     47.03
22:23:55        all      7.04      0.00      0.50      0.00      2.01     90.45
22:23:56        all      1.99      0.00      0.00      0.00      0.50     97.51
22:23:57        all      0.00      0.00      0.00      0.00      0.00    100.00
22:23:58        all     10.29      0.00      6.86      0.00      7.84     75.00
22:23:59        all     20.30      0.00      2.97      0.00      7.43     69.31
22:24:00        all     10.29      0.00      3.92      0.00      9.80     75.98
22:24:01        all     10.89      0.00      4.46      0.00      7.43     77.23
22:24:02        all     18.00      0.00      6.00      0.00      7.50     68.50
22:24:03        all     20.59      0.00      7.35      0.00     11.76     60.29
22:24:04        all      1.01      0.00      0.50      0.00      1.01     97.49
22:24:05        all      0.50      0.00      0.50      0.00      0.50     98.50
22:24:06        all     18.18      0.00      6.06      0.00      4.55     71.21
22:24:07        all     12.06      0.00      1.01      0.00      2.01     84.92
22:24:08        all      9.85      0.00      4.93      0.00      4.93     80.30
22:24:09        all     36.18      0.00     12.56      0.00      8.04     43.22
22:24:10        all     15.00      0.00      4.50      0.00      1.50     79.00
22:24:11        all      0.50      0.00      0.00      0.50      0.00     98.99
22:24:12        all      0.50      0.00      0.50      0.00      0.50     98.51
22:24:13        all      2.49      0.00      1.49      0.00      1.49     94.53
22:24:14        all     23.27      0.00      5.45      0.00      8.91     62.38
22:24:15        all     11.56      0.00      4.52      0.00      3.02     80.90
22:24:16        all     30.00      0.00     10.00      0.00      5.50     54.50
22:24:17        all     16.35      0.00      7.21      0.00     13.46     62.98
22:24:18        all      1.01      0.00      0.50      0.00      0.50     97.99
22:24:19        all      0.00      0.00      0.00      0.00      0.00    100.00
22:24:20        all      0.00      0.00      0.00      0.00      0.00    100.00
22:24:21        all      3.00      0.00      2.00      0.50      3.50     91.00
22:24:22        all     24.38      0.00      4.48      0.00      3.48     67.66
22:24:23        all     11.44      0.00      3.98      0.00      5.97     78.61
22:24:24        all     31.84      0.00     11.44      0.00     13.93     42.79
22:24:25        all     16.50      0.00      8.00      0.00      9.50     66.00
22:24:26        all      1.01      0.00      0.50      0.00      0.50     97.99
22:24:27        all      1.00      0.00      0.00      0.00      0.50     98.50
22:24:28        all      0.50      0.00      0.00      0.00      0.50     99.00
22:24:29        all     17.41      0.00      5.47      0.00     11.44     65.67
22:24:30        all     15.50      0.00      1.00      0.00      8.50     75.00
22:24:31        all     28.22      0.00      6.44      0.00      6.44     58.91
22:24:32        all     28.00      0.00     10.00      0.00      5.50     56.50
22:24:33        all      1.49      0.00      0.50      0.00      0.50     97.51
22:24:34        all      1.00      0.00      0.50      0.00      0.50     98.00
22:24:35        all      0.50      0.00      0.50      0.00      0.50     98.51
22:24:36        all     12.81      0.00      5.91      0.00      8.87     72.41
22:24:37        all     18.23      0.00      1.97      0.49     10.34     68.97
22:24:38        all     26.47      0.00      9.31      0.00     14.22     50.00
22:24:39        all     36.50      0.00     13.50      0.00      5.00     45.00
22:24:40        all      1.00      0.00      0.50      0.00      1.00     97.51
22:24:41        all      1.49      0.00      0.50      0.00      0.50     97.51
22:24:42        all      2.99      0.00      1.99      0.50      3.48     91.04
22:24:43        all     26.50      0.00      4.50      0.00      5.50     63.50
22:24:44        all     15.42      0.00      4.98      0.00      3.98     75.62
22:24:45        all     31.34      0.00      7.46      0.00     10.95     50.25
22:24:46        all     15.00      0.00      5.00      0.00      8.00     72.00
22:24:47        all      1.49      0.00      0.50      0.50      1.49     96.02
22:24:48        all      1.01      0.00      0.50      0.00      0.50     97.99
22:24:49        all      6.31      0.00      5.34      0.00      8.74     79.61
22:24:50        all      1.50      0.00      1.00      0.00      2.50     95.00
22:24:51        all     24.26      0.00      3.96      0.00     12.38     59.41
22:24:52        all      6.03      0.00      2.01      0.00      2.51     89.45
22:24:53        all      9.95      0.00      3.48      0.00      6.97     79.60
22:24:54        all     24.75      0.00     10.40      0.00     15.35     49.50
22:24:55        all      7.50      0.00      3.00      0.00      3.50     86.00
22:24:56        all      2.00      0.00      2.50      0.00      1.00     94.50
22:24:57        all     12.25      0.00      5.39      0.00      9.31     73.04
22:24:58        all     22.77      0.00      5.94      0.00      7.92     63.37
22:24:59        all      8.00      0.00      5.00      0.00      3.00     84.00
22:25:00        all      3.96      0.00      0.50      0.00      3.47     92.08
22:25:01        all     29.06      0.00      8.87      0.00     14.78     47.29
22:25:02        all     10.45      0.00      4.98      0.50      8.96     75.12
22:25:03        all      4.85      0.00      4.37      0.00      8.25     82.52
22:25:04        all     25.00      0.00      3.00      0.00     12.00     60.00
22:25:05        all     13.37      0.00      4.95      0.00     11.39     70.30
22:25:06        all     27.23      0.00     10.89      0.00     13.37     48.51
22:25:07        all     20.40      0.00      7.46      0.00     10.45     61.69
22:25:08        all      1.99      0.00      1.00      0.00      1.00     96.02
22:25:09        all      0.50      0.00      0.00      0.00      0.50     99.00
22:25:10        all      0.00      0.00      0.50      0.00      0.00     99.50
22:25:11        all     10.78      0.00      6.86      0.00      6.86     75.49
22:25:12        all     17.00      0.00      1.00      0.50      6.00     75.50
22:25:13        all     19.12      0.00      6.86      0.00     12.75     61.27
22:25:14        all     28.00      0.00     11.00      0.00      9.50     51.50
22:25:15        all      8.96      0.00      3.98      0.00      1.99     85.07
22:25:16        all      0.00      0.00      0.00      0.00      0.50     99.50
22:25:17        all      5.45      0.00      2.48      0.00      1.49     90.59
22:25:18        all     25.62      0.00      3.94      0.00     12.32     58.13
22:25:19        all     15.42      0.00      6.47      0.00      4.48     73.63
22:25:20        all     29.35      0.00      7.96      0.00      7.46     55.22
22:25:21        all     19.00      0.00      6.50      0.00      5.50     69.00
22:25:22        all      1.50      0.00      0.50      0.00      2.00     96.00
22:25:23        all      0.00      0.00      0.00      0.00      0.00    100.00
22:25:24        all      1.00      0.00      0.50      0.00      1.00     97.51
22:25:25        all     11.39      0.00      6.93      0.00      7.43     74.26
22:25:26        all     19.40      0.00      1.49      0.00      4.98     74.13
22:25:27        all     19.40      0.00      5.97      0.00      7.46     67.16
22:25:28        all     27.00      0.00      7.00      0.50      9.00     56.50
22:25:29        all     16.92      0.00      5.97      0.00      2.49     74.63
22:25:30        all      1.01      0.00      0.50      0.00      0.50     97.99
22:25:31        all      0.00      0.00      0.00      0.00      0.50     99.50
22:25:32        all      4.52      0.00      2.51      0.00      3.52     89.45
22:25:33        all      6.00      0.00      3.50      0.00      3.50     87.00
22:25:34        all     25.76      0.00      5.56      0.00      2.02     66.67
22:25:35        all      6.47      0.00      1.00      0.00      1.49     91.04
22:25:36        all      2.00      0.00      1.00      0.00      0.50     96.50
22:25:37        all      2.50      0.00      0.50      0.00      1.50     95.50
22:25:38        all     27.36      0.00      8.96      0.50     10.45     52.74
22:25:39        all     12.87      0.00      5.45      0.00      4.46     77.23
22:25:40        all      6.44      0.00      4.95      0.00      5.45     83.17
22:25:41        all     21.11      0.00      6.03      0.00      4.02     68.84
22:25:42        all     18.05      0.00      6.83      0.00     12.20     62.93
22:25:43        all     35.82      0.00     12.94      0.00     14.43     36.82
22:25:44        all     13.37      0.00      6.44      0.00      4.95     75.25
22:25:45        all      1.00      0.00      0.00      0.00      1.00     98.00
22:25:46        all      1.00      0.00      0.00      0.00      0.00     99.00
22:25:47        all      0.50      0.00      0.00      0.00      0.50     99.00
22:25:48        all      7.46      0.00      3.98      0.00      5.47     83.08
22:25:49        all     18.41      0.00      1.49      0.00      6.47     73.63
22:25:50        all     15.00      0.00      8.00      0.00     11.00     66.00
22:25:51        all     30.85      0.00      5.97      0.00      6.97     56.22
22:25:52        all     10.50      0.00      5.50      0.00      3.00     81.00
22:25:53        all      1.97      0.00      0.99      0.49      1.48     95.07
22:25:54        all      0.00      0.00      0.00      0.00      0.00    100.00
22:25:55        all      5.47      0.00      2.49      0.00      5.97     86.07
22:25:56        all     22.50      0.00      3.00      0.00      4.50     70.00
22:25:57        all     21.18      0.00      5.42      0.00      8.37     65.02
22:25:58        all     33.00      0.00     16.50      0.00     11.00     39.50
22:25:59        all      5.00      0.00      1.50      0.00      2.00     91.50
22:26:00        all      1.01      0.00      0.00      0.00      0.50     98.49
22:26:01        all      0.50      0.00      0.00      0.00      0.00     99.50
22:26:02        all      0.50      0.00      0.50      0.00      0.50     98.50
22:26:03        all      0.50      0.00      0.50      0.00      0.50     98.51
22:26:04        all     16.50      0.00      3.00      0.00      3.50     77.00
22:26:05        all      9.50      0.00      1.50      0.00      1.00     88.00
22:26:06        all     22.77      0.00      5.94      0.00      5.94     65.35
22:26:07        all     28.00      0.00     13.00      0.00      9.50     49.50
22:26:08        all      3.92      0.00      1.96      0.00      1.47     92.65
22:26:09        all      1.49      0.00      1.00      0.50      0.00     97.01
22:26:10        all     11.06      0.00      4.02      0.00      3.02     81.91
22:26:11        all     18.00      0.00      0.50      0.00      6.50     75.00
22:26:12        all     17.82      0.00      6.44      0.00      7.92     67.82
22:26:13        all     31.34      0.00     13.43      0.00      8.96     46.27
22:26:14        all      8.96      0.00      4.48      0.50      3.48     82.59
22:26:15        all      1.50      0.00      0.00      0.00      0.50     98.00
22:26:16        all      0.00      0.00      0.00      0.00      0.00    100.00
22:26:17        all      1.00      0.00      0.50      0.00      1.00     97.51
22:26:18        all      9.36      0.00      4.43      0.00      7.39     78.82
22:26:19        all     20.79      0.00      1.49      0.00     12.87     64.85
22:26:20        all     14.63      0.00      6.34      0.00      8.29     70.73
22:26:21        all     15.50      0.00      3.50      0.00      6.00     75.00
22:26:22        all     30.35      0.00     11.44      0.00      7.96     50.25
22:26:23        all      2.00      0.00      0.00      0.00      0.00     98.00
22:26:24        all      0.50      0.00      0.00      0.50      0.50     98.51
22:26:25        all      0.50      0.00      0.00      0.00      0.00     99.50
22:26:26        all      6.37      0.00      3.92      0.00      5.39     84.31
22:26:27        all     19.80      0.00      2.48      0.00      7.43     70.30
22:26:28        all     12.44      0.00      5.47      0.00      5.97     76.12
22:26:29        all     20.71      0.00      4.04      0.00     13.13     62.12
22:26:30        all     26.47      0.00     10.78      0.00     12.75     50.00
22:26:31        all      1.01      0.00      0.00      0.00      0.51     98.48
22:26:32        all      0.99      0.00      0.50      0.00      0.50     98.02
22:26:33        all      5.05      0.00      3.03      0.00      3.54     88.38
22:26:34        all     21.39      0.00      2.99      0.00      9.45     66.17
22:26:35        all     11.44      0.00      3.98      0.00      4.48     80.10
22:26:36        all      9.41      0.00      3.47      0.00      5.94     81.19
22:26:37        all      0.51      0.00      0.00      0.00      0.51     98.99
22:26:38        all     19.12      0.00      5.39      0.00      5.39     70.10
22:26:39        all     24.87      0.00      6.09      0.00      6.60     62.44
22:26:40        all      1.99      0.00      0.50      0.50      0.50     96.52
22:26:41        all     27.59      0.00      5.91      0.00      5.42     61.08
22:26:42        all      7.46      0.00      2.49      0.00      1.49     88.56
22:26:43        all     36.63      0.00     12.87      0.00      5.94     44.55
22:26:44        all     19.50      0.00      6.50      0.00      2.00     72.00
22:26:45        all      1.49      0.00      1.00      0.00      0.50     97.01
22:26:46        all      0.50      0.00      0.50      0.00      0.00     98.99
22:26:47        all      0.50      0.00      0.50      0.00      0.00     99.00
22:26:48        all      9.90      0.00      5.94      0.00      2.97     81.19
22:26:49        all     15.58      0.00      0.50      0.00      5.03     78.89
22:26:50        all     15.84      0.00      5.94      0.00      6.44     71.78
22:26:51        all     27.86      0.00      9.45      0.00     11.44     51.24
22:26:52        all     16.42      0.00      4.98      0.00      3.48     75.12
22:26:53        all      1.99      0.00      0.50      0.00      0.50     97.01
22:26:54        all      0.50      0.00      0.00      0.00      0.00     99.50
22:26:55        all      9.45      0.00      4.48      0.50      3.98     81.59
22:26:56        all     16.26      0.00      0.49      0.00      4.43     78.82
22:26:57        all     25.37      0.00      8.29      0.00     14.15     52.20
22:26:58        all     32.16      0.00     13.07      0.00      8.04     46.73
22:26:59        all      6.50      0.00      2.50      0.00      3.00     88.00
22:27:00        all      1.98      0.00      0.50      0.50      5.94     91.09
22:27:01        all      0.00      0.00      0.00      0.00      0.00    100.00
22:27:02        all      0.50      0.00      0.00      0.00      0.00     99.50
22:27:03        all      1.00      0.00      0.00      0.00      0.50     98.50
22:27:04        all     10.19      0.00      4.37      0.00      8.74     76.70
22:27:05        all     20.90      0.00      1.99      0.00      6.47     70.65
22:27:06        all     11.00      0.00      5.50      0.00      5.50     78.00
22:27:07        all      2.99      0.00      0.50      0.00      1.00     95.52
22:27:08        all      2.01      0.00      0.50      0.00      1.51     95.98
22:27:09        all     17.00      0.00      4.00      0.00      5.50     73.50
22:27:10        all     27.36      0.00      8.46      0.00     14.93     49.25
22:27:11        all      2.02      0.00      0.00      0.00      2.02     95.96
22:27:12        all     12.38      0.00      4.95      0.00      4.46     78.22
22:27:13        all     18.50      0.00      2.00      0.00      6.00     73.50
22:27:14        all     16.50      0.00      7.50      0.00      6.00     70.00
22:27:15        all     31.19      0.00     10.40      0.50      7.92     50.00
22:27:16        all     10.45      0.00      3.48      0.00      3.48     82.59
22:27:17        all      0.50      0.00      0.50      0.00      0.50     98.49
22:27:18        all      4.50      0.00      2.00      0.00      1.00     92.50
22:27:19        all     21.50      0.00      3.00      0.00      2.50     73.00
22:27:20        all     19.00      0.00      6.00      0.00      3.50     71.50
22:27:21        all     30.69      0.00      9.41      0.00     10.40     49.50
22:27:22        all     12.38      0.00      4.46      0.00      7.92     75.25
22:27:23        all      1.50      0.00      0.50      0.00      0.50     97.50
22:27:24        all      1.00      0.00      0.00      0.00      0.50     98.50
22:27:25        all      0.50      0.00      0.00      0.00      0.50     99.00
22:27:26        all      5.47      0.00      4.98      0.50      9.95     79.10
22:27:27        all     21.89      0.00      3.48      0.00      7.96     66.67
22:27:28        all     13.50      0.00      5.00      0.00      1.50     80.00
22:27:29        all     31.50      0.00     11.00      0.00     11.50     46.00
