Linux 5.10.234-225.910.amzn2.x86_64 (ip-10-0-151-48.us-west-2.compute.internal) 	03/25/25 	_x86_64_	(2 CPU)

22:13:03    kbmemfree kbmemused  %memused kbbuffers  kbcached  kbcommit   %commit  kbactive   kbinact   kbdirty
22:13:04      2811364   1131936     28.71      2088    901076    366712      9.30    179720    855488    298548
22:13:05      2703444   1239856     31.44      2088    906132    503896     12.78    179760    962296    303600
22:13:06      2729748   1213552     30.78      2088    913952    425380     10.79    179776    937628    311436
22:13:07      2652888   1290412     32.72      2088    913952    502080     12.73    179776   1014464    311436
22:13:08      2654148   1289152     32.69      2088    913952    500484     12.69    179776   1012672    311436
22:13:09      2653392   1289908     32.71      2088    913952    501508     12.72    179776   1013616    311436
22:13:10      2651628   1291672     32.76      2088    913952    503016     12.76    179776   1015208    171172
22:13:11      2650872   1292428     32.78      2088    913952    503784     12.78    179780   1016032    171172
22:13:12      2862648   1080652     27.40      2088    913880    289268      7.34    179924    804228    172752
22:13:13      2862648   1080652     27.40      2088    913880    289268      7.34    179924    804228    172752
22:13:14      2862648   1080652     27.40      2088    913880    289268      7.34    179924    804228    172752
22:13:15      2862648   1080652     27.40      2088    913880    289268      7.34    179924    804228    172752
22:13:16      2862916   1080384     27.40      2088    913880    289268      7.34    179944    804136    172724
22:13:17      2862916   1080384     27.40      2088    913880    289268      7.34    179944    804136    172724
22:13:18      2862916   1080384     27.40      2088    913880    289268      7.34    179944    804136    172724
22:13:19      2862916   1080384     27.40      2088    913880    289268      7.34    179944    804136    172724
22:13:20      2862916   1080384     27.40      2088    913880    289268      7.34    179944    804136    172724
22:13:21      2860228   1083072     27.47      2088    914036    297416      7.54    180104    807056    172712
22:13:22      2883516   1059784     26.88      2088    914080    271340      6.88    180236    783156    172976
22:13:23      2858556   1084744     27.51      2088    914092    298744      7.58    180236    808164    172988
22:13:24      2844664   1098636     27.86      2088    914100    315448      8.00    180236    823276    172996
22:13:25      2822700   1120600     28.42      2088    914108    336860      8.54    180236    845452    164060
22:13:26      2807008   1136292     28.82      2088    914120    348896      8.85    180236    856132     97184
22:13:27      2792216   1151084     29.19      2088    914124    363964      9.23    180236    872392     97188
22:13:28      2774576   1168724     29.64      2088    914128    381104      9.66    180236    889904     97216
22:13:29      2778776   1164524     29.53      2088    914128    374728      9.50    180236    884624     97216
22:13:30      2804780   1138520     28.87      2088    914152    348612      8.84    180324    858532     97240
22:13:31      2829340   1113960     28.25      2088    914192    319804      8.11    180324    829700     18008
22:13:32      2857628   1085672     27.53      2088    916832    292384      7.41    180324    802844     20648
22:13:33      2851864   1091436     27.68      2088    916916    300328      7.62    180324    808192     20732
22:13:34      2839796   1103504     27.98      2088    916916    311416      7.90    180324    818996     20732
22:13:35      2835244   1108056     28.10      2088    916932    315548      8.00    180324    824044     20748
22:13:36      2837324   1105976     28.05      2088    919604    310668      7.88    180324    822132      7332
22:13:37      2853860   1089440     27.63      2088    919624    293176      7.43    180324    805356      7240
22:13:38      2849828   1093472     27.73      2088    919632    298076      7.56    180324    810592      7248
22:13:39      2834084   1109216     28.13      2088    919640    314272      7.97    180324    824816      7256
22:13:40      2832512   1110788     28.17      2088    919648    316364      8.02    180324    826488      7264
22:13:41      2818016   1125284     28.54      2088    919664    330844      8.39    180324    841956      7280
22:13:42      2801100   1142200     28.97      2088    919672    349196      8.86    180324    860452      7288
22:13:43      2815900   1127400     28.59      2088    919692    334612      8.49    180324    845724      7308
22:13:44      2796032   1147268     29.09      2088    919692    353592      8.97    180324    864580      7308
22:13:45      2788936   1154364     29.27      2088    919696    361772      9.17    180324    873084      7312
22:13:46      2845164   1098136     27.85      2088    922396    302072      7.66    180324    814500      8228
22:13:47      2844644   1098656     27.86      2088    922412    302448      7.67    180324    815436      8212
22:13:48      2837384   1105916     28.05      2088    922416    309852      7.86    180324    822916      8216
22:13:49      2826072   1117228     28.33      2088    922428    322204      8.17    180324    833228      8228
22:13:50      2828620   1114680     28.27      2088    922436    317968      8.06    180324    830236      8236
22:13:51      2815580   1127720     28.60      2088    922440    332180      8.42    180324    845164      8240
22:13:52      2818288   1125012     28.53      2088    925116    328600      8.33    180324    842752     10912
22:13:53      2838876   1104424     28.01      2088    925136    306356      7.77    180324    822120     10932
22:13:54      2834436   1108864     28.12      2088    925148    312936      7.94    180324    827300     10944
22:13:55      2824372   1118928     28.38      2088    925160    323160      8.20    180324    837712     10960
22:13:56      2817872   1125428     28.54      2088    925176    330736      8.39    180324    843924     10976
22:13:57      2813728   1129572     28.65      2088    925176    333312      8.45    180324    848296     10928
22:13:58      2831848   1111452     28.19      2088    925200    315892      8.01    180324    829996     10952
22:13:59      2820036   1123264     28.49      2088    925212    328636      8.33    180324    843360     10964
22:14:00      2817256   1126044     28.56      2088    925216    330476      8.38    180324    845148     10968
22:14:01      2804916   1138384     28.87      2088    925220    342344      8.68    180324    857160     10972
22:14:02      2834400   1108900     28.12      2088    927904    309292      7.84    180324    827696     13656
22:14:03      2833140   1110160     28.15      2088    927916    309060      7.84    180324    827316     13668
22:14:04      2833364   1109936     28.15      2088    927916    308828      7.83    180324    827608     13668
22:14:05      2828556   1114744     28.27      2088    927924    313180      7.94    180324    831908     13676
22:14:06      2822792   1120508     28.42      2088    927936    321580      8.16    180324    838308     13688
22:14:07      2820052   1123248     28.48      2088    927940    325384      8.25    180324    841876      8000
22:14:08      2806948   1136352     28.82      2088    927944    338612      8.59    180324    857216      8012
22:14:09      2792504   1150796     29.18      2088    927956    350892      8.90    180324    868744      8036
22:14:10      2788548   1154752     29.28      2088    927956    355564      9.02    180324    873936      8036
22:14:11      2819044   1124256     28.51      2088    930948    321412      8.15    180324    842848     11028
22:14:12      2799632   1143668     29.00      2088    930968    340636      8.64    180324    861392     11048
22:14:13      2797524   1145776     29.06      2088    930976    341400      8.66    180324    863300     11056
22:14:14      2786724   1156576     29.33      2088    930980    356992      9.05    180324    876428     11060
22:14:15      2784424   1158876     29.39      2088    930996    358512      9.09    180324    878044     11076
22:14:16      2776164   1167136     29.60      2088    931004    366072      9.28    180324    885748     11084
22:14:17      2783448   1159852     29.41      2088    931004    357652      9.07    180324    878396      8420
22:14:18      2818144   1125156     28.53      2088    933708    318564      8.08    180324    842524     11124
22:14:19      2808592   1134708     28.78      2088    933724    330824      8.39    180324    854132     11140
22:14:20      2790488   1152812     29.23      2088    933728    347760      8.82    180324    871528     11144
22:14:21      2777140   1166160     29.57      2088    933736    354832      9.00    180324    878548     11152
22:14:22      2765352   1177948     29.87      2088    933748    375860      9.53    180324    898192      8500
22:14:23      2776376   1166924     29.59      2088    933752    355968      9.03    180324    880812      8504
22:14:24      2808304   1134996     28.78      2088    933792    327600      8.31    180324    853132      8544
22:14:25      2813996   1129304     28.64      2088    936476    319412      8.10    180324    847928     11228
22:14:26      2810980   1132320     28.72      2088    936484    321300      8.15    180324    849784     11340
22:14:27      2810944   1132356     28.72      2088    936488    322988      8.19    180324    850916     11344
22:14:28      2810924   1132376     28.72      2088    936508    323160      8.20    180324    849460     11360
22:14:29      2796324   1146976     29.09      2088    936508    340784      8.64    180324    865708     11364
22:14:30      2793340   1149960     29.16      2088    936516    343068      8.70    180324    868036     11372
22:14:31      2810972   1132328     28.72      2088    939212    322492      8.18    180324    850760     14068
22:14:32      2809712   1133588     28.75      2088    939212    323524      8.20    180324    851896     14068
22:14:33      2798868   1144432     29.02      2088    939216    335316      8.50    180324    863940     11408
22:14:34      2784452   1158848     29.39      2088    939224    349400      8.86    180324    877644     11416
22:14:35      2780480   1162820     29.49      2088    939236    352840      8.95    180324    879660     11428
22:14:36      2782752   1160548     29.43      2088    939236    349548      8.86    180324    878012     11428
22:14:37      2804152   1139148     28.89      2088    942232    325236      8.25    180324    856704     14424
22:14:38      2803900   1139400     28.89      2088    942248    326484      8.28    180324    858328     14052
22:14:39      2796592   1146708     29.08      2088    942252    334472      8.48    180324    866160     14064
22:14:40      2787500   1155800     29.31      2088    942264    346160      8.78    180324    874756     14076
22:14:41      2785284   1158016     29.37      2088    942268    347084      8.80    180324    877412     14080
22:14:42      2794824   1148476     29.12      2088    944960    332108      8.42    180324    865940     16772
22:14:43      2794824   1148476     29.12      2088    944972    332400      8.43    180324    866460     13812
22:14:44      2780376   1162924     29.49      2088    944976    348296      8.83    180324    881592     13816
22:14:45      2774820   1168480     29.63      2088    947580    348452      8.84    180324    885644     16420
22:14:46      2786956   1156344     29.32      2088    947676    337504      8.56    180324    874632     16516
22:14:47      2784244   1159056     29.39      2088    947696    342376      8.68    180324    877540     16536
22:14:48      2773868   1169432     29.66      2088    947696    351160      8.91    180324    886248     13872
22:14:49      2785652   1157648     29.36      2088    950364    335440      8.51    180324    875092     16540
22:14:50      2786780   1156520     29.33      2088    950392    334876      8.49    180324    874864     16568
22:14:51      2776920   1166380     29.58      2088    950396    346892      8.80    180324    885880     16572
22:14:52      2768856   1174444     29.78      2088    950412    358996      9.10    180324    894532     16588
22:14:53      2780928   1162372     29.48      2088    953092    337220      8.55    180324    879912     19268
22:14:54      2771912   1171388     29.71      2088    953096    347820      8.82    180324    890556     19272
22:14:55      2774180   1169120     29.65      2088    953128    346080      8.78    180324    886916     19304
22:14:56      2766776   1176524     29.84      2088    953132    355448      9.01    180324    896384     19320
22:14:57      2775936   1167364     29.60      2088    955808    339920      8.62    180324    885192     21996
22:14:58      2776188   1167112     29.60      2088    955824    339844      8.62    180324    885368     19300
22:14:59      2769604   1173696     29.76      2088    955828    347200      8.80    180324    892572     19248
22:15:00      2767812   1175488     29.81      2088    955832    349704      8.87    180324    894596     19252
22:15:01      2762012   1181288     29.96      2088    955844    358024      9.08    180324    900436     19264
22:15:02      2759476   1183824     30.02      2088    955844    360600      9.14    180324    903564     19264
22:15:03      2758688   1184612     30.04      2088    955848    357716      9.07    180324    902596     16600
22:15:04      2769988   1173312     29.75      2088    958524    343596      8.71    180324    891688     19276
22:15:05      2760564   1182736     29.99      2088    958544    353280      8.96    180324    900968     19296
22:15:06      2761804   1181496     29.96      2088    958556    354152      8.98    180324    900212     19308
22:15:07      2753004   1190296     30.19      2088    958560    362324      9.19    180324    908172     19312
22:15:08      2764724   1178576     29.89      2088    961172    345520      8.76    180324    896072     18612
22:15:09      2760976   1182324     29.98      2088    961256    349708      8.87    180324    901148     18696
22:15:10      2757192   1186108     30.08      2088    961272    355656      9.02    180324    904744     18712
22:15:11      2747352   1195948     30.33      2088    961276    365332      9.26    180324    913976     18716
22:15:12      2744152   1199148     30.41      2088    961276    368252      9.34    180324    917076     18716
22:15:13      2759448   1183852     30.02      2088    963892    348024      8.83    180324    901632     18732
22:15:14      2755156   1188144     30.13      2088    963976    353100      8.95    180324    906504     18744
22:15:15      2752764   1190536     30.19      2088    963988    358620      9.09    180324    910716     18756
22:15:16      2747656   1195644     30.32      2088    963992    360916      9.15    180324    914396     18760
22:15:17      2755312   1187988     30.13      2088    966668    349616      8.87    180324    905984     21436
22:15:18      2755248   1188052     30.13      2088    966680    349332      8.86    180324    906148     21448
22:15:19      2752128   1191172     30.21      2088    966680    352612      8.94    180324    909444     18784
22:15:20      2744124   1199176     30.41      2088    966688    361380      9.16    180324    917308     18792
22:15:21      2745416   1197884     30.38      2088    966700    360832      9.15    180324    915064     18804
22:15:22      2739868   1203432     30.52      2088    966700    368540      9.35    180324    922512     18804
22:15:23      2749320   1193980     30.28      2088    969312    352568      8.94    180324    911292     21416
22:15:24      2749132   1194168     30.28      2088    969392    352876      8.95    180324    912068     16168
22:15:25      2745632   1197668     30.37      2088    969396    356244      9.03    180324    915372     16172
22:15:26      2737696   1205604     30.57      2088    969400    366828      9.30    180324    924996     16176
22:15:27      2739316   1203984     30.53      2088    969412    366800      9.30    180324    923248     16188
22:15:28      2728004   1215296     30.82      2088    969412    378568      9.60    180324    934608     16188
22:15:29      2744104   1199196     30.41      2088    972032    357148      9.06    180324    917456     16144
22:15:30      2741340   1201960     30.48      2088    972112    360452      9.14    180324    921188     16224
22:15:31      2728888   1214412     30.80      2088    972116    372792      9.45    180324    934184     16228
22:15:32      2727088   1216212     30.84      2088    972116    374784      9.50    180324    934192     16228
22:15:33      2723984   1219316     30.92      2088    972132    379608      9.63    180324    939124     16244
22:15:34      2709864   1233436     31.28      2088    974740    389444      9.88    180324    953104     16188
22:15:35      2737028   1206272     30.59      2088    974824    360216      9.13    180324    924196     16272
22:15:36      2735064   1208236     30.64      2088    974832    363080      9.21    180324    927280     16280
22:15:37      2723472   1219828     30.93      2088    974836    375696      9.53    180324    939172     16284
22:15:38      2725488   1217812     30.88      2088    974848    373860      9.48    180324    935944     16296
22:15:39      2724916   1218384     30.90      2088    974856    372416      9.44    180324    936724     13404
22:15:40      2731700   1211600     30.73      2088    977524    361880      9.18    180324    929624     16028
22:15:41      2731268   1212032     30.74      2088    977540    362036      9.18    180324    930088     16044
22:15:42      2729880   1213420     30.77      2088    977544    365116      9.26    180324    933072     16048
22:15:43      2724396   1218904     30.91      2088    977548    370172      9.39    180324    936404     16052
22:15:44      2720448   1222852     31.01      2088    977560    376504      9.55    180324    942612     13392
22:15:45      2716300   1227000     31.12      2088    977564    379284      9.62    180324    945700     13396
22:15:46      2725456   1217844     30.88      2088    980240    366148      9.29    180324    935112     16072
22:15:47      2725708   1217592     30.88      2088    980256    366244      9.29    180324    935384     16088
22:15:48      2712028   1231272     31.22      2088    980260    379620      9.63    180324    948724     16092
22:15:49      2716604   1226696     31.11      2088    980272    379156      9.62    180324    946344     13504
22:15:50      2707240   1236060     31.35      2088    980276    387924      9.84    180324    955820     13444
22:15:51      2704948   1238352     31.40      2088    982884    384928      9.76    180324    957144     16052
22:15:52      2719928   1223372     31.02      2088    982964    367680      9.32    180324    941128     16132
22:15:53      2719424   1223876     31.04      2088    982968    367984      9.33    180324    941488     16136
22:15:54      2719424   1223876     31.04      2088    982972    371132      9.41    180324    944200     13476
22:15:55      2715896   1227404     31.13      2088    982988    376264      9.54    180324    947080     13492
22:15:56      2701440   1241860     31.49      2088    982988    390876      9.91    180324    961080     13492
22:15:57      2702224   1241076     31.47      2088    982988    389124      9.87    180324    960924     13492
22:15:58      2714272   1229028     31.17      2088    985668    371408      9.42    180324    946508     16172
22:15:59      2714312   1228988     31.17      2088    985680    371760      9.43    180324    946972     16184
22:16:00      2713808   1229492     31.18      2088    985680    371936      9.43    180324    947244     13508
22:16:01      2711352   1231948     31.24      2088    985684    376468      9.55    180324    951528     13524
22:16:02      2704736   1238564     31.41      2088    985684    380424      9.65    180324    954828     13524
22:16:03      2707508   1235792     31.34      2088    985700    384308      9.75    180324    956596     13540
22:16:04      2705188   1238112     31.40      2088    985708    382548      9.70    180324    956600     13548
22:16:05      2708572   1234728     31.31      2088    988380    375604      9.53    180324    952776     13556
22:16:06      2708320   1234980     31.32      2088    988392    374680      9.50    180324    952724     13568
22:16:07      2707804   1235496     31.33      2088    988396    375088      9.51    180324    952976     13572
22:16:08      2702288   1241012     31.47      2088    988400    381188      9.67    180324    959104     13576
22:16:09      2702012   1241288     31.48      2088    988416    381936      9.69    180324    959620     13592
22:16:10      2701672   1241628     31.49      2088    988416    386700      9.81    180324    962884     10680
22:16:11      2686600   1256700     31.87      2088    988420    394224     10.00    180324    971972     10688
22:16:12      2702624   1240676     31.46      2088    991096    377804      9.58    180324    959272     13364
22:16:13      2701712   1241588     31.49      2088    991112    378488      9.60    180324    959848     13380
22:16:14      2701712   1241588     31.49      2088    991116    378760      9.61    180324    960016     13384
22:16:15      2696164   1247136     31.63      2088    991116    384248      9.74    180324    965148     13372
22:16:16      2691972   1251328     31.73      2088    991124    391820      9.94    180324    970188     13388
22:16:17      2683776   1259524     31.94      2088    991132    400544     10.16    180324    978064     13396
22:16:18      2647988   1295312     32.85      2088    993744    429104     10.88    180324   1012320     16008
22:16:19      2695948   1247352     31.63      2088    993820    382296      9.69    180324    965472     16084
22:16:20      2695444   1247856     31.64      2088    993824    382192      9.69    180324    965880     13488
22:16:21      2692924   1250376     31.71      2088    993828    385304      9.77    180324    969152     13428
22:16:22      2685532   1257768     31.90      2088    993832    393240      9.97    180324    976776     13432
22:16:23      2684600   1258700     31.92      2088    993844    396532     10.06    180324    978348     13444
22:16:24      2675716   1267584     32.15      2088    993848    403060     10.22    180324    985832     13552
22:16:25      2689048   1254252     31.81      2088    996460    384708      9.76    180324    971804     13564
22:16:26      2689380   1253920     31.80      2088    996536    384792      9.76    180324    972068     13576
22:16:27      2686348   1256952     31.88      2088    996544    387872      9.84    180324    975164     13584
22:16:28      2673940   1269360     32.19      2088    996548    400824     10.16    180324    986768     13588
22:16:29      2675000   1268300     32.16      2088    996564    402360     10.20    180324    986580     13604
22:16:30      2671180   1272120     32.26      2088    996564    404664     10.26    180324    990348     11004
22:16:31      2682240   1261060     31.98      2088    999244    389424      9.88    180324    978212     13620
22:16:32      2683240   1260060     31.95      2088    999256    389424      9.88    180324    977556     13632
22:16:33      2681064   1262236     32.01      2088    999260    392440      9.95    180324    980444     13636
22:16:34      2669496   1273804     32.30      2088    999264    405348     10.28    180324    993176     13640
22:16:35      2675032   1268268     32.16      2088    999276    401472     10.18    180324    987596     11052
22:16:36      2664204   1279096     32.44      2088    999280    411884     10.45    180324    998140     10976
22:16:37      2637224   1306076     33.12      2088   1001888    435956     11.06    180324   1026316     13584
22:16:38      2678812   1264488     32.07      2088   1001972    392236      9.95    180324    982936     13668
22:16:39      2675868   1267432     32.14      2088   1001972    395344     10.03    180324    986208     13668
22:16:40      2669676   1273624     32.30      2088   1001992    405032     10.27    180324    993468     13688
22:16:41      2659332   1283968     32.56      2088   1001992    412444     10.46    180324   1001076     13440
22:16:42      2634404   1308896     33.19      2088   1004668    435160     11.04    180324   1028224     16116
22:16:43      2673360   1269940     32.21      2088   1004672    394204     10.00    180324    988000     16120
22:16:44      2673212   1270088     32.21      2088   1004684    394412     10.00    180324    988324     16132
22:16:45      2669580   1273720     32.30      2088   1004692    397800     10.09    180324    991480     16140
22:16:46      2657140   1286160     32.62      2088   1004692    412008     10.45    180324   1004724     13460
22:16:47      2659340   1283960     32.56      2088   1004708    410596     10.41    180324   1001752     13484
22:16:48      2652176   1291124     32.74      2088   1004708    415916     10.55    180324   1008904     13484
22:16:49      2666892   1276408     32.37      2088   1007384    398832     10.11    180324    994788     16164
22:16:50      2666440   1276860     32.38      2088   1007404    398688     10.11    180324    995012     16184
22:16:51      2665084   1278216     32.41      2088   1007404    401892     10.19    180324    998264     13520
22:16:52      2658316   1284984     32.59      2088   1007416    406588     10.31    180324   1002508     13532
22:16:53      2648284   1295016     32.84      2088   1007420    417148     10.58    180324   1013216     13536
22:16:54      2655476   1287824     32.66      2088   1007424    409848     10.39    180324   1005944     13540
22:16:55      2661124   1282176     32.52      2088   1010100    401796     10.19    180324   1000196     16216
22:16:56      2659612   1283688     32.55      2088   1010112    402672     10.21    180324   1001356     13460
22:16:57      2649948   1293352     32.80      2088   1010120    413428     10.48    180324   1011728     13468
22:16:58      2651280   1292020     32.76      2088   1010136    413496     10.49    180324   1010376     13484
22:16:59      2639268   1304032     33.07      2088   1010136    425100     10.78    180324   1022128     13484
22:17:00      2628560   1314740     33.34      2088   1010136    433680     11.00    180324   1030960     13484
22:17:01      2655232   1288068     32.66      2088   1012812    406008     10.30    180324   1006456     13496
22:17:02      2655264   1288036     32.66      2088   1012828    405724     10.29    180324   1006468     13512
22:17:03      2653248   1290052     32.72      2088   1012832    408372     10.36    180324   1008760     13516
22:17:04      2643692   1299608     32.96      2088   1012832    417672     10.59    180324   1017788     13516
22:17:05      2648984   1294316     32.82      2088   1012836    413028     10.47    180324   1013436     13520
22:17:06      2636940   1306360     33.13      2088   1012848    426580     10.82    180324   1025676     13540
22:17:07      2598116   1345184     34.11      2088   1015520    461180     11.70    180324   1064312     16212
22:17:08      2648924   1294376     32.82      2088   1015532    408236     10.35    180324   1011656     16224
22:17:09      2648768   1294532     32.83      2088   1015540    408476     10.36    180324   1012044     16232
22:17:10      2634396   1308904     33.19      2088   1015544    425080     10.78    180324   1027544     16236
22:17:11      2641704   1301596     33.01      2088   1015560    421620     10.69    180324   1022384     13356
22:17:12      2627828   1315472     33.36      2088   1015560    432292     10.96    180324   1034412     13348
22:17:13      2641568   1301732     33.01      2088   1018176    415052     10.53    180324   1019576     15964
22:17:14      2643932   1299368     32.95      2088   1018256    411372     10.43    180324   1017212     16044
22:17:15      2640908   1302392     33.03      2088   1018256    414268     10.51    180324   1020328     16044
22:17:16      2628804   1314496     33.33      2088   1018260    428480     10.87    180324   1033968     13384
22:17:17      2632584   1310716     33.24      2088   1018272    424148     10.76    180324   1027808     13396
22:17:18      2624252   1319048     33.45      2088   1018280    431132     10.93    180324   1037184     13404
22:17:19      2637168   1306132     33.12      2088   1020960    414800     10.52    180324   1023376     16084
22:17:20      2637356   1305944     33.12      2088   1020972    414008     10.50    180324   1023092     16096
22:17:21      2635088   1308212     33.18      2088   1020976    417536     10.59    180324   1026812     13500
22:17:22      2627732   1315568     33.36      2088   1020984    426052     10.80    180324   1034676     13436
22:17:23      2627316   1315984     33.37      2088   1021000    428640     10.87    180324   1034772     13452
22:17:24      2620636   1322664     33.54      2088   1021000    434532     11.02    180324   1040728     13452
22:17:25      2618440   1324860     33.60      2088   1021000    433828     11.00    180324   1041440     13452
22:17:26      2629592   1313708     33.31      2088   1023680    421148     10.68    180324   1031616     16132
22:17:27      2630084   1313216     33.30      2088   1023684    420164     10.66    180324   1030868     13472
22:17:28      2628804   1314496     33.33      2088   1023696    422668     10.72    180324   1033236     13484
22:17:29      2617240   1326060     33.63      2088   1023700    433604     11.00    180324   1043688     13488
22:17:30      2619512   1323788     33.57      2088   1023712    434352     11.01    180324   1042500     13500
22:17:31      2553664   1389636     35.24      2088   1026372    496132     12.58    180324   1108900     16160
22:17:32      2625708   1317592     33.41      2088   1026392    422520     10.71    180324   1035532     13516
22:17:33      2625308   1317992     33.42      2088   1026408    422412     10.71    180324   1035864     13532
22:17:34      2623040   1320260     33.48      2088   1026408    425212     10.78    180324   1038844     13532
22:17:35      2609500   1333800     33.82      2088   1026412    438264     11.11    180324   1051984     13536
22:17:36      2613252   1330048     33.73      2088   1026424    435132     11.03    180324   1047088     13548
22:17:37      2611356   1331944     33.78      2088   1026428    436236     11.06    180324   1050724     13544
22:17:38      2620156   1323144     33.55      2088   1029104    424236     10.76    180324   1041196     16220
22:17:39      2619756   1323544     33.56      2088   1029116    423772     10.75    180324   1041184     16232
22:17:40      2617508   1325792     33.62      2088   1029120    426960     10.83    180324   1044556     16236
22:17:41      2610948   1332352     33.79      2088   1029124    435156     11.04    180324   1051212     16240
22:17:42      2608984   1334316     33.84      2088   1029140    439440     11.14    180324   1054036     13340
22:17:43      2603156   1340144     33.99      2088   1031812    438736     11.13    180324   1058452     16012
22:17:44      2614764   1328536     33.69      2088   1031816    427276     10.84    180324   1046956     16016
22:17:45      2614016   1329284     33.71      2088   1031832    429796     10.90    180324   1048244     16032
22:17:46      2611496   1331804     33.77      2088   1031836    430960     10.93    180324   1050600     16036
22:17:47      2602900   1340400     33.99      2088   1031840    439400     11.14    180324   1058396     13376
22:17:48      2601628   1341672     34.02      2088   1031852    444208     11.26    180324   1060576     13388
22:17:49      2591932   1351368     34.27      2088   1031852    453148     11.49    180324   1070952     13388
22:17:50      2607896   1335404     33.87      2088   1034532    430432     10.92    180324   1052700     16068
22:17:51      2608400   1334900     33.85      2088   1034544    430712     10.92    180324   1053396     16080
22:17:52      2597440   1345860     34.13      2088   1034548    439416     11.14    180324   1061960     13484
22:17:53      2601152   1342148     34.04      2088   1034552    438164     11.11    180324   1060496     13416
22:17:54      2582004   1361296     34.52      2088   1034568    459428     11.65    180324   1079384     13444
22:17:55      2589748   1353552     34.33      2088   1034572    449740     11.41    180324   1071428     13448
22:17:56      2600620   1342680     34.05      2088   1037248    435496     11.04    180324   1059848     16124
22:17:57      2601324   1341976     34.03      2088   1037252    434576     11.02    180324   1059316     13528
22:17:58      2600872   1342428     34.04      2088   1037264    434704     11.02    180324   1059452     13476
22:17:59      2599264   1344036     34.08      2088   1037264    438132     11.11    180324   1062808     13476
22:18:00      2592748   1350552     34.25      2088   1037268    444376     11.27    180324   1068732     13480
22:18:01      2590524   1352776     34.31      2088   1037284    448004     11.36    180324   1070652     13496
22:18:02      2583972   1359328     34.47      2088   1037284    455320     11.55    180324   1078100     10832
22:18:03      2581636   1361664     34.53      2088   1037284    456764     11.58    180324   1079588     10832
22:18:04      2596052   1347248     34.17      2088   1039960    437108     11.08    180324   1064292     13508
22:18:05      2595800   1347500     34.17      2088   1039964    437412     11.09    180324   1065132     13512
22:18:06      2594540   1348760     34.20      2088   1039976    437540     11.10    180324   1065640     13524
22:18:07      2589964   1353336     34.32      2088   1039980    445268     11.29    180324   1071704     13528
22:18:08      2587200   1356100     34.39      2088   1039996    448072     11.36    180324   1073756     13544
22:18:09      2579364   1363936     34.59      2088   1040000    453936     11.51    180324   1079624     13548
22:18:10      2573332   1369968     34.74      2088   1040000    460984     11.69    180324   1086748     13548
22:18:11      2589540   1353760     34.33      2088   1042676    440604     11.17    180324   1070684     16224
22:18:12      2589320   1353980     34.34      2088   1042692    440924     11.18    180324   1071252     16240
22:18:13      2577036   1366264     34.65      2088   1042696    453448     11.50    180324   1084064     13356
22:18:14      2581256   1362044     34.54      2088   1042712    453060     11.49    180324   1081496     13372
22:18:15      2568768   1374532     34.86      2088   1042712    461876     11.71    180324   1090324     13372
22:18:16      2567088   1376212     34.90      2088   1042712    464976     11.79    180324   1093248     13372
22:18:17      2584056   1359244     34.47      2088   1045348    443648     11.25    180324   1076664     16008
22:18:18      2584264   1359036     34.46      2088   1045400    443352     11.24    180324   1077104     13396
22:18:19      2581792   1361508     34.53      2088   1045408    447212     11.34    180324   1080856     13404
22:18:20      2572964   1370336     34.75      2088   1045424    457252     11.60    180324   1088000     13420
22:18:21      2569360   1373940     34.84      2088   1045428    463480     11.75    180324   1091588     13424
22:18:22      2564616   1378684     34.96      2088   1045428    464080     11.77    180324   1097856     13424
22:18:23      2579036   1364264     34.60      2088   1048104    445452     11.30    180324   1082284     13420
22:18:24      2577660   1365640     34.63      2088   1048116    445912     11.31    180324   1083208     13440
22:18:25      2575508   1367792     34.69      2088   1048124    449788     11.41    180324   1086868     13448
22:18:26      2568012   1375288     34.88      2088   1048128    459288     11.65    180324   1093564     13452
22:18:27      2562908   1380392     35.01      2088   1048140    463788     11.76    180324   1097820     13464
22:18:28      2483668   1459632     37.02      2088   1050752    538048     13.64    180324   1176684     13376
22:18:29      2572444   1370856     34.76      2088   1050816    449444     11.40    180324   1088520     13572
22:18:30      2571972   1371328     34.78      2088   1050828    450084     11.41    180324   1089372     13584
22:18:31      2569104   1374196     34.85      2088   1050832    453600     11.50    180324   1092584     13588
22:18:32      2564096   1379204     34.98      2088   1050844    457176     11.59    180324   1096624     13600
22:18:33      2552820   1390480     35.26      2088   1050856    471196     11.95    180324   1107788     13612
22:18:34      2553544   1389756     35.24      2088   1050860    469772     11.91    180324   1107804     13616
22:18:35      2565356   1377944     34.94      2088   1053536    453960     11.51    180324   1094952     16292
22:18:36      2562136   1381164     35.03      2088   1053552    457448     11.60    180324   1098812     16308
22:18:37      2550272   1393028     35.33      2088   1053556    468904     11.89    180324   1109964     16312
22:18:38      2556332   1386968     35.17      2088   1053572    466852     11.84    180324   1106148     13664
22:18:39      2541572   1401728     35.55      2088   1053572    479624     12.16    180324   1118828     13664
22:18:40      2461788   1481512     37.57      2088   1056180    554204     14.05    180324   1198284     16272
22:18:41      2560592   1382708     35.06      2088   1056260    456024     11.56    180324   1100388     16352
22:18:42      2551960   1391340     35.28      2088   1056268    464868     11.79    180324   1109004     16360
22:18:43      2546208   1397092     35.43      2088   1056268    471700     11.96    180324   1115048     13448
22:18:44      2548228   1395072     35.38      2088   1056284    471384     11.95    180324   1113224     13468
22:18:45      2539596   1403704     35.60      2088   1056284    475644     12.06    180324   1120492     13468
22:18:46      2553608   1389692     35.24      2088   1058964    459464     11.65    180324   1106764     16148
22:18:47      2550992   1392308     35.31      2088   1058980    463156     11.75    180324   1110732     16164
22:18:48      2546172   1397128     35.43      2088   1058980    466460     11.83    180324   1113992     16164
22:18:49      2553460   1389840     35.25      2088   1058996    461800     11.71    180324   1109000     13516
22:18:50      2535352   1407948     35.70      2088   1058996    478008     12.12    180324   1123480     13516
22:18:51      2535620   1407680     35.70      2088   1059000    481252     12.20    180324   1126368     13520
22:18:52      2544152   1399148     35.48      2088   1061612    466984     11.84    180324   1116408     16132
22:18:53      2547544   1395756     35.40      2088   1061676    463652     11.76    180324   1113472     16196
22:18:54      2545684   1397616     35.44      2088   1061692    465916     11.82    180324   1115744     13536
22:18:55      2527288   1416012     35.91      2088   1061696    485584     12.31    180324   1134560     13548
22:18:56      2539816   1403484     35.59      2088   1061696    472000     11.97    180324   1121200     13548
22:18:57      2523764   1419536     36.00      2088   1061712    489476     12.41    180324   1136620     13564
22:18:58      2515248   1428052     36.21      2088   1061712    497488     12.62    180324   1146076     13564
22:18:59      2540448   1402852     35.58      2088   1064392    468172     11.87    180324   1120188     13472
22:19:00      2535660   1407640     35.70      2088   1064408    472548     11.98    180324   1124660     13488
22:19:01      2525076   1418224     35.97      2088   1064412    484572     12.29    180324   1136424     13492
22:19:02      2525328   1417972     35.96      2088   1064428    485932     12.32    180324   1135884     13508
22:19:03      2524408   1418892     35.98      2088   1064428    488456     12.39    180324   1138488     13508
22:19:04      2521776   1421524     36.05      2088   1064432    485468     12.31    180324   1137564     13512
22:19:05      2530856   1412444     35.82      2088   1067108    475516     12.06    180324   1130516     16188
22:19:06      2533272   1410028     35.76      2088   1067120    471472     11.96    180324   1126744     16200
22:19:07      2532368   1410932     35.78      2088   1067124    474020     12.02    180324   1129436     16204
22:19:08      2523280   1420020     36.01      2088   1067132    482336     12.23    180324   1136840     16212
22:19:09      2527536   1415764     35.90      2088   1067144    480444     12.18    180324   1133792     13624
22:19:10      2452444   1490856     37.81      2088   1067148    554444     14.06    180324   1208596     13564
22:19:11      2527784   1415516     35.90      2088   1069824    475124     12.05    180324   1132420     16240
22:19:12      2528192   1415108     35.89      2088   1069828    474492     12.03    180324   1132216     16244
22:19:13      2528984   1414316     35.87      2088   1069840    474008     12.02    180324   1132260     16256
22:19:14      2525704   1417596     35.95      2088   1069840    477296     12.10    180324   1135412     13340
22:19:15      2514176   1429124     36.24      2088   1069844    489380     12.41    180324   1146640     13356
22:19:16      2520452   1422848     36.08      2088   1069860    485760     12.32    180324   1141388     13372
22:19:17      2497088   1446212     36.68      2088   1069860    507744     12.88    180324   1163588     13372
22:19:18      2466768   1476532     37.44      2088   1072468    532796     13.51    180324   1192888     15980
22:19:19      2522524   1420776     36.03      2088   1072548    477632     12.11    180324   1138348     13396
22:19:20      2519832   1423468     36.10      2088   1072552    480652     12.19    180324   1141440     13400
22:19:21      2510176   1433124     36.34      2088   1072572    492400     12.49    180324   1150628     13420
22:19:22      2497576   1445724     36.66      2088   1072572    505340     12.82    180324   1163668     13420
22:19:23      2512612   1430688     36.28      2088   1075176    484752     12.29    180324   1147980     16024
22:19:24      2517192   1426108     36.17      2088   1075252    480252     12.18    180324   1143320     13436
22:19:25      2516216   1427084     36.19      2088   1075268    480556     12.19    180324   1144364     13452
22:19:26      2498264   1445036     36.65      2088   1075268    499684     12.67    180324   1162444     13452
22:19:27      2505632   1437668     36.46      2088   1075276    494360     12.54    180324   1155328     13460
22:19:28      2494292   1449008     36.75      2088   1075288    506300     12.84    180324   1167048     13472
22:19:29      2498020   1445280     36.65      2088   1075288    497848     12.63    180324   1160376     10796
22:19:30      2509412   1433888     36.36      2088   1077968    484868     12.30    180324   1150860     13484
22:19:31      2510368   1432932     36.34      2088   1077976    483592     12.26    180324   1149844     13492
22:19:32      2508624   1434676     36.38      2088   1077980    486848     12.35    180324   1152716     13496
22:19:33      2497060   1446240     36.68      2088   1077988    497808     12.62    180324   1163076     13504
22:19:34      2502200   1441100     36.55      2088   1078000    495560     12.57    180324   1160184     13516
22:19:35      2493252   1450048     36.77      2088   1078004    504960     12.81    180324   1168924     13520
22:19:36      2465432   1477868     37.48      2088   1080680    526548     13.35    180324   1195036     16196
22:19:37      2505356   1437944     36.47      2088   1080680    486452     12.34    180324   1155160     16196
22:19:38      2505372   1437928     36.47      2088   1080692    486004     12.32    180324   1154920     16208
22:19:39      2502348   1440952     36.54      2088   1080696    489660     12.42    180324   1158480     16212
22:19:40      2492000   1451300     36.80      2088   1080704    500604     12.70    180324   1168972     13556
22:19:41      2496300   1447000     36.70      2088   1080716    499144     12.66    180324   1165708     13568
22:19:42      2491444   1451856     36.82      2088   1080716    501024     12.71    180324   1170108     13568
22:19:43      2497804   1445496     36.66      2088   1083396    490012     12.43    180324   1162088     16248
22:19:44      2498508   1444792     36.64      2088   1083408    489640     12.42    180324   1161988     16260
22:19:45      2496512   1446788     36.69      2088   1083416    492656     12.49    180324   1164908     13340
22:19:46      2483628   1459672     37.02      2088   1083416    507844     12.88    180324   1178136     13340
22:19:47      2487220   1456080     36.93      2088   1083432    504832     12.80    180324   1173640     13360
22:19:48      2478384   1464916     37.15      2088   1083436    513748     13.03    180324   1183688     13364
22:19:49      2433188   1510112     38.30      2088   1086044    552828     14.02    180324   1226964     15972
22:19:50      2492488   1450812     36.79      2088   1086128    493360     12.51    180324   1167892     13392
22:19:51      2492488   1450812     36.79      2088   1086128    493360     12.51    180324   1167912     13392
22:19:52      2484928   1458372     36.98      2088   1086136    501588     12.72    180324   1175572     13400
22:19:53      2482660   1460640     37.04      2088   1086152    506752     12.85    180324   1179448     13416
22:19:54      2472200   1471100     37.31      2088   1086152    514920     13.06    180324   1187868     13416
22:19:55      2420164   1523136     38.63      2088   1086152    567300     14.39    180324   1241896     10816
22:19:56      2487384   1455916     36.92      2088   1088828    495576     12.57    180324   1172932     13428
22:19:57      2487432   1455868     36.92      2088   1088840    495724     12.57    180324   1173208     13440
22:19:58      2486928   1456372     36.93      2088   1088844    495980     12.58    180324   1173604     13444
22:19:59      2479652   1463648     37.12      2088   1088848    503728     12.77    180324   1180972     13448
22:20:00      2474068   1469232     37.26      2088   1088852    509928     12.93    180324   1185900     10768
22:20:01      2473808   1469492     37.27      2088   1088908    513792     13.03    180464   1187856     11028
22:20:02      2459816   1483484     37.62      2088   1088908    525712     13.33    180464   1199624     11028
22:20:03      2461420   1481880     37.58      2088   1088908    525752     13.33    180464   1199688     11036
22:20:04      2394420   1548880     39.28      2088   1088912    592552     15.03    180464   1267908     11040
22:20:05      2481844   1461456     37.06      2088   1091592    500944     12.70    180464   1179724     13720
22:20:06      2478416   1464884     37.15      2088   1091608    504008     12.78    180464   1183060     13736
22:20:07      2464712   1478588     37.50      2088   1091612    517640     13.13    180464   1196816     13740
22:20:08      2471020   1472280     37.34      2088   1091624    513860     13.03    180464   1191300     13752
22:20:09      2456656   1486644     37.70      2088   1091624    527628     13.38    180464   1204208     13752
22:20:10      2474988   1468312     37.24      2088   1094236    503972     12.78    180464   1185280     13864
22:20:11      2474548   1468752     37.25      2088   1094308    504276     12.79    180464   1186056     13772
22:20:12      2474800   1468500     37.24      2088   1094320    504024     12.78    180464   1185892     13784
22:20:13      2472028   1471272     37.31      2088   1094320    507424     12.87    180464   1189332     13784
22:20:14      2456656   1486644     37.70      2088   1094324    523336     13.27    180464   1204720     13788
22:20:15      2462652   1480648     37.55      2088   1094340    517960     13.14    180464   1197716     13804
22:20:16      2452876   1490424     37.80      2088   1094340    527708     13.38    180464   1207884     10920
22:20:17      2413052   1530248     38.81      2088   1097016    563340     14.29    180464   1247808     13596
22:20:18      2468808   1474492     37.39      2088   1097020    506336     12.84    180464   1191248     13600
22:20:19      2466476   1476824     37.45      2088   1097040    509976     12.93    180464   1195000     13620
22:20:20      2453348   1489952     37.78      2088   1097044    521888     13.23    180464   1206412     13624
22:20:21      2457916   1485384     37.67      2088   1097064    521068     13.21    180464   1203724     10976
22:20:22      2449800   1493500     37.87      2088   1097064    525620     13.33    180464   1209956     10976
22:20:23      2462900   1480400     37.54      2088   1099744    510208     12.94    180464   1197056     13656
22:20:24      2462396   1480904     37.55      2088   1099756    510452     12.94    180464   1197860     13668
22:20:25      2462396   1480904     37.55      2088   1099756    510580     12.95    180464   1198052     13668
22:20:26      2456428   1486872     37.71      2088   1099760    517320     13.12    180464   1204384     11072
22:20:27      2453640   1489660     37.78      2088   1099776    523268     13.27    180464   1208592     11024
22:20:28      2444012   1499288     38.02      2088   1099776    532316     13.50    180464   1216892     11024
22:20:29      2395368   1547932     39.25      2088   1102452    574244     14.56    180464   1264244     13700
22:20:30      2456664   1486636     37.70      2088   1102456    513160     13.01    180464   1203328     13704
22:20:31      2456616   1486684     37.70      2088   1102464    513244     13.02    180464   1203796     13704
22:20:32      2444532   1498768     38.01      2088   1102476    526084     13.34    180464   1215864     13724
22:20:33      2446080   1497220     37.97      2088   1102492    527700     13.38    180464   1215688     13740
22:20:34      2436236   1507064     38.22      2088   1102492    537056     13.62    180464   1225676     13740
22:20:35      2402648   1540652     39.07      2088   1105108    564060     14.30    180464   1257108     16456
22:20:36      2450592   1492708     37.85      2088   1105176    516100     13.09    180464   1209432     13508
22:20:37      2450592   1492708     37.85      2088   1105188    516072     13.09    180464   1209576     13520
22:20:38      2450592   1492708     37.85      2088   1105188    516200     13.09    180464   1209780     13520
22:20:39      2436124   1507176     38.22      2088   1105192    531160     13.47    180464   1224060     13524
22:20:40      2442024   1501276     38.07      2088   1105208    528584     13.40    180464   1219692     13540
22:20:41      2430668   1512632     38.36      2088   1105208    538940     13.67    180464   1231100     10876
22:20:42      2445616   1497684     37.98      2088   1107820    518144     13.14    180464   1214644     13488
22:20:43      2445024   1498276     38.00      2088   1107900    518160     13.14    180464   1214936     13568
22:20:44      2444772   1498528     38.00      2088   1107904    518512     13.15    180464   1215416     13572
22:20:45      2440500   1502800     38.11      2088   1107908    523476     13.28    180464   1220312     13576
22:20:46      2434252   1509048     38.27      2088   1107924    531820     13.49    180464   1225496     13396
22:20:47      2431884   1511416     38.33      2088   1107924    532868     13.51    180464   1226816     13344
22:20:48      2422848   1520452     38.56      2088   1107924    545364     13.83    180464   1238792     13344
22:20:49      2331096   1612204     40.88      2088   1110536    631812     16.02    180464   1329476     15956
22:20:50      2438204   1505096     38.17      2088   1110608    523640     13.28    180464   1221980     16028
22:20:51      2437952   1505348     38.17      2088   1110620    523468     13.27    180464   1222016     13440
22:20:52      2426820   1516480     38.46      2088   1110624    534368     13.55    180464   1232840     13388
22:20:53      2421888   1521412     38.58      2088   1110628    541880     13.74    180464   1239984     13392
22:20:54      2416280   1527020     38.72      2088   1110640    547476     13.88    180464   1243488     13404
22:20:55      2412284   1531016     38.83      2088   1110644    551356     13.98    180464   1246996     13408
22:20:56      2414428   1528872     38.77      2088   1110644    549344     13.93    180464   1246632     10808
22:20:57      2302848   1640452     41.60      2088   1110644    660532     16.75    180464   1358000     10744
22:20:58      2429516   1513784     38.39      2088   1113332    529824     13.44    180464   1230528     13432
22:20:59      2424956   1518344     38.50      2088   1113344    533340     13.53    180464   1234388     13444
22:21:00      2421960   1521340     38.58      2088   1113348    537248     13.62    180464   1238668     13448
22:21:01      2414224   1529076     38.78      2088   1113360    546584     13.86    180464   1246356     13460
22:21:02      2408176   1535124     38.93      2088   1113364    553724     14.04    180464   1253184     10780
22:21:03      2425296   1518004     38.50      2088   1115976    530972     13.47    180464   1234792     13400
22:21:04      2425808   1517492     38.48      2088   1116052    530108     13.44    180464   1234248     13476
22:21:05      2425556   1517744     38.49      2088   1116056    529732     13.43    180464   1234080     13480
22:21:06      2424296   1519004     38.52      2088   1116060    532940     13.52    180464   1237192     13484
22:21:07      2415476   1527824     38.74      2088   1116076    544136     13.80    180464   1246144     10836
22:21:08      2413460   1529840     38.80      2088   1116076    545116     13.82    180464   1247024     10840
22:21:09      2405144   1538156     39.01      2088   1116076    551684     13.99    180464   1255696     10840
22:21:10      2421428   1521872     38.59      2088   1118756    532300     13.50    180464   1239160     13520
22:21:11      2421516   1521784     38.59      2088   1118764    532304     13.50    180464   1239176     13528
22:21:12      2420760   1522540     38.61      2088   1118768    532624     13.51    180464   1239524     13532
22:21:13      2417484   1525816     38.69      2088   1118772    536312     13.60    180464   1243316     13536
22:21:14      2412672   1530628     38.82      2088   1118776    537280     13.63    180464   1243504     13540
22:21:15      2404816   1538484     39.02      2088   1118792    549388     13.93    180464   1253888     13556
22:21:16      2404308   1538992     39.03      2088   1118792    549504     13.94    180464   1256444     13556
22:21:17      2414296   1529004     38.77      2088   1121468    535720     13.59    180464   1245580     13348
22:21:18      2414452   1528848     38.77      2088   1121480    535248     13.57    180464   1245244     13360
22:21:19      2414200   1529100     38.78      2088   1121484    535312     13.58    180464   1245196     13364
22:21:20      2413128   1530172     38.80      2088   1121484    538708     13.66    180464   1248744     13364
22:21:21      2405884   1537416     38.99      2088   1121504    548832     13.92    180464   1255704     13384
22:21:22      2397380   1545920     39.20      2088   1121504    555296     14.08    180464   1262708     10708
22:21:23      2305620   1637680     41.53      2088   1121504    647160     16.41    180464   1356080     10708
22:21:24      2408712   1534588     38.92      2088   1124188    538660     13.66    180464   1250956     13392
22:21:25      2408460   1534840     38.92      2088   1124200    538964     13.67    180464   1251356     13404
22:21:26      2408460   1534840     38.92      2088   1124200    539076     13.67    180464   1251632     13404
22:21:27      2390820   1552480     39.37      2088   1124204    557680     14.14    180464   1269472     13408
22:21:28      2397068   1546232     39.21      2088   1124220    553776     14.04    180464   1263716     13424
22:21:29      2385520   1557780     39.50      2088   1124220    564712     14.32    180464   1275412     13424
22:21:30      2273604   1669696     42.34      2088   1126824    670636     17.01    180464   1385648     16028
22:21:31      2402144   1541156     39.08      2088   1126904    542768     13.76    180464   1258376     16108
22:21:32      2401136   1542164     39.11      2088   1126916    542788     13.76    180464   1258628     13520
22:21:33      2399624   1543676     39.15      2088   1126924    545800     13.84    180464   1261672     13464
22:21:34      2393308   1549992     39.31      2088   1126940    555108     14.08    180464   1268188     13480
22:21:35      2377920   1565380     39.70      2088   1126944    569264     14.44    180464   1282336     13484
22:21:36      2367572   1575728     39.96      2088   1129620    575756     14.60    180464   1293008     16164
22:21:37      2396324   1546976     39.23      2088   1129624    545804     13.84    180464   1263268     13568
22:21:38      2396268   1547032     39.23      2088   1129624    546256     13.85    180464   1263868     13568
22:21:39      2396048   1547252     39.24      2088   1129640    546384     13.86    180464   1264036     13512
22:21:40      2388316   1554984     39.43      2088   1129640    554872     14.07    180464   1272076     13512
22:21:41      2387480   1555820     39.45      2088   1129660    558520     14.16    180464   1274232     13536
22:21:42      2376644   1566656     39.73      2088   1129660    568328     14.41    180464   1283744     13536
22:21:43      2247532   1695768     43.00      2088   1132268    690652     17.51    180464   1410752     13472
22:21:44      2388828   1554472     39.42      2088   1132336    550280     13.95    180464   1270672     13540
22:21:45      2389436   1553864     39.41      2088   1132340    550040     13.95    180464   1270520     13544
22:21:46      2389488   1553812     39.40      2088   1132352    550040     13.95    180464   1270480     13556
22:21:47      2375528   1567772     39.76      2088   1132356    565008     14.33    180464   1284872     13560
22:21:48      2379156   1564144     39.67      2088   1132372    563096     14.28    180464   1280964     10688
22:21:49      2370472   1572828     39.89      2088   1132372    571628     14.50    180464   1291080     10688
22:21:50      2362768   1580532     40.08      2088   1135048    575612     14.60    180464   1298256     13364
22:21:51      2382928   1560372     39.57      2088   1135056    553888     14.05    180464   1276824     13372
22:21:52      2382928   1560372     39.57      2088   1135068    553620     14.04    180464   1276712     13384
22:21:53      2372416   1570884     39.84      2088   1135072    565800     14.35    180464   1288008     13388
22:21:54      2372360   1570940     39.84      2088   1135080    566636     14.37    180464   1287268     13396
22:21:55      2359056   1584244     40.18      2088   1135088    580176     14.71    180464   1300844     13404
22:21:56      2377072   1566228     39.72      2088   1137704    557100     14.13    180464   1282444     16020
22:21:57      2377180   1566120     39.72      2088   1137780    556860     14.12    180464   1282724     16100
22:21:58      2376676   1566624     39.73      2088   1137780    556988     14.12    180464   1282972     13436
22:21:59      2375824   1567476     39.75      2088   1137784    558788     14.17    180464   1284788     13440
22:22:00      2366596   1576704     39.98      2088   1137800    570860     14.48    180464   1293568     13456
22:22:01      2363772   1579528     40.06      2088   1137804    571576     14.49    180464   1296104     13460
22:22:02      2356256   1587044     40.25      2088   1137812    578896     14.68    180464   1303200     13468
22:22:03      2254944   1688356     42.82      2088   1140480    677440     17.18    180464   1405664     13472
22:22:04      2372596   1570704     39.83      2088   1140480    558680     14.17    180464   1287300     13472
22:22:05      2372376   1570924     39.84      2088   1140484    558948     14.17    180464   1287912     13476
22:22:06      2371872   1571428     39.85      2088   1140496    559100     14.18    180464   1288048     13488
22:22:07      2363504   1579796     40.06      2088   1140504    568780     14.42    180464   1297236     13496
22:22:08      2367840   1575460     39.95      2088   1140516    566888     14.38    180464   1293632     10840
22:22:09      2308108   1635192     41.47      2088   1140520    624944     15.85    180464   1352504     10844
22:22:10      2366164   1577136     40.00      2088   1143188    562820     14.27    180464   1293748     13512
22:22:11      2366068   1577232     40.00      2088   1143196    562868     14.27    180464   1294380     13520
22:22:12      2366016   1577284     40.00      2088   1143204    562972     14.28    180464   1294420     13532
22:22:13      2349264   1594036     40.42      2088   1143212    578784     14.68    180464   1309832     13536
22:22:14      2354824   1588476     40.28      2088   1143220    576552     14.62    180464   1305684     13544
22:22:15      2338780   1604520     40.69      2088   1143228    589376     14.95    180464   1320932     13552
22:22:16      2276212   1667088     42.28      2088   1145840    648932     16.46    180464   1383100     16164
22:22:17      2360580   1582720     40.14      2088   1145908    564968     14.33    180464   1299384     16232
22:22:18      2360012   1583288     40.15      2088   1145920    564892     14.33    180464   1299624     13344
22:22:19      2359760   1583540     40.16      2088   1145924    565116     14.33    180464   1299708     13344
22:22:20      2343600   1599700     40.57      2088   1145924    582552     14.77    180464   1316540     13344
22:22:21      2347664   1595636     40.46      2088   1145944    580300     14.72    180464   1312708     13364
22:22:22      2338584   1604716     40.69      2088   1145944    589376     14.95    180464   1322356     13364
22:22:23      2345076   1598224     40.53      2088   1145944    580432     14.72    180464   1315096     13364
22:22:24      2354044   1589256     40.30      2088   1148624    568040     14.41    180464   1305408     13380
22:22:25      2353696   1589604     40.31      2088   1148640    568364     14.41    180464   1306036     13396
22:22:26      2345208   1598092     40.53      2088   1148644    576656     14.62    180464   1313972     13400
22:22:27      2343144   1600156     40.58      2088   1148660    583052     14.79    180464   1317224     13416
22:22:28      2331520   1611780     40.87      2088   1148660    595124     15.09    180464   1329308     13416
22:22:29      2204644   1738656     44.09      2088   1151272    715328     18.14    180464   1454444     13368
22:22:30      2348428   1594872     40.45      2088   1151344    572004     14.51    180464   1311520     13440
22:22:31      2347640   1595660     40.47      2088   1151360    572072     14.51    180464   1311872     13456
22:22:32      2347640   1595660     40.47      2088   1151360    571928     14.50    180464   1311772     13456
22:22:33      2344112   1599188     40.55      2088   1151364    576852     14.63    180464   1316508     13460
22:22:34      2338004   1605296     40.71      2088   1151368    582744     14.78    180464   1322324     10800
22:22:35      2338820   1604480     40.69      2088   1151380    585128     14.84    180464   1322908     10812
22:22:36      2327452   1615848     40.98      2088   1151380    594784     15.08    180464   1331968     10812
22:22:37      2281860   1661440     42.13      2088   1154056    637716     16.17    180464   1378768     13488
22:22:38      2342340   1600960     40.60      2088   1154060    576276     14.61    180464   1317616     13492
22:22:39      2341836   1601464     40.61      2088   1154072    576308     14.61    180464   1317980     13492
22:22:40      2338812   1604488     40.69      2088   1154076    580108     14.71    180464   1321876     13500
22:22:41      2333708   1609592     40.82      2088   1154080    584692     14.83    180464   1325788     13508
22:22:42      2324648   1618652     41.05      2088   1154092    595824     15.11    180464   1335508     13520
22:22:43      2325448   1617852     41.03      2088   1154096    592476     15.02    180464   1334220     13632
22:22:44      2336788   1606512     40.74      2088   1156772    578520     14.67    180464   1322884     13640
22:22:45      2336284   1607016     40.75      2088   1156784    578796     14.68    180464   1323548     13652
22:22:46      2335780   1607520     40.77      2088   1156788    579084     14.69    180464   1324064     13656
22:22:47      2333260   1610040     40.83      2088   1156792    582736     14.78    180464   1327660     13660
22:22:48      2327716   1615584     40.97      2088   1156796    587116     14.89    180464   1331344     13664
22:22:49      2313884   1629416     41.32      2088   1156812    603020     15.29    180464   1345040     10880
22:22:50      2319132   1624168     41.19      2088   1156812    597732     15.16    180464   1341204     10796
22:22:51      2330724   1612576     40.89      2088   1159488    582692     14.78    180464   1328924     13472
22:22:52      2330172   1613128     40.91      2088   1159492    583000     14.78    180464   1329580     13476
22:22:53      2330220   1613080     40.91      2088   1159508    583000     14.78    180464   1329544     13492
22:22:54      2327700   1615600     40.97      2088   1159508    586944     14.88    180464   1333416     10828
22:22:55      2319076   1624224     41.19      2088   1159512    592664     15.03    180464   1340112     10832
22:22:56      2317932   1625368     41.22      2088   1159528    595972     15.11    180464   1341292     10848
22:22:57      2315272   1628028     41.29      2088   1159528    597384     15.15    180464   1344900     10848
22:22:58      2252832   1690468     42.87      2088   1162200    658044     16.69    180464   1407472     13520
22:22:59      2324652   1618648     41.05      2088   1162204    585008     14.84    180464   1335128     13512
22:23:00      2324652   1618648     41.05      2088   1162216    584980     14.83    180464   1335092     13524
22:23:01      2321628   1621672     41.12      2088   1162224    588988     14.94    180464   1339180     13540
22:23:02      2317292   1626008     41.23      2088   1162224    592292     15.02    180464   1342316     13540
22:23:03      2315108   1628192     41.29      2088   1162240    597700     15.16    180464   1345664     13556
22:23:04      2309020   1634280     41.44      2088   1162240    604152     15.32    180464   1351848     10956
22:23:05      2203432   1739868     44.12      2088   1162252    707072     17.93    180464   1456876     10904
22:23:06      2319344   1623956     41.18      2088   1164916    587252     14.89    180464   1340352     13568
22:23:07      2318684   1624616     41.20      2088   1164920    587524     14.90    180464   1340692     13572
22:23:08      2318588   1624712     41.20      2088   1164932    587656     14.90    180464   1341140     13584
22:23:09      2310272   1633028     41.41      2088   1164936    597212     15.14    180464   1349924     13588
22:23:10      2300888   1642412     41.65      2088   1164936    606376     15.38    180464   1358356     10916
22:23:11      2296348   1646952     41.77      2088   1164952    612320     15.53    180464   1363232     10936
22:23:12      2298476   1644824     41.71      2088   1164952    612316     15.53    180464   1363020     10936
22:23:13      2294444   1648856     41.81      2088   1164952    616084     15.62    180464   1366980     10936
22:23:14      2286296   1657004     42.02      2088   1167628    617816     15.67    180464   1373268     13612
22:23:15      2310588   1632712     41.40      2088   1167640    593512     15.05    180464   1349268     10848
22:23:16      2295392   1647908     41.79      2088   1167640    609612     15.46    180464   1364968     10848
22:23:17      2300600   1642700     41.66      2088   1167660    607096     15.40    180464   1360104     10872
22:23:18      2288336   1654964     41.97      2088   1167672    617272     15.65    180464   1371416     10884
22:23:19      2269992   1673308     42.43      2088   1167672    633600     16.07    180464   1389380     10884
22:23:20      2305108   1638192     41.54      2088   1170352    595556     15.10    180464   1354580     13352
22:23:21      2305464   1637836     41.53      2088   1170364    594948     15.09    180464   1354088     13364
22:23:22      2305768   1637532     41.53      2088   1170368    594820     15.08    180464   1353840     13368
22:23:23      2302740   1640560     41.60      2088   1170368    599968     15.21    180464   1358068     13368
22:23:24      2296444   1646856     41.76      2088   1170388    609020     15.44    180464   1364884     13388
22:23:25      2282324   1660976     42.12      2088   1170392    621132     15.75    180464   1377480     10728
22:23:26      2289096   1654204     41.95      2088   1173064    609184     15.45    180464   1370336     13400
22:23:27      2300240   1643060     41.67      2088   1173072    598288     15.17    180464   1359488     13408
22:23:28      2297940   1645360     41.73      2088   1173084    602196     15.27    180464   1363824     13420
22:23:29      2287608   1655692     41.99      2088   1173104    614776     15.59    180464   1372884     13440
22:23:30      2287172   1656128     42.00      2088   1173104    614780     15.59    180464   1372884     10840
22:23:31      2283056   1660244     42.10      2088   1173104    616412     15.63    180464   1377172     10776
22:23:32      2165336   1777964     45.09      2088   1175716    730144     18.52    180464   1493436     13388
22:23:33      2293900   1649400     41.83      2088   1175792    601328     15.25    180464   1365416     13464
22:23:34      2293900   1649400     41.83      2088   1175796    601648     15.26    180464   1365772     13468
22:23:35      2293648   1649652     41.83      2088   1175796    601352     15.25    180464   1365972     13468
22:23:36      2278928   1664372     42.21      2088   1175800    616764     15.64    180464   1380876     13464
22:23:37      2281904   1661396     42.13      2088   1175804    614504     15.58    180464   1378144     13468
22:23:38      2275660   1667640     42.29      2088   1175816    623992     15.82    180464   1385940     13480
22:23:39      2272156   1671144     42.38      2088   1175820    626440     15.89    180468   1388860     13484
22:23:40      2197620   1745680     44.27      2088   1178492    695484     17.64    180468   1462436     13556
22:23:41      2281132   1662168     42.15      2088   1178496    611436     15.51    180468   1378620     13496
22:23:42      2285828   1657472     42.03      2088   1178512    606148     15.37    180468   1373448     13512
22:23:43      2285544   1657756     42.04      2088   1178512    608308     15.43    180468   1375644     13512
22:23:44      2276492   1666808     42.27      2088   1178516    616968     15.65    180468   1382680     13516
22:23:45      2268188   1675112     42.48      2088   1178532    628396     15.94    180468   1392492     10932
22:23:46      2254580   1688720     42.83      2088   1178532    640984     16.26    180468   1406700     10864
22:23:47      2280464   1662836     42.17      2088   1181208    609568     15.46    180468   1378924     13540
22:23:48      2280444   1662856     42.17      2088   1181212    609012     15.44    180468   1378848     13544
22:23:49      2280780   1662520     42.16      2088   1181224    609012     15.44    180468   1378752     13560
22:23:50      2278260   1665040     42.22      2088   1181228    612236     15.53    180468   1381832     13564
22:23:51      2265904   1677396     42.54      2088   1181232    625844     15.87    180468   1394196     10680
22:23:52      2272212   1671088     42.38      2088   1181244    622164     15.78    180468   1388756     10692
22:23:53      2262128   1681172     42.63      2088   1181248    629736     15.97    180468   1398288     10696
22:23:54      2141920   1801380     45.68      2088   1183856    747652     18.96    180468   1518424     13304
22:23:55      2275428   1667872     42.30      2088   1183924    612808     15.54    180468   1384264     13372
22:23:56      2274976   1668324     42.31      2088   1183940    613052     15.55    180468   1384772     13388
22:23:57      2274976   1668324     42.31      2088   1183940    613052     15.55    180468   1384772     13388
22:23:58      2256264   1687036     42.78      2088   1183944    632476     16.04    180468   1403644     13392
22:23:59      2265612   1677688     42.55      2088   1183960    626276     15.88    180468   1395696     13408
22:24:00      2245884   1697416     43.05      2088   1183960    643052     16.31    180468   1413228     13408
22:24:01      2251296   1692004     42.91      2088   1183964    640168     16.23    180468   1410072     10748
22:24:02      2109892   1833408     46.49      2088   1183968    778724     19.75    180468   1550384     10752
22:24:03      2267680   1675620     42.49      2088   1186644    616908     15.64    180468   1391580     13428
22:24:04      2268144   1675156     42.48      2088   1186648    616444     15.63    180468   1391396     13432
22:24:05      2266448   1676852     42.52      2088   1186664    619460     15.71    180468   1394352     13448
22:24:06      2255728   1687572     42.80      2088   1186664    630720     15.99    180468   1404632     10788
22:24:07      2257004   1686296     42.76      2088   1186680    630140     15.98    180468   1402272     10804
22:24:08      2252272   1691028     42.88      2088   1186684    636500     16.14    180468   1408924     10808
22:24:09      2232244   1711056     43.39      2088   1189292    649896     16.48    180468   1426900     13416
22:24:10      2263824   1679476     42.59      2088   1189364    618780     15.69    180468   1395916     13488
22:24:11      2263824   1679476     42.59      2088   1189368    618360     15.68    180468   1395612     10828
22:24:12      2263604   1679696     42.60      2088   1189376    618616     15.69    180468   1396008     10836
22:24:13      2256800   1686500     42.77      2088   1189384    626304     15.88    180468   1403372     10844
22:24:14      2255784   1687516     42.79      2088   1189396    629104     15.95    180468   1404124     10856
22:24:15      2243128   1700172     43.12      2088   1189400    641852     16.28    180468   1417408     10860
22:24:16      2150128   1793172     45.47      2088   1192008    729852     18.51    180468   1508792     13468
22:24:17      2257468   1685832     42.75      2088   1192076    621720     15.77    180468   1401920     13524
22:24:18      2257280   1686020     42.76      2088   1192088    621736     15.77    180468   1402208     13536
22:24:19      2256776   1686524     42.77      2088   1192088    621720     15.77    180468   1402308     13536
22:24:20      2256524   1686776     42.78      2088   1192092    621816     15.77    180468   1402516     13540
22:24:21      2244932   1698368     43.07      2088   1192096    634652     16.09    180468   1414868     10744
22:24:22      2249436   1693864     42.96      2088   1192108    633608     16.07    180468   1411924     10696
22:24:23      2239384   1703916     43.21      2088   1192112    641708     16.27    180468   1420828     10700
22:24:24      2250916   1692384     42.92      2088   1194720    624260     15.83    180468   1408160     13308
22:24:25      2251916   1691384     42.89      2088   1194788    623508     15.81    180468   1407244     13376
22:24:26      2252136   1691164     42.89      2088   1194800    623420     15.81    180468   1407340     10788
22:24:27      2251728   1691572     42.90      2088   1194804    623716     15.82    180468   1407508     10728
22:24:28      2249460   1693840     42.95      2088   1194804    627084     15.90    180468   1410848     10728
22:24:29      2239836   1703464     43.20      2088   1194808    637884     16.18    180468   1420112     10736
22:24:30      2239348   1703952     43.21      2088   1194824    639424     16.22    180468   1421148     10752
22:24:31      2192476   1750824     44.40      2088   1194824    684524     17.36    180468   1467660     10752
22:24:32      2246584   1696716     43.03      2088   1197500    627996     15.93    180468   1414012     13428
22:24:33      2245796   1697504     43.05      2088   1197508    627128     15.90    180468   1413448     13436
22:24:34      2245388   1697912     43.06      2088   1197520    627608     15.92    180468   1414092     13448
22:24:35      2242616   1700684     43.13      2088   1197520    631168     16.01    180468   1417700     13448
22:24:36      2230704   1712596     43.43      2088   1197524    644472     16.34    180468   1429212     13452
22:24:37      2232096   1711204     43.40      2088   1197540    644900     16.35    180468   1428224     10800
22:24:38      2223244   1720056     43.62      2088   1197544    652152     16.54    180468   1436780     10808
22:24:39      2240876   1702424     43.17      2088   1200224    631292     16.01    180468   1418932     13488
22:24:40      2240372   1702928     43.19      2088   1200224    631280     16.01    180468   1419184     13596
22:24:41      2239868   1703432     43.20      2088   1200240    631712     16.02    180468   1419712     13612
22:24:42      2230744   1712556     43.43      2088   1200240    640172     16.23    180468   1428144     10948
22:24:43      2229788   1713512     43.45      2088   1200256    645248     16.36    180468   1431400     10964
22:24:44      2220816   1722484     43.68      2088   1200260    654028     16.59    180468   1440168     10968
22:24:45      2208576   1734724     43.99      2088   1202936    659684     16.73    180468   1450540     13644
22:24:46      2234292   1709008     43.34      2088   1202936    634012     16.08    180468   1425032     13644
22:24:47      2234196   1709104     43.34      2088   1202940    634076     16.08    180468   1425392     10972
22:24:48      2230160   1713140     43.44      2088   1202952    638296     16.19    180468   1429412     10992
22:24:49      2218668   1724632     43.74      2088   1202956    650916     16.51    180468   1441560     10996
22:24:50      2216932   1726368     43.78      2088   1202960    652036     16.54    180468   1442664     11000
22:24:51      2219592   1723708     43.71      2088   1202964    648952     16.46    180468   1439544     11004
22:24:52      2213880   1729420     43.86      2088   1202976    657324     16.67    180468   1446060     10784
22:24:53      2214868   1728432     43.83      2088   1202976    654116     16.59    180468   1444944     10788
22:24:54      2097700   1845600     46.80      2088   1205648    768764     19.50    180468   1562252     13460
22:24:55      2224676   1718624     43.58      2088   1205664    640348     16.24    180468   1434400     13476
22:24:56      2216340   1726960     43.79      2088   1205672    648692     16.45    180468   1442488     13484
22:24:57      2211300   1732000     43.92      2088   1205676    655508     16.62    180468   1448716     10824
22:24:58      2195972   1747328     44.31      2088   1205688    673104     17.07    180468   1464536     10836
22:24:59      2201268   1742032     44.18      2088   1205692    666580     16.90    180468   1458296     10840
22:25:00      2206788   1736512     44.04      2088   1205696    659712     16.73    180468   1453300     10844
22:25:01      2158660   1784640     45.26      2088   1208368    705472     17.89    180468   1501752     13516
22:25:02      2218072   1725228     43.75      2088   1208380    644296     16.34    180468   1441012     10860
22:25:03      2206388   1736912     44.05      2088   1208392    653988     16.58    180468   1450840     10872
22:25:04      2210068   1733232     43.95      2088   1208408    657136     16.66    180468   1451096     10888
22:25:05      2194440   1748860     44.35      2088   1208412    673584     17.08    180468   1464964     10892
22:25:06      2030368   1912932     48.51      2088   1211016    831384     21.08    180468   1628956     13496
22:25:07      2213848   1729452     43.86      2088   1211088    647668     16.42    180468   1445644     13568
22:25:08      2212996   1730304     43.88      2088   1211092    647396     16.42    180468   1445764     13572
22:25:09      2213344   1729956     43.87      2088   1211104    647348     16.42    180468   1445860     13584
22:25:10      2211076   1732224     43.93      2088   1211104    649884     16.48    180468   1448360     13584
22:25:11      2200928   1742372     44.19      2088   1211108    660128     16.74    180468   1458552     13596
22:25:12      2204220   1739080     44.10      2088   1211124    658732     16.71    180468   1455604     10832
22:25:13      2191420   1751880     44.43      2088   1211124    672000     17.04    180468   1468976     10832
22:25:14      2099684   1843616     46.75      2088   1213800    759468     19.26    180468   1560400     13508
22:25:15      2208548   1734752     43.99      2088   1213816    649268     16.47    180468   1450856     13524
22:25:16      2208548   1734752     43.99      2088   1213820    649316     16.47    180468   1451088     13528
22:25:17      2199168   1744132     44.23      2088   1213824    658368     16.70    180468   1460264     13532
22:25:18      2198972   1744328     44.24      2088   1213832    660904     16.76    180468   1460684     10860
22:25:19      2191088   1752212     44.44      2088   1213840    666780     16.91    180468   1468280     10876
22:25:20      2100092   1843208     46.74      2088   1216452    754888     19.14    180468   1558696     13488
22:25:21      2202992   1740308     44.13      2088   1216520    652224     16.54    180468   1456164     13556
22:25:22      2202492   1740808     44.15      2088   1216532    652168     16.54    180468   1456436     13568
22:25:23      2202492   1740808     44.15      2088   1216532    652168     16.54    180468   1456436     13336
22:25:24      2200224   1743076     44.20      2088   1216536    655280     16.62    180468   1459656     13344
22:25:25      2187876   1755424     44.52      2088   1216536    669364     16.97    180468   1472812     13344
22:25:26      2193924   1749376     44.36      2088   1216552    665088     16.87    180468   1466980     13364
22:25:27      2183320   1759980     44.63      2088   1216556    673748     17.09    180468   1477208     13368
22:25:28      2128884   1814416     46.01      2088   1219164    724064     18.36    180468   1530300     13312
22:25:29      2196940   1746360     44.29      2088   1219232    655708     16.63    180468   1462136     13380
22:25:30      2196436   1746864     44.30      2088   1219248    655976     16.64    180468   1462744     13396
22:25:31      2196436   1746864     44.30      2088   1219248    655976     16.64    180468   1462804     13396
22:25:32      2183080   1760220     44.64      2088   1219252    669248     16.97    180468   1476428     13400
22:25:33      2180056   1763244     44.71      2088   1219252    673372     17.08    180468   1480636     10736
22:25:34      2172244   1771056     44.91      2088   1219268    682996     17.32    180468   1487444     10752
22:25:35      2172152   1771148     44.92      2088   1219268    681420     17.28    180468   1486728     10752
22:25:36      2171992   1771308     44.92      2088   1219268    682860     17.32    180468   1488188     10752
22:25:37      2170984   1772316     44.94      2088   1219268    683724     17.34    180468   1489556     10752
22:25:38      2155100   1788200     45.35      2088   1221944    694716     17.62    180468   1504684     10828
22:25:39      2189624   1753676     44.47      2088   1221964    659412     16.72    180468   1469560     10784
22:25:40      2175960   1767340     44.82      2088   1221968    673912     17.09    180468   1483316     10788
22:25:41      2179724   1763576     44.72      2088   1221984    673492     17.08    180468   1480956     10804
22:25:42      2175188   1768112     44.84      2088   1221984    675568     17.13    180468   1485288     10804
22:25:43      2177476   1765824     44.78      2088   1224600    671000     17.02    180468   1483808     13412
22:25:44      2185088   1758212     44.59      2088   1224664    662004     16.79    180468   1474772     13476
22:25:45      2184584   1758716     44.60      2088   1224668    661864     16.78    180468   1475048     13480
22:25:46      2184332   1758968     44.61      2088   1224680    662040     16.79    180468   1475200     13492
22:25:47      2182316   1760984     44.66      2088   1224680    665232     16.87    180468   1478100     13492
22:25:48      2167920   1775380     45.02      2088   1224684    680644     17.26    180468   1492380     10832
22:25:49      2175512   1767788     44.83      2088   1224700    676208     17.15    180468   1486292     10848
22:25:50      2164328   1778972     45.11      2088   1224704    686860     17.42    180468   1497248     10852
22:25:51      2132656   1810644     45.92      2088   1227384    712916     18.08    180468   1528212     13532
22:25:52      2180032   1763268     44.72      2088   1227388    665068     16.87    180468   1480548     13536
22:25:53      2178704   1764596     44.75      2088   1227404    665144     16.87    180468   1481056     10956
22:25:54      2178772   1764528     44.75      2088   1227404    665212     16.87    180468   1481072     10884
22:25:55      2162580   1780720     45.16      2088   1227404    682216     17.30    180468   1497344     10884
22:25:56      2171212   1772088     44.94      2088   1227424    677904     17.19    180468   1491292     10904
22:25:57      2166924   1776376     45.05      2088   1227428    674300     17.10    180468   1489548     10908
22:25:58      2029456   1913844     48.53      2088   1230100    810360     20.55    180468   1629440     13584
22:25:59      2173472   1769828     44.88      2088   1230104    666656     16.91    180468   1485780     10680
22:26:00      2172968   1770332     44.89      2088   1230116    666772     16.91    180468   1486172     10692
22:26:01      2172968   1770332     44.89      2088   1230116    666772     16.91    180468   1486172     10692
22:26:02      2172968   1770332     44.89      2088   1230116    667212     16.92    180468   1486472     10692
22:26:03      2170700   1772600     44.95      2088   1230120    670296     17.00    180468   1489420     10696
22:26:04      2163836   1779464     45.13      2088   1230124    677480     17.18    180468   1495816     10700
22:26:05      2165220   1778080     45.09      2088   1230140    677700     17.19    180468   1494456     10716
22:26:06      2155040   1788260     45.35      2088   1230140    686340     17.41    180468   1504820     10716
22:26:07      2096560   1846740     46.83      2088   1232748    741216     18.80    180468   1562240     13324
22:26:08      2166440   1776860     45.06      2088   1232828    671160     17.02    180468   1492688     13404
22:26:09      2163668   1779632     45.13      2088   1232832    674560     17.11    180468   1496208     10744
22:26:10      2150764   1792536     45.46      2088   1232836    686952     17.42    180468   1508152     10748
22:26:11      2154544   1788756     45.36      2088   1232852    685932     17.39    180468   1505308     10764
22:26:12      2154016   1789284     45.38      2088   1232852    686476     17.41    180468   1506892     10764
22:26:13      2010436   1932864     49.02      2088   1235460    828672     21.01    180468   1651336     13372
22:26:14      2161236   1782064     45.19      2088   1235532    675732     17.14    180468   1498856     10780
22:26:15      2161384   1781916     45.19      2088   1235544    675584     17.13    180468   1498812     10796
22:26:16      2161132   1782168     45.19      2088   1235544    675584     17.13    180468   1498924     10796
22:26:17      2158604   1784696     45.26      2088   1235548    678432     17.20    180468   1501784     10800
22:26:18      2145980   1797320     45.58      2088   1235548    692216     17.55    180468   1515056     10800
22:26:19      2152524   1790776     45.41      2088   1235564    688100     17.45    180468   1509372     10816
22:26:20      2140188   1803112     45.73      2088   1235564    698152     17.70    180468   1519608     10816
22:26:21      2082264   1861036     47.19      2088   1235564    753644     19.11    180468   1576924     10816
22:26:22      2154832   1788468     45.35      2088   1238244    678196     17.20    180468   1504272     13496
22:26:23      2154580   1788720     45.36      2088   1238252    678308     17.20    180468   1504728     13504
22:26:24      2154580   1788720     45.36      2088   1238260    678204     17.20    180468   1504736     10912
22:26:25      2152564   1790736     45.41      2088   1238260    681188     17.27    180468   1507660     10840
22:26:26      2142892   1800408     45.66      2088   1238264    691992     17.55    180468   1517980     10844
22:26:27      2145476   1797824     45.59      2088   1238280    689876     17.49    180468   1514212     10860
22:26:28      2135416   1807884     45.85      2088   1238284    699304     17.73    180468   1524572     10864
22:26:29      2031100   1912200     48.49      2088   1238284    802704     20.36    180468   1628992      8000
22:26:30      2148724   1794576     45.51      2088   1240960    681336     17.28    180468   1510324     10680
22:26:31      2148272   1795028     45.52      2088   1240972    681436     17.28    180468   1510752     10700
22:26:32      2148020   1795280     45.53      2088   1240976    681628     17.29    180468   1511108     10704
22:26:33      2137676   1805624     45.79      2088   1240980    692904     17.57    180468   1521528     10708
22:26:34      2139648   1803652     45.74      2088   1240980    691764     17.54    180468   1520128     10708
22:26:35      2126760   1816540     46.07      2088   1240996    705588     17.89    180468   1532364     10724
22:26:36      2124544   1818756     46.12      2088   1240996    708192     17.96    180468   1535024     10724
22:26:37      2125552   1817748     46.10      2088   1240996    708160     17.96    180468   1535068     10724
22:26:38      1959988   1983312     50.30      2088   1240996    872468     22.13    180468   1701028     10724
22:26:39      2138248   1805052     45.78      2088   1243680    688920     17.47    180468   1521016     10808
22:26:40      2139760   1803540     45.74      2088   1243692    688184     17.45    180468   1520604     10756
22:26:41      2132776   1810524     45.91      2088   1243704    694816     17.62    180468   1526136     10768
22:26:42      2132064   1811236     45.93      2088   1243712    697152     17.68    180468   1528700     10776
22:26:43      1975580   1967720     49.90      2088   1246328    847204     21.48    180468   1682876     13392
22:26:44      2135656   1807644     45.84      2088   1246396    687436     17.43    180468   1523060     13460
22:26:45      2135952   1807348     45.83      2088   1246400    687424     17.43    180468   1523148     10796
22:26:46      2136160   1807140     45.83      2088   1246412    687360     17.43    180468   1523160     10808
22:26:47      2133884   1809416     45.89      2088   1246412    690232     17.50    180468   1525748     10812
22:26:48      2122288   1821012     46.18      2088   1246416    702584     17.82    180468   1536672     10816
22:26:49      2130068   1813232     45.98      2088   1246428    695568     17.64    180468   1529620     10828
22:26:50      2115716   1827584     46.35      2088   1246428    711380     18.04    180468   1544460     10928
22:26:51      2130052   1813248     45.98      2088   1249104    691524     17.54    180468   1529016     13612
22:26:52      2129748   1813552     45.99      2088   1249108    691664     17.54    180468   1529044     13616
22:26:53      2130016   1813284     45.98      2088   1249124    691004     17.52    180468   1528820     13632
22:26:54      2127584   1815716     46.05      2088   1249124    694148     17.60    180468   1531892     13632
22:26:55      2115440   1827860     46.35      2088   1249124    707340     17.94    180468   1544504     10952
22:26:56      2118488   1824812     46.28      2088   1249144    705048     17.88    180468   1540480     10980
22:26:57      2116924   1826376     46.32      2088   1249144    706052     17.91    180468   1543056     10980
22:26:58      1945064   1998236     50.67      2088   1251760    873896     22.16    180468   1713612     13596
22:26:59      2125516   1817784     46.10      2088   1251824    693676     17.59    180468   1533960     13660
22:27:00      2124560   1818740     46.12      2088   1251840    693952     17.60    180468   1534240     10788
22:27:01      2124560   1818740     46.12      2088   1251840    693952     17.60    180468   1534300     10788
22:27:02      2124560   1818740     46.12      2088   1251840    693952     17.60    180468   1534300     10788
22:27:03      2122480   1820820     46.18      2088   1251840    697432     17.69    180468   1537620     10788
22:27:04      2109944   1833356     46.49      2088   1251848    710916     18.03    180468   1550076     10796
22:27:05      2113420   1829880     46.40      2088   1251864    707832     17.95    180468   1545228     10812
22:27:06      2102132   1841168     46.69      2088   1251864    719456     18.25    180468   1556892     10804
22:27:07      2101880   1841420     46.70      2088   1251864    720896     18.28    180468   1558268     10804
22:27:08      2099804   1843496     46.75      2088   1251864    719216     18.24    180468   1558940     10804
22:27:09      1982684   1960616     49.72      2088   1251864    836612     21.22    180468   1677908     10804
22:27:10      2068336   1874964     47.55      2088   1254552    749552     19.01    180468   1591504     10892
22:27:11      2115732   1827568     46.35      2088   1254560    701872     17.80    180468   1544140     10836
22:27:12      2103336   1839964     46.66      2088   1254564    714288     18.11    180468   1556156     10840
22:27:13      2104392   1838908     46.63      2088   1254576    718088     18.21    180468   1555520     10852
22:27:14      2095824   1847476     46.85      2088   1254580    724440     18.37    180468   1564904     10856
22:27:15      1996220   1947080     49.38      2088   1257188    818308     20.75    180468   1663028     10864
22:27:16      2111692   1831608     46.45      2088   1257260    701760     17.80    180468   1547056     10872
22:27:17      2111944   1831356     46.44      2088   1257272    701512     17.79    180468   1546952     10884
22:27:18      2102116   1841184     46.69      2088   1257276    712188     18.06    180468   1557240     10888
22:27:19      2104636   1838664     46.63      2088   1257292    713328     18.09    180468   1556192     10904
22:27:20      2094756   1848544     46.88      2088   1257292    719336     18.24    180468   1564144     10792
22:27:21      1989408   1953892     49.55      2088   1259904    823144     20.87    180468   1670360     13404
22:27:22      2107096   1836204     46.57      2088   1259972    703560     17.84    180468   1551612     13472
22:27:23      2107496   1835804     46.56      2088   1259976    703256     17.83    180468   1551728     13476
22:27:24      2107148   1836152     46.56      2088   1259984    703480     17.84    180468   1552092     13484
22:27:25      2106896   1836404     46.57      2088   1259984    703608     17.84    180468   1552220     13484
22:27:26      2089760   1853540     47.00      2088   1259988    721576     18.30    180468   1569044     10812
22:27:27      2099588   1843712     46.76      2088   1260004    715288     18.14    180468   1560784     10836
22:27:28      2088328   1854972     47.04      2088   1260008    724628     18.38    180468   1570740     10840
22:27:29      2093752   1849548     46.90      2088   1262616    716064     18.16    180472   1566208     13452
