Linux 5.10.234-225.917.amzn2.x86_64 (ip-10-0-170-160.us-west-2.compute.internal) 	03/29/25 	_x86_64_	(2 CPU)

01:02:27        CPU     %user     %nice   %system   %iowait    %steal     %idle
01:02:28        all     72.50      0.00      5.50      0.50     17.00      4.50
01:02:29        all     38.61      0.00      3.96      0.00     15.35     42.08
01:02:30        all     40.89      0.00      3.45      0.00     17.73     37.93
01:02:31        all     35.82      0.00      1.99      0.00     12.94     49.25
01:02:32        all     39.50      0.00      1.50      0.00      9.50     49.50
01:02:33        all     36.63      0.00      4.46      0.00     12.38     46.53
01:02:34        all     41.06      0.00      6.28      0.00      7.73     44.93
01:02:35        all     37.25      0.00      3.43      0.00     14.22     45.10
01:02:36        all      5.00      0.00      1.50      0.00      1.00     92.50
01:02:37        all      0.00      0.00      0.00      0.00      0.00    100.00
01:02:38        all      0.00      0.00      0.00      0.00      0.00    100.00
01:02:39        all      0.00      0.00      0.00      1.51      0.00     98.49
01:02:40        all      0.50      0.00      0.50      0.00      0.50     98.51
01:02:41        all      0.00      0.00      0.00      0.00      0.00    100.00
01:02:42        all      0.00      0.00      0.00      0.00      0.00    100.00
01:02:43        all      0.00      0.00      0.00      0.00      0.00    100.00
01:02:44        all      0.00      0.00      0.00      2.01      0.00     97.99
01:02:45        all      1.49      0.00      1.49      0.00      3.47     93.56
01:02:46        all      2.99      0.00      2.99      0.50      1.99     91.54
01:02:47        all      0.00      0.00      0.00      0.00      0.00    100.00
01:02:48        all      0.50      0.00      0.00      0.00      0.00     99.50
01:02:49        all      2.94      0.00      3.92      4.90      1.96     86.27
01:02:50        all      4.98      0.00      1.99      0.00      3.98     89.05
01:02:51        all     30.05      0.00     14.78      0.00     15.76     39.41
01:02:52        all     26.24      0.00      1.49      0.00     13.37     58.91
01:02:53        all      3.98      0.00      1.00      0.00      1.99     93.03
01:02:54        all     24.12      0.00     10.55      0.00     10.55     54.77
01:02:55        all     23.41      0.00     13.66      2.44     16.10     44.39
01:02:56        all      6.90      0.00      2.46      0.00      3.94     86.70
01:02:57        all     19.70      0.00      4.43      0.00     14.29     61.58
01:02:58        all     24.63      0.00      2.96      0.00      9.85     62.56
01:02:59        all     15.92      0.00      7.46      0.00      3.48     73.13
01:03:00        all     13.00      0.00      4.00      2.00      6.00     75.00
01:03:01        all     18.18      0.00      9.57      0.00     21.53     50.72
01:03:02        all      5.47      0.00      0.50      0.00      5.97     88.06
01:03:03        all      4.00      0.00      0.50      0.00      6.00     89.50
01:03:04        all      6.90      0.00      2.46      0.00      6.90     83.74
01:03:05        all     11.88      0.00      8.42      0.00      8.42     71.29
01:03:06        all     13.00      0.00      0.50      0.00      3.50     83.00
01:03:07        all     22.66      0.00      1.97      0.00      8.37     67.00
01:03:08        all     32.16      0.00     14.07      0.00     12.06     41.71
01:03:09        all      5.50      0.00      2.00      0.00      4.00     88.50
01:03:10        all     18.23      0.00      6.90      0.00     10.34     64.53
01:03:11        all      8.87      0.00      4.93      0.00      5.42     80.79
01:03:12        all      5.03      0.00      3.02      0.00      2.51     89.45
01:03:13        all     19.10      0.00      1.51      0.00     11.56     67.84
01:03:14        all     43.41      0.00     12.20      0.00     14.15     30.24
01:03:15        all     10.84      0.00      3.94      0.00      6.40     78.82
01:03:16        all      6.47      0.00      2.99      0.00      2.49     88.06
01:03:17        all     19.61      0.00      6.37      0.00      7.84     66.18
01:03:18        all     16.26      0.00      7.39      0.00      3.94     72.41
01:03:19        all     31.00      0.00      1.00      0.00      6.50     61.50
01:03:20        all      9.90      0.00      1.98      0.99      5.45     81.68
01:03:21        all     14.36      0.00      7.43      0.00      9.90     68.32
01:03:22        all     15.46      0.00      7.25      0.00     18.36     58.94
01:03:23        all     20.30      0.00      5.94      0.00     12.87     60.89
01:03:24        all     14.43      0.00      5.47      0.00      6.97     73.13
01:03:25        all     35.82      0.00      1.00      0.00      5.47     57.71
01:03:26        all     13.24      0.00      4.90      0.98      8.82     72.06
01:03:27        all     17.33      0.00      7.43      0.00      2.97     72.28
01:03:28        all     20.00      0.00      6.50      0.00      4.50     69.00
01:03:29        all      7.46      0.00      1.00      0.00      2.49     89.05
01:03:30        all     14.93      0.00      6.97      0.00      3.98     74.13
01:03:31        all     28.00      0.00      1.00      0.00      6.00     65.00
01:03:32        all     11.44      0.00      3.48      0.00      9.45     75.62
01:03:33        all     16.83      0.00      8.91      0.00      4.95     69.31
01:03:34        all     25.49      0.00      9.31      0.00     11.27     53.92
01:03:35        all     15.00      0.00      5.50      0.00      4.50     75.00
01:03:36        all      2.02      0.00      0.00      0.51      0.51     96.97
01:03:37        all     15.27      0.00      3.45      0.00     10.34     70.94
01:03:38        all      3.00      0.00      1.50      0.00      1.50     94.00
01:03:39        all     12.50      0.00      3.50      0.00      7.50     76.50
01:03:40        all     23.38      0.00      1.99      0.00      6.97     67.66
01:03:41        all     12.06      0.00      5.03      1.01      3.52     78.39
01:03:42        all     31.88      0.00      9.66      0.00     17.87     40.58
01:03:43        all     12.50      0.00      5.50      0.00      5.00     77.00
01:03:44        all      5.94      0.00      1.98      0.00      3.96     88.12
01:03:45        all     22.55      0.00      9.80      0.00     11.76     55.88
01:03:46        all     36.50      0.00      4.50      0.00     10.50     48.50
01:03:47        all      9.95      0.00      4.98      0.00      4.48     80.60
01:03:48        all     18.91      0.00      6.97      0.00      6.47     67.66
01:03:49        all     23.65      0.00      7.88      0.00      7.88     60.59
01:03:50        all      4.95      0.00      0.99      0.00      5.45     88.61
01:03:51        all      8.96      0.00      4.48      0.00      6.47     80.10
01:03:52        all     36.10      0.00      8.78      0.00     19.51     35.61
01:03:53        all     24.12      0.00      4.52      0.00      9.05     62.31
01:03:54        all     20.20      0.00      8.37      0.00     11.82     59.61
01:03:55        all     13.93      0.00      1.99      0.00      7.96     76.12
01:03:56        all     16.00      0.00      7.50      0.50     10.50     65.50
01:03:57        all     10.95      0.00      2.49      0.00      4.48     82.09
01:03:58        all      3.50      0.00      2.50      0.00      1.00     93.00
01:03:59        all     37.00      0.00      4.50      0.00      6.00     52.50
01:04:00        all     14.29      0.00      4.93      0.00      5.42     75.37
01:04:01        all     15.69      0.00      6.86      0.98      5.88     70.59
01:04:02        all     21.57      0.00      4.41      0.00     13.24     60.78
01:04:03        all      6.93      0.00      3.47      0.00      7.92     81.68
01:04:04        all      2.53      0.00      0.00      0.00      2.02     95.45
01:04:05        all      4.90      0.00      1.47      0.00      2.94     90.69
01:04:06        all     16.92      0.00      4.48      0.00      6.47     72.14
01:04:07        all     23.27      0.00      2.97      0.50      8.42     64.85
01:04:08        all     19.90      0.00      7.77      0.00     17.96     54.37
01:04:09        all     13.30      0.00      6.90      0.00     10.84     68.97
01:04:10        all      7.43      0.00      1.98      0.00      7.43     83.17
01:04:11        all     24.62      0.00      9.55      0.00      7.54     58.29
01:04:12        all      4.46      0.00      0.99      0.00      2.48     92.08
01:04:13        all     27.59      0.00      3.94      0.00     15.76     52.71
01:04:14        all     22.89      0.00      1.49      0.00      6.97     68.66
01:04:15        all     13.57      0.00      6.53      0.00      7.04     72.86
01:04:16        all     24.27      0.00      9.71      0.00     13.11     52.91
01:04:17        all     20.40      0.00      5.47      1.00     11.44     61.69
01:04:18        all      9.90      0.00      3.47      0.00      3.47     83.17
01:04:19        all     18.14      0.00      9.31      0.00      7.35     65.20
01:04:20        all     32.00      0.00      2.50      0.00      5.50     60.00
01:04:21        all      9.27      0.00      5.37      0.00      6.83     78.54
01:04:22        all     19.51      0.00      7.32      0.98      7.80     64.39
01:04:23        all     16.00      0.00      5.50      0.00      2.00     76.50
01:04:24        all     15.76      0.00      5.42      0.00      7.39     71.43
01:04:25        all      7.43      0.00      4.95      0.00      3.96     83.66
01:04:26        all     37.13      0.00      8.91      0.00      8.91     45.05
01:04:27        all     13.50      0.00      2.00      0.50      2.50     81.50
01:04:28        all     20.20      0.00      9.85      0.00      8.87     61.08
01:04:29        all     31.19      0.00     10.89      0.00      4.46     53.47
01:04:30        all      3.00      0.00      0.50      0.00      1.00     95.50
01:04:31        all      2.97      0.00      0.99      0.00      1.98     94.06
01:04:32        all     26.50      0.00      7.00      0.00      7.00     59.50
01:04:33        all     39.60      0.00      7.92      0.00     11.88     40.59
01:04:34        all      3.94      0.00      2.96      0.00      1.48     91.63
01:04:35        all      8.46      0.00      3.98      0.00      6.47     81.09
01:04:36        all     36.76      0.00     14.71      0.00     20.59     27.94
01:04:37        all     11.94      0.00      2.99      1.00      2.99     81.09
01:04:38        all      6.47      0.00      1.49      0.00      1.99     90.05
01:04:39        all     18.81      0.00      6.93      0.00      9.41     64.85
01:04:40        all     45.81      0.00     11.33      0.00     13.30     29.56
01:04:41        all     10.55      0.00      1.51      0.00      5.53     82.41
01:04:42        all     14.98      0.00      7.25      0.00     10.14     67.63
01:04:43        all     38.92      0.00     14.29      0.00     13.79     33.00
01:04:44        all      7.96      0.00      2.99      0.00      5.97     83.08
01:04:45        all      7.28      0.00      3.40      0.00     10.19     79.13
01:04:46        all     21.66      0.00     12.44      0.00     23.50     42.40
01:04:47        all     38.00      0.00      5.00      1.00     14.00     42.00
01:04:48        all     10.34      0.00      4.43      0.00      5.42     79.80
01:04:49        all     26.11      0.00      9.85      0.00      7.39     56.65
01:04:50        all      9.45      0.00      2.99      0.00      3.48     84.08
01:04:51        all     19.61      0.00      6.86      0.00     15.20     58.33
01:04:52        all     11.06      0.00      8.54      0.00      3.52     76.88
01:04:53        all     37.31      0.00      3.48      0.00      6.47     52.74
01:04:54        all      8.96      0.00      4.48      0.00      1.99     84.58
01:04:55        all     26.37      0.00     11.44      0.00      1.49     60.70
01:04:56        all     20.00      0.00      8.00      0.00      2.00     70.00
01:04:57        all     10.55      0.00      1.51      0.00      0.50     87.44
01:04:58        all     15.27      0.00      6.40      0.99      2.46     74.88
01:04:59        all     39.20      0.00      3.52      0.00      5.03     52.26
01:05:00        all      2.51      0.00      1.01      0.00      2.01     94.47
01:05:01        all      7.35      0.00      2.94      0.00      8.33     81.37
01:05:02        all     14.49      0.00      9.18      0.00     22.71     53.62
01:05:03        all     17.50      0.00      6.50      0.50     12.00     63.50
01:05:04        all     12.87      0.00      6.44      0.00      6.93     73.76
01:05:05        all      3.48      0.00      1.49      0.00      3.48     91.54
01:05:06        all      4.52      0.00      2.01      0.00      3.02     90.45
01:05:07        all      2.49      0.00      1.49      0.00      1.99     94.03
01:05:08        all      9.95      0.00      1.99      0.50      1.49     86.07
01:05:09        all      0.50      0.00      0.50      0.00      0.00     98.99
01:05:10        all      8.00      0.00      3.00      0.00      3.50     85.50
01:05:11        all     19.12      0.00      6.37      0.00     15.69     58.82
01:05:12        all     23.50      0.00      1.00      0.00      5.50     70.00
01:05:13        all     18.41      0.00      6.97      0.00      5.97     68.66
01:05:14        all     22.06      0.00      8.33      0.00     10.29     59.31
01:05:15        all      9.45      0.00      3.98      0.00      4.48     82.09
01:05:16        all     17.00      0.00      4.50      0.00      9.00     69.50
01:05:17        all      7.46      0.00      3.98      0.00      2.49     86.07
01:05:18        all      3.48      0.00      2.99      1.00      1.49     91.04
01:05:19        all     45.96      0.00      4.55      0.00      2.53     46.97
01:05:20        all     30.65      0.00      9.55      0.00      6.53     53.27
01:05:21        all      7.43      0.00      3.47      0.00      3.96     85.15
01:05:22        all     21.18      0.00      5.91      0.00     10.84     62.07
01:05:23        all     25.74      0.00      7.92      0.50     16.83     49.01
01:05:24        all      2.99      0.00      0.50      0.00      2.99     93.53
01:05:25        all      1.98      0.00      1.98      0.00      0.99     95.05
01:05:26        all     49.50      0.00     11.50      0.00     11.50     27.50
01:05:27        all     41.38      0.00     10.34      0.00      5.91     42.36
01:05:28        all      6.44      0.00      3.47      0.50      1.98     87.62
01:05:29        all     27.09      0.00      5.91      0.00     14.29     52.71
01:05:30        all     11.88      0.00      5.94      0.00      3.96     78.22
01:05:31        all      4.48      0.00      1.99      0.00      0.50     93.03
01:05:32        all     28.71      0.00      1.98      0.00     13.37     55.94
01:05:33        all     28.22      0.00      9.90      0.00     11.88     50.00
01:05:34        all      6.90      0.00      2.96      0.00      5.91     84.24
01:05:35        all     26.26      0.00      7.07      0.00      9.09     57.58
01:05:36        all      6.44      0.00      1.98      0.00      2.48     89.11
01:05:37        all     16.08      0.00      2.51      0.00      7.54     73.87
01:05:38        all     27.05      0.00     11.11      0.00     16.91     44.93
01:05:39        all      4.00      0.00      0.50      1.00      2.50     92.00
01:05:40        all     21.89      0.00      1.99      0.00      6.47     69.65
01:05:41        all     36.27      0.00     13.73      0.00      5.39     44.61
01:05:42        all      5.97      0.00      1.49      0.00      1.00     91.54
01:05:43        all     25.87      0.00      7.96      0.00      4.48     61.69
01:05:44        all      8.91      0.00      5.94      0.00      3.96     81.19
01:05:45        all      5.50      0.00      2.50      0.00      1.50     90.50
01:05:46        all     38.00      0.00      1.00      0.00      7.00     54.00
01:05:47        all     21.29      0.00     10.89      0.00      9.41     58.42
01:05:48        all     15.84      0.00      6.44      0.00      7.43     70.30
01:05:49        all     23.38      0.00      6.97      0.50     13.93     55.22
01:05:50        all      9.50      0.00      2.50      0.00      2.00     86.00
01:05:51        all     11.56      0.00      4.02      0.00      4.52     79.90
01:05:52        all     28.22      0.00      1.98      0.00      6.93     62.87
01:05:53        all     20.79      0.00      3.47      0.00      9.41     66.34
01:05:54        all     23.76      0.00     11.39      0.99      5.45     58.42
01:05:55        all     21.11      0.00      5.03      0.00      1.01     72.86
01:05:56        all     11.76      0.00      3.43      0.00      3.43     81.37
01:05:57        all     16.18      0.00      9.31      0.00      5.88     68.63
01:05:58        all     12.94      0.00      2.99      0.00      2.99     81.09
01:05:59        all     32.50      0.00      5.00      0.50      9.50     52.50
01:06:00        all     24.63      0.00     11.33      0.00     13.30     50.74
01:06:01        all      7.04      0.00      3.02      0.00      2.51     87.44
01:06:02        all      6.44      0.00      0.99      0.00     13.86     78.71
01:06:03        all     15.79      0.00      3.83      0.00     34.45     45.93
01:06:04        all     21.80      0.00     10.90      0.00     29.38     37.91
01:06:05        all      5.42      0.00      2.96      0.00     10.34     81.28
01:06:06        all     24.12      0.00      0.50      0.00      3.02     72.36
01:06:07        all      8.91      0.00      1.98      0.00      2.48     86.63
01:06:08        all     16.00      0.00      4.00      0.00      4.50     75.50
01:06:09        all      6.44      0.00      2.97      0.99      4.95     84.65
01:06:10        all     33.82      0.00     13.73      0.00     11.76     40.69
01:06:11        all     29.70      0.00      8.42      0.00     10.89     50.99
01:06:12        all      6.93      0.00      0.99      0.00      3.96     88.12
01:06:13        all     14.29      0.00      4.43      0.00     10.34     70.94
01:06:14        all     41.92      0.00      6.06      0.00     12.12     39.90
01:06:15        all      5.42      0.00      1.48      0.49      5.91     86.70
01:06:16        all     25.12      0.00      8.37      0.00      9.85     56.65
01:06:17        all     21.39      0.00      6.97      0.00      8.46     63.18
01:06:18        all     14.07      0.00      3.02      0.00      2.51     80.40
01:06:19        all      4.00      0.00      0.50      0.00      2.00     93.50
01:06:20        all     21.78      0.00      8.91      0.50     13.86     54.95
01:06:21        all     42.50      0.00      7.50      0.00     14.50     35.50
01:06:22        all     14.56      0.00      3.88      0.00      4.85     76.70
01:06:23        all     23.90      0.00      9.76      0.00      9.27     57.07
01:06:24        all     18.72      0.00      8.37      0.00     11.33     61.58
01:06:25        all     26.47      0.00      7.35      0.00      8.82     57.35
01:06:26        all      3.47      0.00      1.98      0.00      3.96     90.59
01:06:27        all     28.57      0.00      4.93      0.00     10.84     55.67
01:06:28        all     25.25      0.00      3.03      0.00      3.54     68.18
01:06:29        all     17.33      0.00      4.95      0.00      3.47     74.26
01:06:30        all     19.50      0.00      4.50      1.00      4.00     71.00
01:06:31        all     21.89      0.00      6.47      0.00      4.98     66.67
01:06:32        all     11.44      0.00      2.99      0.00      1.00     84.58
01:06:33        all      0.00      0.00      0.00      0.00      0.50     99.50
01:06:34        all      1.01      0.00      0.50      0.00      0.50     97.99
01:06:35        all     10.95      0.00      6.97      1.00      4.98     76.12
01:06:36        all     32.84      0.00      2.49      0.00      3.48     61.19
01:06:37        all     16.34      0.00      5.45      0.00      3.96     74.26
01:06:38        all     24.37      0.00     10.66      0.00      3.55     61.42
01:06:39        all     33.50      0.00     14.72      0.00      5.08     46.70
01:06:40        all      4.48      0.00      1.49      0.00      0.50     93.53
01:06:41        all     12.68      0.00      7.80      0.00     13.66     65.85
01:06:42        all     34.00      0.00      1.00      0.00      7.00     58.00
01:06:43        all      9.36      0.00      4.43      0.00      3.45     82.76
01:06:44        all     18.32      0.00      7.43      0.00      9.90     64.36
01:06:45        all     18.23      0.00     10.34      0.99      8.37     62.07
01:06:46        all     14.43      0.00      3.48      0.00      2.49     79.60
01:06:47        all     14.29      0.00      2.46      0.00      5.42     77.83
01:06:48        all     13.86      0.00      6.44      0.00      6.44     73.27
01:06:49        all     32.84      0.00      1.96      0.00     13.24     51.96
01:06:50        all      2.51      0.00      1.01      0.50      1.51     94.47
01:06:51        all      7.43      0.00      4.95      0.00      8.91     78.71
01:06:52        all     36.82      0.00     13.93      0.00     13.93     35.32
01:06:53        all     18.32      0.00      4.46      0.00      9.41     67.82
01:06:54        all      4.50      0.00      2.00      0.00      1.00     92.50
01:06:55        all      9.09      0.00      4.04      0.51      2.53     83.84
01:06:56        all     12.81      0.00      8.37      0.00     10.34     68.47
01:06:57        all     25.37      0.00      1.49      0.00     14.93     58.21
01:06:58        all     29.21      0.00      7.43      0.00      9.41     53.96
01:06:59        all     26.83      0.00      9.27      0.00      9.76     54.15
01:07:00        all     16.42      0.00      5.47      0.00     12.94     65.17
01:07:01        all     15.76      0.00      7.88      0.00     21.67     54.68
01:07:02        all      9.90      0.00      2.97      0.00     14.36     72.77
01:07:03        all      6.44      0.00      3.47      0.00      5.94     84.16
01:07:04        all      8.87      0.00      5.42      0.00     11.33     74.38
01:07:05        all     23.88      0.00      2.49      0.00      9.45     64.18
01:07:06        all     29.06      0.00      4.43      0.99      8.87     56.65
01:07:07        all     13.50      0.00      5.00      0.00      4.00     77.50
01:07:08        all     14.00      0.00      5.50      0.00      3.00     77.50
01:07:09        all     35.32      0.00     15.42      0.00      9.45     39.80
01:07:10        all      9.41      0.00      3.47      0.00      4.46     82.67
01:07:11        all     27.78      0.00      1.01      0.51      9.09     61.62
01:07:12        all      6.97      0.00      0.50      0.00      3.48     89.05
01:07:13        all     26.11      0.00      9.85      0.00      8.87     55.17
01:07:14        all      8.91      0.00      4.46      0.00      3.96     82.67
01:07:15        all     23.00      0.00      7.50      0.00      4.00     65.50
01:07:16        all     16.26      0.00      6.90      0.99      5.42     70.44
01:07:17        all      5.50      0.00      1.00      0.00      4.00     89.50
01:07:18        all      6.50      0.00      2.00      0.00      1.50     90.00
01:07:19        all     17.00      0.00      1.00      0.00      5.00     77.00
01:07:20        all     34.34      0.00      5.05      0.00      7.58     53.03
01:07:21        all     16.35      0.00      9.62      0.00     14.90     59.13
01:07:22        all     13.43      0.00      5.47      0.00      6.97     74.13
01:07:23        all     22.77      0.00      9.41      0.00     10.40     57.43
01:07:24        all     24.88      0.00      6.83      0.00     11.22     57.07
01:07:25        all      3.47      0.00      1.49      0.00      2.48     92.57
01:07:26        all      3.54      0.00      1.52      0.51      1.01     93.43
01:07:27        all      8.42      0.00      4.46      0.00      3.47     83.66
01:07:28        all     35.47      0.00      1.48      0.00     11.33     51.72
01:07:29        all      8.42      0.00      3.96      0.00      2.48     85.15
01:07:30        all     16.83      0.00      6.44      0.00      2.48     74.26
01:07:31        all     38.58      0.00     20.81      0.51      5.08     35.03
01:07:32        all     12.87      0.00      5.45      0.00      9.41     72.28
01:07:33        all      8.87      0.00      2.46      0.00      1.97     86.70
01:07:34        all     27.64      0.00     10.05      0.00     13.07     49.25
01:07:35        all     30.50      0.00      1.50      0.00     11.50     56.50
01:07:36        all     10.34      0.00      3.94      0.00      2.96     82.76
01:07:37        all     17.65      0.00      4.90      0.00     10.78     66.67
01:07:38        all     23.38      0.00      6.47      0.00     11.94     58.21
01:07:39        all     34.63      0.00     16.10      0.00     16.10     33.17
01:07:40        all      5.50      0.00      1.00      0.00      1.00     92.50
01:07:41        all      4.46      0.00      2.97      0.00      5.45     87.13
01:07:42        all     46.08      0.00     11.27      0.49     15.20     26.96
01:07:43        all     21.50      0.00      1.50      0.00      7.50     69.50
01:07:44        all     14.56      0.00      6.80      0.00      6.80     71.84
01:07:45        all     31.82      0.00     14.14      0.00      7.07     46.97
01:07:46        all     34.47      0.00     13.11      0.00     19.42     33.01
01:07:47        all      5.00      0.00      1.00      0.50      1.50     92.00
01:07:48        all      7.54      0.00      4.02      0.00      3.02     85.43
01:07:49        all     32.50      0.00      1.50      0.00      5.50     60.50
01:07:50        all     16.08      0.00      2.51      0.00      6.03     75.38
01:07:51        all     12.75      0.00      5.39      0.00     12.75     69.12
01:07:52        all     17.33      0.00      9.41      0.00     10.89     62.38
01:07:53        all     34.33      0.00     11.44      0.00     15.42     38.81
01:07:54        all     14.50      0.00      3.50      0.00      5.00     77.00
01:07:55        all      9.45      0.00      2.99      0.00      2.99     84.58
01:07:56        all     40.50      0.00      3.00      0.00      8.50     48.00
01:07:57        all      2.96      0.00      0.49      0.99      2.46     93.10
01:07:58        all      8.50      0.00      3.00      0.00      0.50     88.00
01:07:59        all     26.73      0.00      9.41      0.00      6.44     57.43
01:08:00        all     30.88      0.00     12.75      0.00     15.20     41.18
01:08:01        all     11.00      0.00      3.00      0.00      1.50     84.50
01:08:02        all      1.50      0.00      0.50      0.50      2.00     95.50
01:08:03        all      1.00      0.00      0.00      0.00      1.00     98.00
01:08:04        all      9.00      0.00      3.00      0.00      4.50     83.50
01:08:05        all     27.50      0.00      2.00      0.00     13.00     57.50
01:08:06        all     17.91      0.00      1.00      0.00      4.98     76.12
01:08:07        all     23.04      0.00      5.88      0.00      8.82     62.25
01:08:08        all     28.37      0.00     13.46      0.00     17.31     40.87
01:08:09        all     23.56      0.00     10.58      0.00     16.83     49.04
01:08:10        all      4.00      0.00      1.00      0.00      0.50     94.50
01:08:11        all      8.50      0.00      4.00      0.00      4.50     83.00
01:08:12        all     20.30      0.00      5.45      0.99      7.43     65.84
01:08:13        all     25.50      0.00      0.50      0.00      4.50     69.50
01:08:14        all     21.29      0.00      9.90      0.00     14.85     53.96
01:08:15        all     23.53      0.00      9.80      0.00      9.31     57.35
01:08:16        all     29.70      0.00     11.39      0.00     12.38     46.53
01:08:17        all      3.03      0.00      1.01      0.51      1.01     94.44
01:08:18        all      3.52      0.00      0.50      0.00      1.01     94.97
01:08:19        all     29.76      0.00     11.22      0.00     12.68     46.34
01:08:20        all     23.27      0.00      0.50      0.00      6.44     69.80
01:08:21        all      8.08      0.00      2.53      0.00      3.03     86.36
01:08:22        all     36.00      0.00     17.50      0.00     11.00     35.50
01:08:23        all     40.00      0.00     15.00      0.00     14.50     30.50
01:08:24        all      6.97      0.00      1.49      0.00      2.49     89.05
01:08:25        all      1.00      0.00      0.50      0.00      0.50     98.00
01:08:26        all      4.46      0.00      1.49      0.00      2.97     91.09
01:08:27        all     25.87      0.00      6.47      0.00     13.93     53.73
01:08:28        all     26.96      0.00      1.47      0.98      6.86     63.73
01:08:29        all      9.45      0.00      2.49      0.00      1.99     86.07
01:08:30        all     18.54      0.00      6.83      0.00      7.32     67.32
01:08:31        all     43.78      0.00     14.43      0.00     14.43     27.36
01:08:32        all     19.40      0.00      7.96      0.00      5.47     67.16
01:08:33        all      2.50      0.00      1.00      0.50      1.50     94.50
01:08:34        all      1.99      0.00      0.50      0.00      1.00     96.52
01:08:35        all     15.50      0.00      8.00      0.00      9.00     67.50
01:08:36        all      6.47      0.00      1.49      0.00      6.97     85.07
01:08:37        all     20.30      0.00      1.49      0.00      3.47     74.75
01:08:38        all     44.28      0.00     13.93      0.00     13.43     28.36
01:08:39        all      6.00      0.00      1.50      0.00      2.50     90.00
01:08:40        all      7.46      0.00      1.49      0.00      2.99     88.06
01:08:41        all     10.00      0.00      3.00      0.00      6.00     81.00
01:08:42        all     25.87      0.00      9.45      0.00     10.95     53.73
01:08:43        all      5.00      0.00      2.00      0.50      1.00     91.50
01:08:44        all      6.47      0.00      1.49      0.00      1.49     90.55
01:08:45        all     36.68      0.00      0.50      0.00      6.03     56.78
01:08:46        all     19.90      0.00      5.83      0.00      9.22     65.05
01:08:47        all     11.88      0.00      4.95      0.00      1.49     81.68
01:08:48        all      5.50      0.00      2.00      1.00      1.00     90.50
01:08:49        all     23.38      0.00      7.96      0.00      6.47     62.19
01:08:50        all     14.00      0.00      4.00      0.00      2.00     80.00
01:08:51        all      9.85      0.00      4.93      0.00      2.46     82.76
01:08:52        all     43.00      0.00      6.00      0.00      7.00     44.00
01:08:53        all      6.00      0.00      1.00      1.00      2.50     89.50
01:08:54        all     20.90      0.00      7.96      0.00      3.98     67.16
01:08:55        all     24.50      0.00     11.50      0.00      9.50     54.50
01:08:56        all     22.77      0.00      7.92      0.00     12.87     56.44
01:08:57        all      6.00      0.00      1.00      0.00      6.00     87.00
01:08:58        all      0.50      0.00      0.00      0.00      0.00     99.50
01:08:59        all      1.00      0.00      1.00      0.00      1.99     96.02
01:09:00        all     10.29      0.00      6.86      0.00     11.76     71.08
01:09:01        all     10.89      0.00      4.46      0.00      9.90     74.75
01:09:02        all     23.65      0.00      0.49      0.00     12.32     63.55
01:09:03        all     19.90      0.00      1.99      0.50      8.46     69.15
01:09:04        all     22.55      0.00     10.29      0.00      7.35     59.80
01:09:05        all     12.38      0.00      4.95      0.00      6.93     75.74
01:09:06        all     18.32      0.00      7.92      0.00      8.91     64.85
01:09:07        all     19.50      0.00      8.50      0.00      4.50     67.50
01:09:08        all      1.50      0.00      0.00      0.00      1.00     97.50
01:09:09        all      9.45      0.00      6.47      0.00      5.47     78.61
01:09:10        all      5.97      0.00      1.00      0.00      2.99     90.05
01:09:11        all     38.31      0.00      3.48      0.00     12.44     45.77
01:09:12        all     28.00      0.00     11.00      0.00      8.00     53.00
01:09:13        all     10.50      0.00      4.50      0.00      2.00     83.00
01:09:14        all     23.76      0.00      9.41      0.99      4.95     60.89
01:09:15        all     15.84      0.00      3.47      0.00      5.45     75.25
01:09:16        all      8.96      0.00      4.98      0.00      7.96     78.11
01:09:17        all      3.50      0.00      1.00      0.00      2.00     93.50
01:09:18        all     11.50      0.00      2.00      0.00      2.50     84.00
01:09:19        all     55.72      0.00     16.92      0.00     14.43     12.94
01:09:20        all     23.41      0.00      4.88      0.00     12.20     59.51
01:09:21        all     11.33      0.00      5.42      0.00      7.88     75.37
01:09:22        all      8.00      0.00      1.50      0.00      6.00     84.50
01:09:23        all     25.25      0.00      8.91      0.00     16.83     49.01
01:09:24        all     10.40      0.00      2.97      0.50      3.96     82.18
01:09:25        all     26.87      0.00      3.98      0.00     10.45     58.71
01:09:26        all     21.89      0.00      1.49      0.00      6.97     69.65
01:09:27        all      2.99      0.00      1.49      0.00      2.49     93.03
01:09:28        all     19.90      0.00      8.25      0.00     13.59     58.25
01:09:29        all     36.10      0.00     20.98      0.49     18.05     24.39
01:09:30        all     35.64      0.00     10.40      0.00      8.42     45.54
01:09:31        all      4.48      0.00      1.00      0.00      4.48     90.05
01:09:32        all      1.99      0.00      0.00      0.00      0.50     97.51
01:09:33        all      8.00      0.00      4.00      0.00      4.00     84.00
01:09:34        all     34.16      0.00      0.99      0.00      5.94     58.91
01:09:35        all      8.91      0.00      1.49      0.00      6.93     82.67
01:09:36        all     16.67      0.00      4.90      0.00     13.24     65.20
01:09:37        all     23.38      0.00      9.95      0.00     10.95     55.72
01:09:38        all     35.64      0.00     12.87      0.00     11.88     39.60
01:09:39        all      7.04      0.00      2.51      0.50      1.01     88.94
01:09:40        all      0.50      0.00      0.00      0.00      0.50     99.00
01:09:41        all      6.47      0.00      2.99      0.00      5.97     84.58
01:09:42        all     28.22      0.00      7.43      0.00     10.40     53.96
01:09:43        all     25.50      0.00      1.50      0.00      7.00     66.00
01:09:44        all     20.67      0.00      9.13      0.00      8.17     62.02
01:09:45        all     13.73      0.00      5.39      0.00     12.25     68.63
01:09:46        all     30.35      0.00     15.42      0.00      8.96     45.27
01:09:47        all     17.16      0.00      5.88      0.00      9.31     67.65
01:09:48        all      2.49      0.00      0.50      0.00      0.50     96.52
01:09:49        all      1.01      0.00      0.00      0.00      0.00     98.99
01:09:50        all     25.00      0.00     12.75      0.00     19.61     42.65
01:09:51        all     37.81      0.00      7.46      0.00     17.41     37.31
01:09:52        all     10.84      0.00      1.48      0.00      6.90     80.79
01:09:53        all     16.34      0.00      4.46      0.00     10.89     68.32
01:09:54        all     31.00      0.00     12.50      0.00      6.50     50.00
01:09:55        all     29.21      0.00     14.85      0.50     12.38     43.07
01:09:56        all      7.50      0.00      2.00      0.00      1.00     89.50
01:09:57        all      3.48      0.00      0.50      0.00      1.00     95.02
01:09:58        all      8.96      0.00      4.48      0.00      6.97     79.60
01:09:59        all     34.98      0.00     11.82      0.00     16.26     36.95
01:10:00        all     20.87      0.00      1.46      0.00     14.08     63.59
01:10:01        all      3.45      0.00      1.97      0.00      4.93     89.66
01:10:02        all     12.14      0.00      4.85      0.00     21.36     61.65
01:10:03        all     16.83      0.00      6.44      0.00     11.39     65.35
01:10:04        all     28.99      0.00     16.91      0.00     28.02     26.09
01:10:05        all     33.00      0.00     13.79      0.99      8.37     43.84
01:10:06        all      1.50      0.00      0.00      0.00      1.00     97.50
01:10:07        all      5.50      0.00      2.00      0.00      3.00     89.50
01:10:08        all      5.45      0.00      3.96      0.00      3.96     86.63
01:10:09        all      9.41      0.00      3.96      0.00      3.96     82.67
01:10:10        all     33.33      0.00      1.47      0.98     16.18     48.04
01:10:11        all     27.45      0.00      9.80      0.00     15.20     47.55
01:10:12        all     19.00      0.00      7.00      0.00     10.00     64.00
01:10:13        all     27.72      0.00      9.41      0.00     17.82     45.05
01:10:14        all     17.56      0.00      6.34      0.00     14.15     61.95
01:10:15        all      3.52      0.00      0.50      0.00      5.03     90.95
01:10:16        all     15.76      0.00      8.37      0.00     12.32     63.55
01:10:17        all     30.50      0.00      1.00      0.00     11.00     57.50
01:10:18        all     11.44      0.00      1.99      0.00      3.98     82.59
01:10:19        all     25.25      0.00     11.88      0.00     12.38     50.50
01:10:20        all     41.58      0.00     16.34      0.00     18.81     23.27
01:10:21        all     25.12      0.00      7.88      0.00      3.45     63.55
01:10:22        all      3.00      0.00      1.00      0.00      0.50     95.50
01:10:23        all      1.00      0.00      1.00      0.00      0.00     98.00
01:10:24        all     22.38      0.00     14.29      0.00     20.48     42.86
01:10:25        all     23.27      0.00      0.99      0.99      4.46     70.30
01:10:26        all     17.73      0.00      0.99      0.00     10.34     70.94
01:10:27        all     17.65      0.00      6.86      0.00     11.76     63.73
01:10:28        all     22.73      0.00      7.58      0.00      1.52     68.18
01:10:29        all     27.86      0.00     10.95      0.00      2.99     58.21
01:10:30        all     12.87      0.00      4.95      0.00      1.98     80.20
01:10:31        all      1.00      0.00      0.00      0.00      1.50     97.50
01:10:32        all      9.90      0.00      4.46      0.00      9.90     75.74
01:10:33        all      4.95      0.00      2.48      0.00      4.95     87.62
01:10:34        all     20.90      0.00      0.50      0.00      6.47     72.14
01:10:35        all     34.80      0.00      9.31      0.00     19.12     36.76
01:10:36        all     17.17      0.00      4.55      0.00      3.54     74.75
01:10:37        all      7.88      0.00      2.96      0.00      7.39     81.77
01:10:38        all     27.86      0.00      7.46      0.00      6.97     57.71
01:10:39        all     15.42      0.00      7.46      0.00      2.99     74.13
01:10:40        all      6.47      0.00      1.49      0.00      2.99     89.05
01:10:41        all     12.94      0.00      5.47      0.00      6.47     75.12
01:10:42        all     38.31      0.00      1.00      0.00      5.47     55.22
01:10:43        all     20.69      0.00      9.36      0.00      4.43     65.52
01:10:44        all     18.59      0.00      5.03      0.00      6.53     69.85
01:10:45        all     30.35      0.00     11.94      0.00     13.43     44.28
