Linux 5.10.234-225.910.amzn2.x86_64 (ip-10-0-169-130.us-west-2.compute.internal) 	03/26/25 	_x86_64_	(2 CPU)

04:34:59    kbmemfree kbmemused  %memused kbbuffers  kbcached  kbcommit   %commit  kbactive   kbinact   kbdirty
04:35:00      2740168   1203132     30.51      2088    957588    371560      9.42    184708    909012    220348
04:35:01      2644100   1299200     32.95      2088    960096    501140     12.71    184728   1004668    222852
04:35:02      2671120   1272180     32.26      2088    970436    418076     10.60    184804    978880    233204
04:35:03      2651716   1291584     32.75      2088    970436    437184     11.09    184804    998080    233204
04:35:04      2587980   1355320     34.37      2088    970532    500216     12.69    184808   1061248    224200
04:35:05      2581932   1361368     34.52      2088    970532    506024     12.83    184808   1066852    224200
04:35:06      2580924   1362376     34.55      2088    970532    507304     12.86    184808   1067996    224200
04:35:07      2576960   1366340     34.65      2088    970688    516616     13.10    184980   1072148    224204
04:35:08      2718264   1225036     31.07      2088    967704    485248     12.31    182948    928244    224540
04:35:09      2816068   1127232     28.59      2088    967688    273548      6.94    182952    833864    224540
04:35:10      2814920   1128380     28.62      2088    967612    275576      6.99    182872    835704    224612
04:35:11      2792192   1151108     29.19      2088    967616    302668      7.68    182872    859772    224616
04:35:12      2793200   1150100     29.17      2088    967620    302396      7.67    182872    857748    224632
04:35:13      2779888   1163412     29.50      2088    967624    316904      8.04    182872    871892    224636
04:35:14      2783056   1160244     29.42      2088    970308    310456      7.87    182872    867056    227320
04:35:15      2793468   1149832     29.16      2088    970312    298768      7.58    182872    855552    197064
04:35:16      2774584   1168716     29.64      2088    970316    317068      8.04    182872    874848    197068
04:35:17      2784216   1159084     29.39      2088    973004    305140      7.74    182872    865464    199756
04:35:18      2783396   1159904     29.41      2088    973012    307012      7.79    182872    865692    199764
04:35:19      2768040   1175260     29.80      2088    973012    323284      8.20    182872    881664    199764
04:35:20      2781804   1161496     29.45      2088    975996    302332      7.67    182872    866160    181392
04:35:21      2775496   1167804     29.61      2088    976000    310692      7.88    182872    872324    181400
04:35:22      2771172   1172128     29.72      2088    976004    312508      7.93    182960    875868    181404
04:35:23      2771236   1172064     29.72      2088    978984    309652      7.85    182960    876244    184384
04:35:24      2769488   1173812     29.77      2088    978984    310408      7.87    182960    876764    184384
04:35:25      2767312   1175988     29.82      2088    978992    311264      7.89    182960    877088    107568
04:35:26      2741788   1201512     30.47      2088    978992    337604      8.56    182960    902092     76504
04:35:27      2763432   1179868     29.92      2088    981680    308212      7.82    182960    877616     79192
04:35:28      2755916   1187384     30.11      2088    981688    319492      8.10    182960    886512     79224
04:35:29      2740812   1202488     30.49      2088    981688    333652      8.46    182960    901364     79224
04:35:30      2750248   1193052     30.26      2088    984372    318572      8.08    182960    890872     81908
04:35:31      2746556   1196744     30.35      2088    984380    323668      8.21    182960    895540     29856
04:35:32      2730804   1212496     30.75      2088    984384    340376      8.63    182960    910928     29868
04:35:33      2731964   1211336     30.72      2088    984388    338400      8.58    182960    910948     29872
04:35:34      2740776   1202524     30.50      2088    987076    326840      8.29    182960    901096     32560
04:35:35      2726296   1217004     30.86      2088    987084    343748      8.72    182960    916088     32568
04:35:36      2741276   1202024     30.48      2088    989756    325084      8.24    182960    899756     22428
04:35:37      2733208   1210092     30.69      2088    989776    332520      8.43    182960    908832     22448
04:35:38      2732324   1210976     30.71      2088    989780    334636      8.49    182960    909172     22452
04:35:39      2729424   1213876     30.78      2088    989784    333952      8.47    182960    911864     22456
04:35:40      2731972   1211328     30.72      2088    992468    326892      8.29    182960    907644     25140
04:35:41      2732668   1210632     30.70      2088    992476    330192      8.37    182960    908496     24708
04:35:42      2711764   1231536     31.23      2088    992480    353040      8.95    182960    930540     24712
04:35:43      2726368   1216932     30.86      2088    995164    332876      8.44    182960    915392     27396
04:35:44      2725988   1217312     30.87      2088    995168    333960      8.47    182960    914380     27400
04:35:45      2714360   1228940     31.17      2088    995172    345236      8.76    182960    925884     27404
04:35:46      2730572   1212728     30.75      2088    997856    326264      8.27    182960    911852     27412
04:35:47      2725484   1217816     30.88      2088    997860    332696      8.44    182960    917732     27416
04:35:48      2716492   1226808     31.11      2088    997868    346016      8.77    182960    929748     27424
04:35:49      2716840   1226460     31.10      2088   1000540    340076      8.62    182960    927172     30096
04:35:50      2711780   1231520     31.23      2088   1000560    344672      8.74    182960    932720     30116
04:35:51      2714428   1228872     31.16      2088   1000564    342248      8.68    182960    928724     24572
04:35:52      2705300   1238000     31.40      2088   1000568    353456      8.96    182960    940152     24496
04:35:53      2710628   1232672     31.26      2088   1003252    342308      8.68    182960    933092     27180
04:35:54      2711436   1231864     31.24      2088   1003260    343748      8.72    182960    932472     27188
04:35:55      2697984   1245316     31.58      2088   1003264    357636      9.07    182960    946160     27200
04:35:56      2707476   1235824     31.34      2088   1005948    342276      8.68    182960    935916     29884
04:35:57      2711428   1231872     31.24      2088   1005956    336736      8.54    182960    931048     26932
04:35:58      2701744   1241556     31.49      2088   1005960    350012      8.88    182960    942240     26936
04:35:59      2705364   1237936     31.39      2088   1008936    340968      8.65    182960    937080     29912
04:36:00      2707128   1236172     31.35      2088   1008944    341300      8.66    182960    938156     29924
04:36:01      2696236   1247064     31.62      2088   1008948    349848      8.87    182960    946276     29928
04:36:02      2695636   1247664     31.64      2088   1008952    352620      8.94    182960    947132     24296
04:36:03      2683140   1260160     31.96      2088   1008952    366392      9.29    182960    960316     24304
04:36:04      2696264   1247036     31.62      2088   1011628    347248      8.81    182960    945832     26980
04:36:05      2687632   1255668     31.84      2088   1011640    358716      9.10    182960    957304     26992
04:36:06      2690164   1253136     31.78      2088   1011644    355144      9.01    182960    953412     26996
04:36:07      2676116   1267184     32.14      2088   1011648    368216      9.34    182960    966660     21672
04:36:08      2692260   1251040     31.73      2088   1014332    349704      8.87    182960    951244     24356
04:36:09      2691000   1252300     31.76      2088   1014336    350928      8.90    182960    952552     24360
04:36:10      2674332   1268968     32.18      2088   1014344    369664      9.37    182960    969628     24368
04:36:11      2651336   1291964     32.76      2088   1017548    386428      9.80    182960    991036     27572
04:36:12      2676228   1267072     32.13      2088   1017624    363428      9.22    182960    967984     24984
04:36:13      2674596   1268704     32.17      2088   1017632    365848      9.28    182960    968936     24992
04:36:14      2669516   1273784     32.30      2088   1017636    370216      9.39    182960    974204     24996
04:36:15      2673276   1270024     32.21      2088   1020320    360600      9.14    182960    969244     27680
04:36:16      2670084   1273216     32.29      2088   1020328    364796      9.25    182960    972252     27692
04:36:17      2659368   1283932     32.56      2088   1020332    378392      9.60    182960    984100     22368
04:36:18      2666708   1276592     32.37      2088   1023312    366592      9.30    182960    976576     25348
04:36:19      2664652   1278648     32.43      2088   1023316    368648      9.35    182960    977244     25352
04:36:20      2652916   1290384     32.72      2088   1023320    383048      9.71    182960    991664     25356
04:36:21      2666748   1276552     32.37      2088   1025928    363800      9.23    182960    975568     27964
04:36:22      2656372   1286928     32.64      2088   1026008    374696      9.50    182960    986596     25380
04:36:23      2661740   1281560     32.50      2088   1026012    369368      9.37    182960    981288     25384
04:36:24      2663988   1279312     32.44      2088   1028684    364008      9.23    182960    978832     28056
04:36:25      2662472   1280828     32.48      2088   1028700    366260      9.29    182960    981624     28072
04:36:26      2658928   1284372     32.57      2088   1028708    368284      9.34    182960    983020     28080
04:36:27      2645136   1298164     32.92      2088   1028708    384216      9.74    182960    997704     22740
04:36:28      2635496   1307804     33.17      2088   1028712    393060      9.97    182960   1008844     22744
04:36:29      2646380   1296920     32.89      2088   1031396    379200      9.62    182960    996628     25428
04:36:30      2642836   1300464     32.98      2088   1031400    383008      9.71    182960   1000428     25432
04:36:31      2639520   1303780     33.06      2088   1031404    389064      9.87    182960   1004612     25436
04:36:32      2635724   1307576     33.16      2088   1031408    390136      9.89    182960   1008176     22220
04:36:33      2647348   1295952     32.86      2088   1034388    376860      9.56    182960    997220     25212
04:36:34      2634300   1309000     33.20      2088   1034396    391864      9.94    182960   1009996     25220
04:36:35      2639844   1303456     33.05      2088   1034396    386132      9.79    182960   1006424     25220
04:36:36      2646892   1296408     32.88      2088   1037080    372368      9.44    182960    995988     27904
04:36:37      2641852   1301448     33.00      2088   1037084    379140      9.61    182960   1003244     25232
04:36:38      2634040   1309260     33.20      2088   1037084    385488      9.78    182960   1009136     25240
04:36:39      2629600   1313700     33.31      2088   1037092    394160     10.00    182960   1015096     25248
04:36:40      2626668   1316632     33.39      2088   1037092    393020      9.97    182960   1016072     25248
04:36:41      2627976   1315324     33.36      2088   1039784    390160      9.89    182960   1015748     28048
04:36:42      2631496   1311804     33.27      2088   1039788    388200      9.84    182960   1012280     28052
04:36:43      2598688   1344612     34.10      2088   1039792    418708     10.62    182960   1044712     22136
04:36:44      2630080   1313220     33.30      2088   1042476    383520      9.73    182960   1012632     24820
04:36:45      2622576   1320724     33.49      2088   1042480    391540      9.93    182960   1019220     24824
04:36:46      2609508   1333792     33.82      2088   1042488    407988     10.35    182960   1033212     24832
04:36:47      2631716   1311584     33.26      2088   1045168    380816      9.66    182960   1011184     27512
04:36:48      2618108   1325192     33.61      2088   1045180    396036     10.04    182960   1025592     24856
04:36:49      2618896   1324404     33.59      2088   1045184    399792     10.14    182960   1027936     24860
04:36:50      2627296   1316004     33.37      2088   1047860    383080      9.71    182960   1015908     27536
04:36:51      2624628   1318672     33.44      2088   1047872    385576      9.78    182960   1019304     27548
04:36:52      2615504   1327796     33.67      2088   1047876    391660      9.93    182960   1024900     27552
04:36:53      2604416   1338884     33.95      2088   1047880    408808     10.37    182960   1037496     21932
04:36:54      2602388   1340912     34.00      2088   1050556    403640     10.24    182960   1039620     24608
04:36:55      2611272   1332028     33.78      2088   1050568    396816     10.06    182960   1032776     24620
04:36:56      2611240   1332060     33.78      2088   1050576    398288     10.10    182960   1032128     24628
04:36:57      2589872   1353428     34.32      2088   1050576    418880     10.62    182960   1052364     24628
04:36:58      2581528   1361772     34.53      2088   1053248    423696     10.74    182960   1061500     24636
04:36:59      2599924   1343376     34.07      2088   1053264    404432     10.26    182960   1043072     24652
04:37:00      2597656   1345644     34.12      2088   1053268    404384     10.25    182960   1043004     24656
04:37:01      2588104   1355196     34.37      2088   1053272    417632     10.59    182960   1053612     24660
04:37:02      2547508   1395792     35.40      2088   1053276    458972     11.64    182960   1096380     24664
04:37:03      2596892   1346408     34.14      2088   1055960    405968     10.30    182960   1046920     21456
04:37:04      2593464   1349836     34.23      2088   1055964    410176     10.40    182960   1048808     21460
04:37:05      2582332   1360968     34.51      2088   1055968    421888     10.70    182960   1061432     21476
04:37:06      2574668   1368632     34.71      2088   1058640    423400     10.74    182960   1067208     24148
04:37:07      2586356   1356944     34.41      2088   1058652    412904     10.47    182960   1056520     24160
04:37:08      2588872   1354428     34.35      2088   1058656    409480     10.38    182960   1053648     21484
04:37:09      2585600   1357700     34.43      2088   1058660    415832     10.55    182960   1058216     21496
04:37:10      2570976   1372324     34.80      2088   1061628    425288     10.79    182960   1072092     24464
04:37:11      2587604   1355696     34.38      2088   1061644    408116     10.35    182960   1054892     24480
04:37:12      2582816   1360484     34.50      2088   1061648    413216     10.48    182960   1059888     24484
04:37:13      2570708   1372592     34.81      2088   1061652    426540     10.82    182960   1071748     21716
04:37:14      2583048   1360252     34.50      2088   1064328    408896     10.37    182960   1058468     24392
04:37:15      2577752   1365548     34.63      2088   1064340    414500     10.51    182960   1063792     24404
04:37:16      2576340   1366960     34.67      2088   1064348    417532     10.59    182960   1065108     24412
04:37:17      2561524   1381776     35.04      2088   1064348    430972     10.93    182960   1079952     24412
04:37:18      2543980   1399320     35.49      2088   1067020    445708     11.30    182960   1098744     21784
04:37:19      2567160   1376140     34.90      2088   1067036    421220     10.68    182960   1074076     21772
04:37:20      2574124   1369176     34.72      2088   1067040    419724     10.64    182960   1069732     21776
04:37:21      2556428   1386872     35.17      2088   1067044    435196     11.04    182960   1085052     21780
04:37:22      2574212   1369088     34.72      2088   1069716    413420     10.48    182960   1067536     24452
04:37:23      2560344   1382956     35.07      2088   1069732    427428     10.84    182960   1081956     24468
04:37:24      2568920   1374380     34.85      2088   1069736    421340     10.68    182960   1074736     21808
04:37:25      2552028   1391272     35.28      2088   1069744    436992     11.08    182960   1089908     21816
04:37:26      2568400   1374900     34.87      2088   1072416    415704     10.54    182960   1073044     24488
04:37:27      2559328   1383972     35.10      2088   1072432    427152     10.83    182960   1083552     24504
04:37:28      2559612   1383688     35.09      2088   1072436    428224     10.86    182960   1083176     24508
04:37:29      2527012   1416288     35.92      2088   1075108    454088     11.52    182960   1114772     21852
04:37:30      2562344   1380956     35.02      2088   1075120    418260     10.61    182960   1079580     21864
04:37:31      2550244   1393056     35.33      2088   1075128    431156     10.93    182960   1091156     21872
04:37:32      2541672   1401628     35.54      2088   1075136    442868     11.23    182960   1100684     21880
04:37:33      2521700   1421600     36.05      2088   1078104    456820     11.58    182960   1119828     24848
04:37:34      2550744   1392556     35.31      2088   1078116    427496     10.84    182960   1090916     21944
04:37:35      2542680   1400620     35.52      2088   1078120    436132     11.06    182960   1098776     21948
04:37:36      2543232   1400068     35.50      2088   1078128    439636     11.15    182960   1100940     21956
04:37:37      2533844   1409456     35.74      2088   1078128    445516     11.30    182960   1108668     21956
04:37:38      2542152   1401148     35.53      2088   1080804    434164     11.01    182960   1100632     24632
04:37:39      2541584   1401716     35.55      2088   1080820    436340     11.07    182960   1100600     21956
04:37:40      2531420   1411880     35.80      2088   1080824    447456     11.35    182960   1110892     21968
04:37:41      2496720   1446580     36.68      2088   1083492    477020     12.10    182960   1145004     24636
04:37:42      2536096   1407204     35.69      2088   1083508    436876     11.08    182960   1105232     24652
04:37:43      2533824   1409476     35.74      2088   1083512    440772     11.18    182960   1109132     24656
04:37:44      2533512   1409788     35.75      2088   1083516    440604     11.17    182960   1108764     21700
04:37:45      2526268   1417032     35.94      2088   1083520    447988     11.36    182960   1116312     21704
04:37:46      2487704   1455596     36.91      2088   1086488    482592     12.24    182960   1154080     24672
04:37:47      2526460   1416840     35.93      2088   1086500    444564     11.27    182960   1116160     24684
04:37:48      2525244   1418056     35.96      2088   1086508    447396     11.35    182960   1117232     24692
04:37:49      2514664   1428636     36.23      2088   1086508    459264     11.65    182960   1127848     19364
04:37:50      2468084   1475216     37.41      2088   1089164    500284     12.69    182960   1173496     22020
04:37:51      2521004   1422296     36.07      2088   1089196    446368     11.32    182960   1120608     22052
04:37:52      2517468   1425832     36.16      2088   1089196    451480     11.45    182960   1125232     22052
04:37:53      2514940   1428360     36.22      2088   1089204    454308     11.52    182960   1127060     22060
04:37:54      2513952   1429348     36.25      2088   1089204    456428     11.57    182960   1129196     19408
04:37:55      2518732   1424568     36.13      2088   1091888    445400     11.30    182960   1122608     22092
04:37:56      2519184   1424116     36.11      2088   1091892    446008     11.31    182960   1122776     22096
04:37:57      2512928   1430372     36.27      2088   1091896    453740     11.51    182960   1128688     22100
04:37:58      2449152   1494148     37.89      2088   1094500    515044     13.06    182960   1192772     24704
04:37:59      2509896   1433404     36.35      2088   1094580    452304     11.47    182960   1132060     19520
04:38:00      2508132   1435168     36.40      2088   1094580    453540     11.50    182960   1133392     19456
04:38:01      2505352   1437948     36.47      2088   1094588    457700     11.61    182960   1137072     19464
04:38:02      2501328   1441972     36.57      2088   1094588    462608     11.73    182960   1141784     19464
04:38:03      2498240   1445060     36.65      2088   1094592    466828     11.84    182960   1144280     19468
04:38:04      2492732   1450568     36.79      2088   1094596    471784     11.96    182960   1150304     16572
04:38:05      2503824   1439476     36.50      2088   1097284    457044     11.59    182960   1138928     18996
04:38:06      2504572   1438728     36.49      2088   1097292    456136     11.57    182960   1137984     19004
04:38:07      2504068   1439232     36.50      2088   1097292    459684     11.66    182960   1140040     19004
04:38:08      2462376   1480924     37.56      2088   1100500    492544     12.49    182960   1179528     22212
04:38:09      2499336   1443964     36.62      2088   1100572    456188     11.57    182960   1143280     22284
04:38:10      2496248   1447052     36.70      2088   1100580    459772     11.66    182960   1146312     19616
04:38:11      2492588   1450712     36.79      2088   1100584    466812     11.84    182960   1150900     19628
04:38:12      2498264   1445036     36.65      2088   1100588    459184     11.64    182960   1144732     19632
04:38:13      2458188   1485112     37.66      2088   1103848    495120     12.56    182960   1183576     22892
04:38:14      2488584   1454716     36.89      2088   1103860    465284     11.80    182960   1154000     22904
04:38:15      2489688   1453612     36.86      2088   1103868    464392     11.78    182960   1152632     20248
04:38:16      2486412   1456888     36.95      2088   1103868    468980     11.89    182960   1157204     20248
04:38:17      2424600   1518700     38.51      2088   1106476    524348     13.30    182960   1216784     22856
04:38:18      2485144   1458156     36.98      2088   1106552    464680     11.78    182960   1156932     22932
04:38:19      2476060   1467240     37.21      2088   1106556    475396     12.06    182960   1166208     22936
04:38:20      2479852   1463448     37.11      2088   1106564    474628     12.04    182960   1163776     19984
04:38:21      2471284   1472016     37.33      2088   1106564    482800     12.24    182960   1172244     19984
04:38:22      2478636   1464664     37.14      2088   1109244    469200     11.90    182960   1163188     22664
04:38:23      2475056   1468244     37.23      2088   1109260    473772     12.01    182960   1167304     22680
04:38:24      2477072   1466228     37.18      2088   1109264    477656     12.11    182960   1167648     22684
04:38:25      2468000   1475300     37.41      2088   1111936    483272     12.26    182960   1177604     22676
04:38:26      2477576   1465724     37.17      2088   1111944    469728     11.91    182960   1164740     22696
04:38:27      2476316   1466984     37.20      2088   1111948    471020     11.94    182960   1165788     22700
04:38:28      2473292   1470008     37.28      2088   1111952    474788     12.04    182960   1169824     22704
04:38:29      2465716   1477584     37.47      2088   1111956    483088     12.25    182960   1175988     22708
04:38:30      2465952   1477348     37.46      2088   1111960    485076     12.30    182960   1178120     17384
04:38:31      2470648   1472652     37.35      2088   1114636    473260     12.00    182960   1171128     20060
04:38:32      2471488   1471812     37.32      2088   1114648    474264     12.03    182960   1171668     20072
04:38:33      2463928   1479372     37.52      2088   1114652    483016     12.25    182960   1178796     20076
04:38:34      2454804   1488496     37.75      2088   1114656    489640     12.42    182960   1186660     20080
04:38:35      2421064   1522236     38.60      2088   1117260    521868     13.23    182960   1222288     19800
04:38:36      2463680   1479620     37.52      2088   1117340    478672     12.14    182960   1179176     19880
04:38:37      2458692   1484608     37.65      2088   1117344    483564     12.26    182960   1184036     19884
04:38:38      2449788   1493512     37.87      2088   1117352    493632     12.52    182960   1192340     19892
04:38:39      2451376   1491924     37.83      2088   1120024    490056     12.43    182960   1193184     22564
04:38:40      2453636   1489664     37.78      2088   1120040    486468     12.34    182960   1189352     19324
04:38:41      2452612   1490688     37.80      2088   1120048    490100     12.43    182960   1191100     19332
04:38:42      2426136   1517164     38.47      2088   1120052    516304     13.09    182960   1218908     19336
04:38:43      2449220   1494080     37.89      2088   1122736    488568     12.39    182960   1194316     22020
04:38:44      2446676   1496624     37.95      2088   1122740    492224     12.48    182960   1196024     22024
04:38:45      2446588   1496712     37.96      2088   1122744    493776     12.52    182960   1197272     18756
04:38:46      2415088   1528212     38.75      2088   1122748    522396     13.25    182960   1226748     18768
04:38:47      2447588   1495712     37.93      2088   1125428    488500     12.39    182960   1196304     21448
04:38:48      2445016   1498284     38.00      2088   1125436    490036     12.43    182960   1197688     21456
04:38:49      2426168   1517132     38.47      2088   1125440    510668     12.95    182960   1217076     21460
04:38:50      2438708   1504592     38.16      2088   1125440    496036     12.58    182960   1204060     21568
04:38:51      2378468   1564832     39.68      2088   1128116    552088     14.00    182960   1263280     21580
04:38:52      2437744   1505556     38.18      2088   1128128    494384     12.54    182960   1205224     21592
04:38:53      2423632   1519668     38.54      2088   1128132    510400     12.94    182960   1219100     21596
04:38:54      2427800   1515500     38.43      2088   1128136    506636     12.85    182960   1215232     21600
04:38:55      2388776   1554524     39.42      2088   1130808    540244     13.70    182960   1253304     24272
04:38:56      2430072   1513228     38.37      2088   1130824    501388     12.71    182960   1213804     18960
04:38:57      2430084   1513216     38.37      2088   1130828    500200     12.68    182960   1212824     18964
04:38:58      2422732   1520568     38.56      2088   1130828    509212     12.91    182960   1221384     18964
04:38:59      2427336   1515964     38.44      2088   1133504    497444     12.61    182960   1214720     21640
04:39:00      2422596   1520704     38.56      2088   1133520    502592     12.75    182960   1219696     21656
04:39:01      2422096   1521204     38.58      2088   1133524    506204     12.84    182960   1220764     18984
04:39:02      2416896   1526404     38.71      2088   1133524    509612     12.92    182960   1223948     18984
04:39:03      2420440   1522860     38.62      2088   1133524    506284     12.84    182960   1222040     18984
04:39:04      2340368   1602932     40.65      2088   1136196    583136     14.79    182960   1301408     21656
04:39:05      2344960   1598340     40.53      2088   1136196    579304     14.69    182960   1297704     21656
04:39:06      2418120   1525180     38.68      2088   1136212    506156     12.84    182960   1224568     18768
04:39:07      2416720   1526580     38.71      2088   1136216    508328     12.89    182960   1226388     18772
04:39:08      2410424   1532876     38.87      2088   1136220    515628     13.08    182960   1232124     18776
04:39:09      2402616   1540684     39.07      2088   1138892    517544     13.12    182960   1238852     21456
04:39:10      2415384   1527916     38.75      2088   1138904    505600     12.82    182960   1227104     21468
04:39:11      2409948   1533352     38.88      2088   1138912    512488     13.00    182960   1232372     18812
04:39:12      2404060   1539240     39.03      2088   1138916    517760     13.13    182960   1237568     18816
04:39:13      2390144   1553156     39.39      2088   1141588    528088     13.39    182960   1252048     21488
04:39:14      2405108   1538192     39.01      2088   1141604    512888     13.01    182960   1236980     21400
04:39:15      2405676   1537624     38.99      2088   1141616    511996     12.98    182960   1236256     21416
04:39:16      2399376   1543924     39.15      2088   1141620    520596     13.20    182960   1243116     18740
04:39:17      2356256   1587044     40.25      2088   1144228    558164     14.15    182960   1285224     21356
