Linux 5.10.234-225.910.amzn2.x86_64 (ip-10-0-131-112.ec2.internal) 	03/22/25 	_x86_64_	(2 CPU)

00:20:51        CPU     %user     %nice   %system   %iowait    %steal     %idle
00:20:52        all     74.13      0.00      5.97      1.00     16.42      2.49
00:20:53        all     42.29      0.00      6.97      0.00     17.91     32.84
00:20:54        all     39.51      0.00      4.88      0.00     13.66     41.95
00:20:55        all     40.89      0.00      3.94      0.00      6.40     48.77
00:20:56        all     40.49      0.00      4.39      0.00      6.34     48.78
00:20:57        all     37.07      0.00      4.39      0.00     13.17     45.37
00:20:58        all     41.09      0.00      4.95      1.49      8.42     44.06
00:20:59        all     45.96      0.00      6.06      0.00      7.07     40.91
00:21:00        all      0.00      0.00      0.00      0.00      0.00    100.00
00:21:01        all      0.00      0.00      0.00      0.00      0.00    100.00
00:21:02        all      0.00      0.00      0.00      0.00      0.00    100.00
00:21:03        all      0.00      0.00      0.00      2.50      0.00     97.50
00:21:04        all      0.00      0.00      0.00      0.00      0.00    100.00
00:21:05        all      0.00      0.00      0.00      0.00      0.00    100.00
00:21:06        all      0.00      0.00      0.00      0.00      0.00    100.00
00:21:07        all      0.00      0.00      0.00      0.00      0.00    100.00
00:21:08        all      0.00      0.00      0.00      0.00      0.50     99.50
00:21:09        all      0.00      0.00      0.00      0.00      0.00    100.00
00:21:10        all      0.00      0.00      0.00      0.00      0.00    100.00
00:21:11        all      0.00      0.00      0.00      0.00      0.00    100.00
00:21:12        all      0.00      0.00      0.00      0.50      0.50     98.99
00:21:13        all      0.00      0.00      0.99      3.96      0.50     94.55
00:21:14        all      0.00      0.00      0.00      0.00      0.00    100.00
00:21:15        all      0.00      0.00      0.00      0.00      0.00    100.00
00:21:16        all      0.00      0.00      0.00      0.00      0.00    100.00
00:21:17        all      0.00      0.00      0.00      0.00      0.00    100.00
00:21:18        all      0.00      0.00      1.49      1.99      0.50     96.02
00:21:19        all      0.00      0.00      1.01      7.54      1.01     90.45
00:21:20        all      0.50      0.00      0.50      0.00      0.00     99.00
00:21:21        all      0.00      0.00      0.00      0.00      0.00    100.00
00:21:22        all      0.00      0.00      0.00      0.00      0.00    100.00
00:21:23        all      0.50      0.00      0.00      0.00      0.50     99.01
