Linux 5.10.234-225.910.amzn2.x86_64 (ip-10-0-131-112.ec2.internal) 	03/22/25 	_x86_64_	(2 CPU)

00:20:51    kbmemfree kbmemused  %memused kbbuffers  kbcached  kbcommit   %commit  kbactive   kbinact   kbdirty
00:20:52      2808176   1135124     28.79      2088    900792    402368     10.20    179680    858684    172700
00:20:53      2759508   1183792     30.02      2088    913864    404196     10.25    179900    907672    185624
00:20:54      2758428   1184872     30.05      2088    913904    402768     10.21    180036    907284    185740
00:20:55      2689984   1253316     31.78      2088    913904    471444     11.96    180036    975684    185740
00:20:56      2674612   1268688     32.17      2088    913904    486292     12.33    180036    990596    185740
00:20:57      2674360   1268940     32.18      2088    913904    487336     12.36    180036    991668    185740
00:20:58      2672848   1270452     32.22      2088    913908    488904     12.40    180036    993468    172724
00:20:59      2881416   1061884     26.93      2088    914388    282636      7.17    180204    783992    174640
00:21:00      2881608   1061692     26.92      2088    914320    282636      7.17    180152    783936    174684
00:21:01      2881608   1061692     26.92      2088    914320    282636      7.17    180152    783936    174684
00:21:02      2881608   1061692     26.92      2088    914320    282636      7.17    180152    783936    174684
00:21:03      2881608   1061692     26.92      2088    914320    282636      7.17    180152    783944    173144
00:21:04      2881608   1061692     26.92      2088    914320    282636      7.17    180152    783944    173144
00:21:05      2881608   1061692     26.92      2088    914320    282636      7.17    180152    783944    173144
00:21:06      2881608   1061692     26.92      2088    914320    282636      7.17    180152    783944    173144
00:21:07      2881608   1061692     26.92      2088    914320    282636      7.17    180152    783944    173144
00:21:08      2881608   1061692     26.92      2088    914320    282636      7.17    180152    783944    173128
00:21:09      2881656   1061644     26.92      2088    914320    278496      7.06    180152    783932    173128
00:21:10      2881656   1061644     26.92      2088    914320    278496      7.06    180152    783932    173140
00:21:11      2881656   1061644     26.92      2088    914320    278496      7.06    180152    783932    173140
00:21:12      2881784   1061516     26.92      2088    914320    278496      7.06    180152    783932    173140
00:21:13      2881176   1062124     26.93      2088    914320    278496      7.06    180152    783932    138204
00:21:14      2881176   1062124     26.93      2088    914320    278496      7.06    180152    783932    138204
00:21:15      2881176   1062124     26.93      2088    914320    278496      7.06    180152    783932    138204
00:21:16      2881176   1062124     26.93      2088    914320    278496      7.06    180152    783932    138204
00:21:17      2881176   1062124     26.93      2088    914320    278496      7.06    180152    783932    138204
00:21:18      2878968   1064332     26.99      2088    914320    278496      7.06    180152    783932     97412
00:21:19      2875536   1067764     27.08      2088    914320    278496      7.06    180152    783932     19896
00:21:20      2875268   1068032     27.08      2088    914320    278496      7.06    180248    783836     19896
00:21:21      2875268   1068032     27.08      2088    914320    278496      7.06    180248    783836     19896
00:21:22      2875268   1068032     27.08      2088    914320    278496      7.06    180248    783836     19896
00:21:23      2875268   1068032     27.08      2088    914320    278496      7.06    180248    783836     19896
