Linux 5.10.234-225.910.amzn2.x86_64 (ip-10-0-141-34.us-west-2.compute.internal) 	03/26/25 	_x86_64_	(2 CPU)

03:51:19        CPU     %user     %nice   %system   %iowait    %steal     %idle
03:51:20        all     72.64      0.00      8.96      3.98     13.93      0.50
03:51:21        all     33.97      0.00     10.53     19.14     24.40     11.96
03:51:22        all     42.79      0.00      4.48      0.00     12.94     39.80
03:51:23        all     36.50      0.00      2.50      0.00     11.50     49.50
03:51:24        all     34.33      0.00      2.49      0.00     13.43     49.75
03:51:25        all     36.95      0.00      1.48      0.00     14.29     47.29
03:51:26        all     36.10      0.00      5.85      0.00     13.66     44.39
03:51:27        all     37.68      0.00      4.83      0.00     13.53     43.96
03:51:28        all     28.64      0.00      2.51      0.00      4.52     64.32
03:51:29        all      0.00      0.00      0.50      0.00      0.00     99.50
03:51:30        all      0.00      0.00      0.00      0.00      0.00    100.00
03:51:31        all      0.00      0.00      0.00      0.00      0.50     99.50
03:51:32        all      0.50      0.00      0.00      0.00      0.00     99.50
03:51:33        all      0.00      0.00      0.00      0.00      0.00    100.00
03:51:34        all      0.00      0.00      0.00      0.00      0.00    100.00
03:51:35        all      0.00      0.00      0.00      0.00      0.00    100.00
03:51:36        all      0.00      0.00      0.00      0.00      0.50     99.50
03:51:37        all      1.49      0.00      1.49      0.00      1.49     95.52
03:51:38        all      3.03      0.00      2.53      0.00      1.01     93.43
03:51:39        all      0.00      0.00      0.00      0.00      0.00    100.00
03:51:40        all      0.00      0.00      0.00      0.00      0.50     99.50
03:51:41        all      7.04      0.00      4.52      0.00      2.51     85.93
03:51:42        all     24.63      0.00      7.39      0.00      8.87     59.11
03:51:43        all     11.50      0.00      6.00      0.50      2.50     79.50
03:51:44        all      9.50      0.00      5.00      0.00      3.00     82.50
03:51:45        all     17.82      0.00      4.46      0.00      3.47     74.26
03:51:46        all     19.80      0.00      8.91      0.00      8.91     62.38
03:51:47        all      9.95      0.00      2.99      5.97      5.47     75.62
03:51:48        all     13.73      0.00      9.31      0.00     13.24     63.73
03:51:49        all     31.00      0.00      7.50      0.00     10.00     51.50
03:51:50        all      8.46      0.00      1.99      0.00      2.49     87.06
03:51:51        all     16.34      0.00      7.92      0.00      5.45     70.30
03:51:52        all     17.73      0.00      2.46      2.46      4.93     72.41
03:51:53        all     18.41      0.00      7.46      0.00      3.48     70.65
03:51:54        all     12.38      0.00      5.94      0.00      3.96     77.72
03:51:55        all     30.00      0.00      7.00      0.00     11.00     52.00
03:51:56        all     13.93      0.00      6.97      0.00      2.99     76.12
03:51:57        all      8.50      0.00      2.50      0.00      1.50     87.50
03:51:58        all     13.86      0.00      6.44      0.00     10.89     68.81
03:51:59        all     25.25      0.00      6.93      0.00     10.89     56.93
03:52:00        all      6.40      0.00      2.96      0.00      6.90     83.74
03:52:01        all     18.14      0.00      5.39      0.00      5.88     70.59
03:52:02        all      5.31      0.00      4.83      0.00     24.15     65.70
03:52:03        all     22.82      0.00      5.34      0.00     18.93     52.91
03:52:04        all      8.50      0.00      3.50      0.00      1.00     87.00
03:52:05        all      8.87      0.00      2.96      0.00      7.39     80.79
03:52:06        all     18.05      0.00      8.29      0.00     12.68     60.98
03:52:07        all     12.75      0.00      3.43      0.00      6.37     77.45
03:52:08        all     22.55      0.00      7.35      0.00     13.73     56.37
03:52:09        all     14.93      0.00      6.47      0.00      6.97     71.64
03:52:10        all      8.33      0.00      5.88      0.00      4.90     80.88
03:52:11        all     22.50      0.00      4.50      0.00     14.00     59.00
03:52:12        all     18.41      0.00      4.98      0.00      6.97     69.65
03:52:13        all     11.88      0.00      3.47      0.00      5.45     79.21
03:52:14        all     26.60      0.00      7.39      0.00      6.90     59.11
03:52:15        all     18.72      0.00      7.39      0.00      5.42     68.47
03:52:16        all     11.88      0.00      2.97      0.00      5.94     79.21
03:52:17        all     21.39      0.00      5.97      0.00      4.98     67.66
03:52:18        all     25.62      0.00      8.37      0.99      8.87     56.16
03:52:19        all     11.33      0.00      3.94      0.00      6.40     78.33
03:52:20        all     11.00      0.00      6.00      0.00      5.50     77.50
03:52:21        all     22.77      0.00      3.96      0.00      5.45     67.82
03:52:22        all     10.10      0.00      5.56      0.00      2.02     82.32
03:52:23        all     13.37      0.00      2.97      0.50      2.97     80.20
03:52:24        all     10.95      0.00      7.46      0.00      1.99     79.60
03:52:25        all     27.59      0.00      6.40      0.00     10.84     55.17
03:52:26        all     10.45      0.00      3.48      0.00      2.99     83.08
03:52:27        all     20.30      0.00      7.43      0.00      8.91     63.37
03:52:28        all     14.50      0.00      4.50      0.50      5.50     75.00
03:52:29        all     29.41      0.00     10.78      0.00      8.82     50.98
03:52:30        all     15.42      0.00      4.48      0.00      6.97     73.13
03:52:31        all      9.80      0.00      5.88      0.00      6.86     77.45
03:52:32        all     31.34      0.00      6.47      0.00      6.47     55.72
03:52:33        all      6.97      0.00      1.99      0.50      1.99     88.56
03:52:34        all     12.87      0.00      3.47      0.00      3.96     79.70
03:52:35        all     15.66      0.00      4.55      0.00      3.03     76.77
03:52:36        all     26.34      0.00     10.73      0.00     10.24     52.68
03:52:37        all     10.34      0.00      2.96      0.00      6.90     79.80
03:52:38        all     11.82      0.00      6.40      0.49      8.37     72.91
03:52:39        all     30.10      0.00      6.80      0.00      8.25     54.85
03:52:40        all     17.24      0.00      4.43      0.00      9.36     68.97
03:52:41        all     14.63      0.00      6.83      0.00      6.83     71.71
03:52:42        all     17.50      0.00      1.50      0.00      1.50     79.50
03:52:43        all     21.89      0.00      8.46      0.50      8.96     60.20
03:52:44        all      9.27      0.00      3.41      0.00      1.95     85.37
03:52:45        all     17.73      0.00      5.42      0.00     10.34     66.50
03:52:46        all     24.26      0.00      9.90      0.00     11.88     53.96
03:52:47        all     15.00      0.00      4.00      0.00      1.50     79.50
03:52:48        all     13.79      0.00      4.93      0.00      2.96     78.33
03:52:49        all     25.00      0.00      6.86      0.49      1.47     66.18
03:52:50        all     19.00      0.00      4.50      0.00      2.00     74.50
03:52:51        all      8.82      0.00      3.92      0.00     10.29     76.96
03:52:52        all     30.15      0.00      9.55      0.00      0.50     59.80
03:52:53        all     13.30      0.00      3.94      0.00      2.96     79.80
03:52:54        all     10.40      0.00      4.46      0.50      8.91     75.74
03:52:55        all     23.65      0.00      4.93      0.00      3.94     67.49
03:52:56        all     18.41      0.00      6.47      0.00      4.48     70.65
03:52:57        all     17.41      0.00      5.97      0.00      6.47     70.15
03:52:58        all      9.41      0.00      3.47      0.00      6.44     80.69
03:52:59        all     29.90      0.00      6.86      0.49      7.84     54.90
03:53:00        all     14.43      0.00      3.48      0.00      5.47     76.62
03:53:01        all     19.50      0.00      4.50      0.00     11.00     65.00
03:53:02        all      6.44      0.00      1.49      0.00      9.41     82.67
03:53:03        all      5.50      0.00      1.00      0.00      3.50     90.00
03:53:04        all     18.14      0.00      5.39      0.00      5.39     71.08
03:53:05        all     19.50      0.00      7.00      0.00      5.50     68.00
03:53:06        all      1.51      0.00      0.00      0.00      0.00     98.49
03:53:07        all     27.67      0.00      5.83      0.00     10.19     56.31
03:53:08        all     21.89      0.00      7.46      0.00      7.96     62.69
03:53:09        all      5.45      0.00      1.98      0.50      3.47     88.61
03:53:10        all     22.17      0.00      9.36      0.00     11.33     57.14
03:53:11        all      3.48      0.00      2.49      0.00      2.49     91.54
03:53:12        all     35.64      0.00      6.44      0.00     10.89     47.03
03:53:13        all      9.50      0.00      3.50      0.00      5.00     82.00
03:53:14        all     21.46      0.00      9.27      0.98      8.29     60.00
03:53:15        all     37.25      0.00     14.22      0.00     11.27     37.25
03:53:16        all      3.00      0.00      0.50      0.00      0.50     96.00
03:53:17        all     18.23      0.00      5.91      0.00     13.30     62.56
03:53:18        all     19.70      0.00      5.91      0.00     10.84     63.55
03:53:19        all     27.36      0.00      9.45      0.00      4.98     58.21
03:53:20        all     13.93      0.00      4.48      0.00      1.49     80.10
03:53:21        all      5.03      0.00      4.02      0.00      1.01     89.95
03:53:22        all     24.26      0.00      5.45      0.00      2.97     67.33
03:53:23        all     17.41      0.00      8.46      0.00      5.97     68.16
03:53:24        all     18.41      0.00      3.98      0.50      5.47     71.64
03:53:25        all     18.23      0.00      6.90      0.00      8.37     66.50
03:53:26        all     16.92      0.00      3.98      0.00      2.99     76.12
03:53:27        all      9.90      0.00      5.45      0.00      3.47     81.19
03:53:28        all     16.50      0.00      4.50      0.00      7.50     71.50
03:53:29        all     28.50      0.00      9.50      0.00      9.50     52.50
03:53:30        all     14.93      0.00      5.47      0.50      3.48     75.62
03:53:31        all     16.00      0.00      5.50      0.00      8.00     70.50
03:53:32        all      9.71      0.00      4.85      0.00      5.34     80.10
03:53:33        all     24.51      0.00      4.90      0.00     12.25     58.33
03:53:34        all     17.41      0.00      6.97      0.00      4.98     70.65
03:53:35        all     16.18      0.00      7.35      0.49     10.29     65.69
03:53:36        all     10.89      0.00      5.94      0.00      2.48     80.69
03:53:37        all     24.62      0.00      3.02      0.00     12.56     59.80
03:53:38        all     12.94      0.00      5.97      0.00      6.47     74.63
03:53:39        all     19.02      0.00      5.37      0.00      4.39     71.22
03:53:40        all     12.38      0.00      3.96      0.00      4.95     78.71
03:53:41        all     28.92      0.00      7.84      0.00     18.14     45.10
03:53:42        all      5.00      0.00      1.00      0.00      5.00     89.00
03:53:43        all     21.95      0.00      9.27      0.00     11.22     57.56
03:53:44        all     10.19      0.00      4.85      0.00     13.59     71.36
03:53:45        all     23.04      0.00      4.41      0.98      5.39     66.18
03:53:46        all     13.00      0.00      4.50      0.00      3.00     79.50
