Linux 5.10.234-225.917.amzn2.x86_64 (ip-10-0-174-2.us-west-2.compute.internal) 	03/29/25 	_x86_64_	(2 CPU)

00:34:00    kbmemfree kbmemused  %memused kbbuffers  kbcached  kbcommit   %commit  kbactive   kbinact   kbdirty
00:34:01      2808324   1134976     28.78      2088    904916    361904      9.18    180856    855588    300444
00:34:02      2801464   1141836     28.96      2088    904948    407380     10.33    180868    862560    160852
00:34:03      2770040   1173260     29.75      2088    917904    393444      9.98    181060    895068    173912
00:34:04      2732640   1210660     30.70      2088    917952    429800     10.90    181168    931628    174012
00:34:05      2710132   1233168     31.27      2088    917992    450276     11.42    181196    954476    174096
00:34:06      2673324   1269976     32.21      2088    917992    488140     12.38    181196    992384    174096
00:34:07      2670848   1272452     32.27      2088    917992    490900     12.45    181196    995008    174116
00:34:08      2664904   1278396     32.42      2088    918004    498380     12.64    181196   1001864    172928
00:34:09      2650072   1293228     32.80      2088    918008    514524     13.05    181196   1014976    172932
00:34:10      2857264   1086036     27.54      2088    917944    305464      7.75    181432    806896    173024
00:34:11      2870720   1072580     27.20      2088    920624    289536      7.34    181432    793868    175704
00:34:12      2849336   1093964     27.74      2088    920632    312068      7.91    181432    815824    175712
00:34:13      2857352   1085948     27.54      2088    920632    302544      7.67    181432    806812    175708
00:34:14      2839172   1104128     28.00      2088    920640    321248      8.15    181432    825120    175716
00:34:15      2856076   1087224     27.57      2088    923320    302112      7.66    181432    809040    178396
00:34:16      2853812   1089488     27.63      2088    923324    303272      7.69    181432    810544    178400
00:34:17      2852344   1090956     27.67      2088    923332    305812      7.76    181528    812636    178412
00:34:18      2856352   1086948     27.56      2088    926016    298976      7.58    181528    808596    181088
00:34:19      2845636   1097664     27.84      2088    926020    309536      7.85    181528    817228    181092
00:34:20      2845988   1097312     27.83      2088    926020    311404      7.90    181528    819184    181092
00:34:21      2838964   1104336     28.01      2088    926028    318096      8.07    181528    827132    181116
00:34:22      2841476   1101824     27.94      2088    928712    309896      7.86    181528    822672    183800
00:34:23      2833864   1109436     28.13      2088    928720    315072      7.99    181528    827048    107988
00:34:24      2817096   1126204     28.56      2088    928724    335216      8.50    181528    844608    107992
00:34:25      2829680   1113620     28.24      2088    931408    317696      8.06    181528    832556    110676
00:34:26      2823916   1119384     28.39      2088    931408    323604      8.21    181528    838468    110676
00:34:27      2824404   1118896     28.37      2088    931416    324532      8.23    181528    837944    110684
00:34:28      2825568   1117732     28.35      2088    934100    315240      7.99    181528    832724     52840
00:34:29      2822776   1120524     28.42      2088    934104    317680      8.06    181528    835556     34100
00:34:30      2818680   1124620     28.52      2088    934112    325336      8.25    181528    841168     34108
00:34:31      2803976   1139324     28.89      2088    934112    339428      8.61    181528    856148     34108
00:34:32      2813592   1129708     28.65      2088    937096    324192      8.22    181528    844444     37092
00:34:33      2812892   1130408     28.67      2088    937096    327252      8.30    181528    845272     37092
00:34:34      2808320   1134980     28.78      2088    937100    331328      8.40    181528    849840     18996
00:34:35      2802360   1140940     28.93      2088    937108    336412      8.53    181528    856636     19012
00:34:36      2799596   1143704     29.00      2088    940084    335008      8.50    181528    858296     21988
00:34:37      2804888   1138412     28.87      2088    940092    332688      8.44    181528    854652     21996
00:34:38      2798972   1144328     29.02      2088    940096    336644      8.54    181528    859748     22000
00:34:39      2798548   1144752     29.03      2088    942784    334104      8.47    181528    859896     24668
00:34:40      2793404   1149896     29.16      2088    942788    340980      8.65    181528    866488     24672
00:34:41      2794992   1148308     29.12      2088    942788    337860      8.57    181528    863568     24672
00:34:42      2787520   1155780     29.31      2088    942792    350384      8.89    181528    874824     24676
00:34:43      2795284   1148016     29.11      2088    945480    335876      8.52    181528    864600     27364
00:34:44      2792764   1150536     29.18      2088    945484    338696      8.59    181528    867640     24696
00:34:45      2787724   1155576     29.30      2088    945488    345604      8.76    181528    873188     24700
00:34:46      2785572   1157728     29.36      2088    948160    341724      8.67    181528    873588     27372
00:34:47      2785380   1157920     29.36      2088    948176    342356      8.68    181528    873696     27388
00:34:48      2784804   1158496     29.38      2088    948180    344864      8.75    181528    874140     27392
00:34:49      2775856   1167444     29.61      2088    948180    354408      8.99    181528    883448     22060
00:34:50      2782864   1160436     29.43      2088    950872    343936      8.72    181528    877604     24752
00:34:51      2778412   1164888     29.54      2088    950876    347580      8.81    181528    881640     24756
00:34:52      2777680   1165620     29.56      2088    950884    348496      8.84    181528    881464     24764
00:34:53      2780156   1163144     29.50      2088    953556    343216      8.70    181528    879932     27436
00:34:54      2774544   1168756     29.64      2088    953576    348172      8.83    181528    884632     24784
00:34:55      2776660   1166640     29.59      2088    953580    347660      8.82    181528    883640     24792
00:34:56      2775140   1168160     29.62      2088    956552    344884      8.75    181528    884428     27764
00:34:57      2776148   1167152     29.60      2088    956560    343964      8.72    181528    883864     27772
00:34:58      2775756   1167544     29.61      2088    956564    344800      8.74    181528    884460     27776
00:34:59      2766320   1176980     29.85      2088    956568    355928      9.03    181528    894092     22452
00:35:00      2739608   1203692     30.52      2088    956572    382520      9.70    181528    922368     22456
00:35:01      2757228   1186072     30.08      2088    959548    360916      9.15    181528    903092     25432
00:35:02      2759004   1184296     30.03      2088    959548    361260      9.16    181528    903216     25432
00:35:03      2757492   1185808     30.07      2088    959552    360888      9.15    181528    902700     25436
00:35:04      2755888   1187412     30.11      2088    959556    362884      9.20    181528    905144     22340
00:35:05      2752880   1190420     30.19      2088    959560    364760      9.25    181528    907892     22232
00:35:06      2759092   1184208     30.03      2088    962240    356432      9.04    181528    901740     24912
00:35:07      2747836   1195464     30.32      2088    962248    365744      9.28    181528    911728     24920
00:35:08      2745144   1198156     30.38      2088    962252    369292      9.37    181528    915348     24924
00:35:09      2749948   1193352     30.26      2088    964932    360896      9.15    181528    910136     27604
00:35:10      2747884   1195416     30.32      2088    964944    362624      9.20    181528    911064     21968
00:35:11      2746704   1196596     30.35      2088    964948    368240      9.34    181528    914128     21988
00:35:12      2733232   1210068     30.69      2088    968156    373716      9.48    181528    925340     25196
00:35:13      2739340   1203960     30.53      2088    968232    370240      9.39    181528    920316     25272
00:35:14      2742916   1200384     30.44      2088    968236    365892      9.28    181528    917232     25276
00:35:15      2737352   1205948     30.58      2088    968240    372236      9.44    181528    923288     22616
00:35:16      2739056   1204244     30.54      2088    970920    366372      9.29    181528    920456     25296
00:35:17      2736444   1206856     30.61      2088    970924    371200      9.41    181528    925028     25300
00:35:18      2729040   1214260     30.79      2088    970932    377700      9.58    181528    930936     25308
00:35:19      2725984   1217316     30.87      2088    970936    383324      9.72    181528    934548     25312
00:35:20      2708364   1234936     31.32      2088    973540    391960      9.94    181528    947900     25252
00:35:21      2712644   1230656     31.21      2088    973616    393772      9.99    181528    949560     25328
00:35:22      2717836   1225464     31.08      2088    973628    386228      9.79    181528    942328     25340
00:35:23      2705060   1238240     31.40      2088    973632    400788     10.16    181528    956988     25344
00:35:24      2719356   1223944     31.04      2088    976316    381644      9.68    181528    941016     28028
00:35:25      2714584   1228716     31.16      2088    976320    376776      9.55    181528    936072     22704
00:35:26      2715140   1228160     31.15      2088    976324    389204      9.87    181528    945768     22708
00:35:27      2716920   1226380     31.10      2088    979012    380664      9.65    181528    941980     25396
00:35:28      2717860   1225440     31.08      2088    979012    381432      9.67    181528    943560     25396
00:35:29      2708972   1234328     31.30      2088    979020    390792      9.91    181528    951480     25404
00:35:30      2711528   1231772     31.24      2088    979020    388256      9.85    181528    948648     22544
00:35:31      2705636   1237664     31.39      2088    979020    391484      9.93    181528    953920     22544
00:35:32      2713188   1230112     31.19      2088    981708    381368      9.67    181528    946540     25232
00:35:33      2710092   1233208     31.27      2088    981708    384020      9.74    181528    948548     25232
00:35:34      2703792   1239508     31.43      2088    981716    394792     10.01    181528    958000     25240
00:35:35      2694720   1248580     31.66      2088    981716    400320     10.15    181528    964932     22028
00:35:36      2708048   1235252     31.33      2088    984992    385256      9.77    181528    952864     25308
00:35:37      2703452   1239848     31.44      2088    984996    384260      9.74    181528    951996     25312
00:35:38      2707548   1235752     31.34      2088    985000    387672      9.83    181528    953856     25316
00:35:39      2700744   1242556     31.51      2088    985004    394364     10.00    181528    960672     25320
00:35:40      2697932   1245368     31.58      2088    987684    391884      9.94    181528    962164     22700
00:35:41      2695856   1247444     31.63      2088    987696    393668      9.98    181528    963608     22684
00:35:42      2696112   1247188     31.63      2088    987704    393000      9.97    181528    962924     22692
00:35:43      2690048   1253252     31.78      2088    987708    399348     10.13    181528    969544     22696
00:35:44      2692940   1250360     31.71      2088    990392    394416     10.00    181528    967684     25384
00:35:45      2689468   1253832     31.80      2088    990396    396940     10.07    181528    969536     22188
00:35:46      2686464   1256836     31.87      2088    990400    402084     10.20    181528    973184     22120
00:35:47      2645812   1297488     32.90      2088    990400    442712     11.23    181528   1015452     22120
00:35:48      2683100   1260200     31.96      2088    993680    401060     10.17    181528    977256     25400
00:35:49      2683096   1260204     31.96      2088    993688    399152     10.12    181528    975316     25408
00:35:50      2672976   1270324     32.21      2088    993692    412008     10.45    181528    986044     25412
00:35:51      2676584   1266716     32.12      2088    996372    403888     10.24    181528    982856     22764
00:35:52      2677444   1265856     32.10      2088    996372    404856     10.27    181528    983800     22764
00:35:53      2668220   1275080     32.34      2088    996376    413980     10.50    181528    992568     22768
00:35:54      2666252   1277048     32.39      2088    996384    415220     10.53    181528    994824     22780
00:35:55      2669268   1274032     32.31      2088    996388    410244     10.40    181528    991548     22784
00:35:56      2653264   1290036     32.71      2088    999064    425944     10.80    181528   1006436     22796
00:35:57      2656360   1286940     32.64      2088    999068    417464     10.59    181528    998988     22800
00:35:58      2661112   1282188     32.52      2088    999072    420584     10.67    181528   1000304     22804
00:35:59      2654828   1288472     32.67      2088   1002040    421020     10.68    181528   1005816     25772
00:36:00      2660136   1283164     32.54      2088   1002052    414628     10.51    181528    999632     25788
00:36:01      2660180   1283120     32.54      2088   1002056    413908     10.50    181528    998884     23024
00:36:02      2653876   1289424     32.70      2088   1002060    412208     10.45    181528    997312     23028
00:36:03      2654132   1289168     32.69      2088   1002064    422892     10.72    181528   1006184     23032
00:36:04      2656640   1286660     32.63      2088   1002064    416928     10.57    181528   1002832     23032
00:36:05      2632200   1311100     33.25      2088   1004744    442312     11.22    181528   1029040     25712
00:36:06      2635476   1307824     33.17      2088   1004752    437420     11.09    181528   1024696     19576
00:36:07      2645672   1297628     32.91      2088   1004756    425804     10.80    181528   1011760     19580
00:36:08      2628496   1314804     33.34      2088   1007360    439156     11.14    181528   1029812     22184
00:36:09      2632956   1310344     33.23      2088   1007440    438528     11.12    181528   1028484     22264
00:36:10      2629648   1313652     33.31      2088   1007448    440040     11.16    181528   1030388     22272
00:36:11      2638436   1304864     33.09      2088   1007452    431848     10.95    181528   1021104     19608
00:36:12      2638788   1304512     33.08      2088   1007452    431460     10.94    181528   1020652     19608
00:36:13      2644256   1299044     32.94      2088   1010136    422340     10.71    181528   1015156     22292
00:36:14      2613668   1329632     33.72      2088   1010136    455160     11.54    181528   1047604     22292
00:36:15      2631688   1311612     33.26      2088   1010144    420288     10.66    181528   1013132     22300
00:36:16      2639752   1303548     33.06      2088   1010148    429396     10.89    181528   1021428     19632
00:36:17      2609952   1333348     33.81      2088   1012828    452808     11.48    181528   1048852     22316
00:36:18      2617012   1326288     33.63      2088   1012832    447420     11.35    181528   1042208     22320
00:36:19      2625824   1317476     33.41      2088   1012836    441760     11.20    181528   1034408     22324
00:36:20      2631372   1311928     33.27      2088   1012840    437560     11.10    181528   1030836     22328
00:36:21      2606648   1336652     33.90      2088   1015516    455668     11.56    181528   1053176     19084
00:36:22      2607864   1335436     33.87      2088   1015520    455068     11.54    181528   1052564     19088
00:36:23      2606952   1336348     33.89      2088   1015524    454876     11.54    181528   1052108     19092
00:36:24      2613816   1329484     33.72      2088   1015532    449836     11.41    181528   1045976     19100
00:36:25      2607700   1335600     33.87      2088   1015532    456356     11.57    181528   1051336     19100
00:36:26      2607172   1336128     33.88      2088   1018216    454224     11.52    181528   1053876     19184
00:36:27      2604592   1338708     33.95      2088   1018220    454636     11.53    181528   1054856     19120
00:36:28      2607196   1336104     33.88      2088   1018224    455440     11.55    181528   1054136     19124
00:36:29      2612360   1330940     33.75      2088   1018228    446384     11.32    181528   1046796     19128
00:36:30      2611336   1331964     33.78      2088   1020908    446600     11.33    181528   1049780     21808
00:36:31      2609984   1333316     33.81      2088   1020916    445288     11.29    181528   1048232     18852
00:36:32      2609228   1334072     33.83      2088   1020920    450056     11.41    181528   1051648     18856
00:36:33      2598792   1344508     34.10      2088   1023608    455416     11.55    181528   1061204     21544
00:36:34      2593792   1349508     34.22      2088   1023612    452732     11.48    181528   1058460     21548
00:36:35      2602036   1341264     34.01      2088   1023620    452960     11.49    181528   1057812     21556
00:36:36      2602684   1340616     34.00      2088   1023624    453188     11.49    181528   1058112     21560
00:36:37      2577948   1365352     34.62      2088   1026304    474548     12.03    181528   1082236     21348
00:36:38      2578136   1365164     34.62      2088   1026312    473660     12.01    181528   1081380     21356
00:36:39      2578636   1364664     34.61      2088   1026316    470912     11.94    181528   1078276     21360
00:36:40      2598012   1345288     34.12      2088   1026320    454876     11.54    181528   1063056     21368
00:36:41      2574072   1369228     34.72      2088   1029000    475284     12.05    181528   1085408     24048
00:36:42      2575388   1367912     34.69      2088   1029000    475028     12.05    181528   1085152     21384
00:36:43      2573604   1369696     34.73      2088   1029008    459744     11.66    181528   1070288     21392
00:36:44      2589420   1353880     34.33      2088   1029012    461108     11.69    181528   1071444     21396
00:36:45      2549204   1394096     35.35      2088   1031696    499100     12.66    181528   1112384     24080
00:36:46      2538116   1405184     35.63      2088   1031696    509724     12.93    181528   1123392     24080
00:36:47      2552176   1391124     35.28      2088   1031704    485332     12.31    181528   1097508     21404
00:36:48      2572988   1370312     34.75      2088   1031708    473280     12.00    181528   1086972     21416
00:36:49      2558016   1385284     35.13      2088   1034388    485388     12.31    181528   1100940     24108
00:36:50      2559024   1384276     35.10      2088   1034396    485312     12.31    181528   1101728     24116
00:36:51      2561796   1381504     35.03      2088   1034400    467460     11.85    181528   1084344     24120
00:36:52      2575640   1367660     34.68      2088   1034404    467644     11.86    181528   1084636     18796
00:36:53      2547876   1395424     35.39      2088   1037372    494616     12.54    181528   1112952     21764
00:36:54      2535280   1408020     35.71      2088   1037384    508876     12.90    181528   1126176     21776
00:36:55      2541116   1402184     35.56      2088   1037392    501956     12.73    181528   1119372     21784
00:36:56      2546648   1396652     35.42      2088   1037396    495112     12.56    181528   1114476     21788
00:36:57      2519084   1424216     36.12      2088   1037396    521500     13.22    181528   1140800     19124
00:36:58      2546096   1397204     35.43      2088   1040372    493180     12.51    181528   1113716     22100
00:36:59      2545540   1397760     35.45      2088   1040376    492996     12.50    181528   1113876     22104
00:37:00      2547124   1396176     35.41      2088   1040384    493628     12.52    181528   1113696     22112
00:37:01      2517168   1426132     36.17      2088   1040388    519884     13.18    181528   1141460     22116
00:37:02      2517668   1425632     36.15      2088   1040396    518536     13.15    181528   1140104     19460
00:37:03      2515656   1427644     36.20      2088   1043072    519788     13.18    181528   1143992     22136
00:37:04      2524624   1418676     35.98      2088   1043080    509156     12.91    181528   1133956     22144
00:37:05      2523696   1419604     36.00      2088   1043084    513676     13.03    181528   1136576     22148
00:37:06      2530412   1412888     35.83      2088   1043088    503144     12.76    181528   1127932     22152
00:37:07      2519844   1423456     36.10      2088   1045768    513532     13.02    181528   1140488     19276
00:37:08      2503276   1440024     36.52      2088   1045772    510792     12.95    181528   1137924     19280
00:37:09      2519652   1423648     36.10      2088   1045780    510636     12.95    181528   1139348     19288
00:37:10      2517800   1425500     36.15      2088   1045784    511804     12.98    181528   1139520     19292
00:37:11      2539304   1403996     35.60      2088   1048464    489396     12.41    181528   1120228     21972
00:37:12      2529476   1413824     35.85      2088   1048468    499296     12.66    181528   1129936     19308
00:37:13      2541320   1401980     35.55      2088   1048476    491164     12.46    181528   1119368     19316
00:37:14      2528468   1414832     35.88      2088   1048480    503916     12.78    181528   1134304     19320
00:37:15      2529668   1413632     35.85      2088   1051160    496880     12.60    181528   1129632     22000
00:37:16      2537228   1406072     35.66      2088   1051164    489420     12.41    181528   1122260     22004
00:37:17      2533500   1409800     35.75      2088   1051172    492828     12.50    181528   1124524     22012
00:37:18      2479068   1464232     37.13      2088   1051172    547620     13.89    181528   1181128     19336
00:37:19      2536768   1406532     35.67      2088   1053852    486844     12.35    181528   1123332     22024
00:37:20      2484588   1458712     36.99      2088   1053856    539772     13.69    181528   1173796     22028
00:37:21      2520128   1423172     36.09      2088   1053864    508312     12.89    181528   1140004     22036
00:37:22      2474004   1469296     37.26      2088   1053868    553280     14.03    181528   1187212     22040
00:37:23      2532376   1410924     35.78      2088   1056556    489856     12.42    181528   1126508     22048
00:37:24      2532964   1410336     35.77      2088   1056564    492520     12.49    181528   1127380     22056
00:37:25      2529516   1413784     35.85      2088   1056568    492832     12.50    181528   1127340     22060
00:37:26      2476212   1467088     37.20      2088   1059236    543416     13.78    181528   1183152     24728
00:37:27      2525392   1417908     35.96      2088   1059252    493256     12.51    181528   1133148     24744
00:37:28      2528116   1415184     35.89      2088   1059256    490940     12.45    181528   1130748     18828
00:37:29      2525396   1417904     35.96      2088   1059260    495416     12.56    181528   1133000     18832
00:37:30      2462648   1480652     37.55      2088   1059260    557052     14.13    181528   1196456     18832
00:37:31      2522676   1420624     36.03      2088   1061944    493388     12.51    181528   1135360     21616
00:37:32      2524396   1418904     35.98      2088   1061948    492700     12.49    181528   1135108     21628
00:37:33      2523320   1419980     36.01      2088   1061952    491656     12.47    181528   1134204     18968
00:37:34      2522828   1420472     36.02      2088   1061956    496760     12.60    181528   1136956     18972
00:37:35      2461380   1481920     37.58      2088   1061956    557728     14.14    181528   1199680     18972
00:37:36      2520464   1422836     36.08      2088   1064644    494472     12.54    181528   1139040     21660
00:37:37      2521332   1421968     36.06      2088   1064648    497208     12.61    181528   1139912     21676
00:37:38      2520272   1423028     36.09      2088   1064652    497088     12.61    181528   1139968     18784
00:37:39      2480236   1463064     37.10      2088   1067324    530560     13.45    181528   1178608     21456
00:37:40      2518804   1424496     36.12      2088   1067332    492348     12.49    181528   1140712     21464
00:37:41      2517796   1425504     36.15      2088   1067340    493736     12.52    181528   1141576     21472
00:37:42      2517260   1426040     36.16      2088   1067348    496648     12.59    181528   1143068     21480
00:37:43      2471428   1471872     37.33      2088   1067352    540884     13.72    181528   1188836     18820
00:37:44      2506952   1436348     36.43      2088   1070328    500536     12.69    181528   1151728     21796
00:37:45      2512148   1431152     36.29      2088   1070332    496180     12.58    181528   1147160     21800
00:37:46      2512212   1431088     36.29      2088   1070332    496480     12.59    181528   1146912     21800
00:37:47      2512984   1430316     36.27      2088   1070340    496244     12.58    181528   1146856     21808
00:37:48      2487368   1455932     36.92      2088   1070340    523932     13.29    181528   1174344     19144
00:37:49      2503328   1439972     36.52      2088   1073024    501868     12.73    181528   1154672     21828
00:37:50      2505956   1437344     36.45      2088   1073028    499236     12.66    181528   1151888     21832
00:37:51      2502220   1441080     36.55      2088   1073032    505092     12.81    181528   1156568     21836
00:37:52      2500556   1442744     36.59      2088   1073036    507872     12.88    181528   1160252     21840
00:37:53      2486312   1456988     36.95      2088   1075712    515908     13.08    181528   1172432     19236
00:37:54      2486564   1456736     36.94      2088   1075716    516444     13.10    181528   1172204     19184
00:37:55      2483028   1460272     37.03      2088   1075724    509156     12.91    181528   1164188     19192
00:37:56      2494188   1449112     36.75      2088   1075728    513492     13.02    181528   1167936     19196
00:37:57      2454280   1489020     37.76      2088   1078408    545232     13.83    181528   1203756     21876
00:37:58      2459300   1484000     37.63      2088   1078408    542460     13.76    181528   1201080     19376
00:37:59      2464160   1479140     37.51      2088   1078420    530932     13.46    181528   1187764     19224
00:38:00      2485896   1457404     36.96      2088   1078420    519088     13.16    181528   1175296     19224
00:38:01      2492856   1450444     36.78      2088   1081100    505396     12.82    181528   1166784     21904
00:38:02      2464368   1478932     37.50      2088   1081104    533280     13.52    181528   1194900     21908
00:38:03      2489580   1453720     36.87      2088   1081108    507008     12.86    181528   1169100     21912
00:38:04      2483788   1459512     37.01      2088   1081112    514664     13.05    181528   1175232     19144
00:38:05      2405664   1537636     38.99      2088   1081116    590776     14.98    181528   1253040     19148
00:38:06      2488336   1454964     36.90      2088   1083792    506704     12.85    181528   1171316     21824
00:38:07      2485740   1457560     36.96      2088   1083804    508496     12.90    181528   1172752     21836
00:38:08      2487524   1455776     36.92      2088   1083808    510580     12.95    181528   1172700     21840
00:38:09      2472660   1470640     37.29      2088   1086780    518652     13.15    181528   1185348     21936
00:38:10      2454024   1489276     37.77      2088   1086784    537860     13.64    181528   1204344     21940
00:38:11      2482636   1460664     37.04      2088   1086800    508792     12.90    181528   1175884     21956
00:38:12      2484004   1459296     37.01      2088   1086804    511376     12.97    181528   1176492     21960
00:38:13      2455024   1488276     37.74      2088   1086808    537120     13.62    181528   1204472     21964
00:38:14      2469628   1473672     37.37      2088   1089480    518172     13.14    181528   1188752     19012
00:38:15      2480216   1463084     37.10      2088   1089492    507376     12.87    181528   1178172     19024
00:38:16      2478720   1464580     37.14      2088   1089500    509292     12.92    181528   1179040     19032
00:38:17      2479712   1463588     37.12      2088   1089504    512548     13.00    181528   1180292     19036
00:38:18      2434084   1509216     38.27      2088   1089508    555712     14.09    181528   1224792     19040
00:38:19      2474584   1468716     37.25      2088   1092184    510864     12.96    181528   1183592     19052
00:38:20      2471608   1471692     37.32      2088   1092196    513720     13.03    181528   1186088     19064
00:38:21      2469012   1474288     37.39      2088   1092200    517796     13.13    181528   1189728     19068
00:38:22      2469196   1474104     37.38      2088   1092200    517464     13.12    181528   1189544     19068
00:38:23      2436196   1507104     38.22      2088   1094876    548620     13.91    181528   1223556     21744
00:38:24      2459680   1483620     37.62      2088   1094888    521864     13.23    181528   1197408     19076
00:38:25      2464200   1479100     37.51      2088   1094892    524036     13.29    181528   1196980     19088
00:38:26      2448964   1494336     37.90      2088   1094896    537152     13.62    181528   1209956     19092
00:38:27      2461064   1482236     37.59      2088   1097576    519316     13.17    181528   1197384     21772
00:38:28      2460316   1482984     37.61      2088   1097580    520456     13.20    181528   1198424     21776
00:38:29      2459368   1483932     37.63      2088   1097584    521372     13.22    181528   1198984     19116
00:38:30      2451364   1491936     37.83      2088   1097588    534080     13.54    181528   1209540     19120
00:38:31      2429180   1514120     38.40      2088   1100260    550384     13.96    181528   1230408     21792
00:38:32      2455196   1488104     37.74      2088   1100276    523820     13.28    181528   1204124     21808
00:38:33      2451552   1491748     37.83      2088   1100276    523160     13.27    181528   1203496     21808
00:38:34      2449464   1493836     37.88      2088   1100280    531640     13.48    181528   1210356     19212
00:38:35      2337904   1605396     40.71      2088   1100288    641712     16.27    181528   1319996     19156
00:38:36      2424124   1519176     38.53      2088   1102960    550504     13.96    181528   1233840     21828
00:38:37      2447568   1495732     37.93      2088   1102964    527480     13.38    181528   1210732     21832
00:38:38      2448072   1495228     37.92      2088   1102968    527088     13.37    181528   1210524     21836
00:38:39      2447724   1495576     37.93      2088   1102972    528132     13.39    181528   1211532     15992
00:38:40      2445516   1497784     37.98      2088   1102976    530796     13.46    181528   1212776     16000
00:38:41      2440492   1502808     38.11      2088   1102980    534704     13.56    181528   1218556     16004
00:38:42      2407224   1536076     38.95      2088   1105584    566696     14.37    181528   1252416     18620
00:38:43      2443260   1500040     38.04      2088   1105664    530272     13.45    181528   1216644     18700
00:38:44      2438220   1505080     38.17      2088   1105668    535372     13.58    181528   1221168     18704
00:38:45      2441652   1501648     38.08      2088   1105672    534820     13.56    181528   1218892     16044
00:38:46      2339940   1603360     40.66      2088   1105676    633048     16.05    181528   1318984     16048
00:38:47      2434580   1508720     38.26      2088   1108344    534908     13.56    181528   1223892     18716
00:38:48      2431408   1511892     38.34      2088   1108360    538836     13.66    181528   1226608     18732
00:38:49      2435692   1507608     38.23      2088   1108368    537264     13.62    181528   1224756     18740
00:38:50      2428132   1515168     38.42      2088   1108368    544480     13.81    181528   1230864     16076
00:38:51      2372884   1570416     39.82      2088   1111040    594428     15.07    181528   1285436     18748
00:38:52      2426284   1517016     38.47      2088   1111060    541836     13.74    181528   1232772     18768
00:38:53      2428360   1514940     38.42      2088   1111068    541932     13.74    181528   1231460     18776
00:38:54      2425992   1517308     38.48      2088   1111068    542124     13.75    181528   1231464     18776
00:38:55      2315208   1628092     41.29      2088   1113736    648392     16.44    181528   1343136     18768
00:38:56      2421148   1522152     38.60      2088   1113752    542392     13.75    181528   1237464     18792
00:38:57      2420800   1522500     38.61      2088   1113756    544112     13.80    181528   1238068     18796
00:38:58      2421304   1521996     38.60      2088   1113760    546360     13.86    181528   1238764     18800
00:38:59      2413744   1529556     38.79      2088   1113760    553440     14.03    181528   1245404     18800
00:39:00      2320496   1622804     41.15      2088   1116432    642004     16.28    181528   1338708     18808
00:39:01      2419876   1523424     38.63      2088   1116448    543644     13.79    181528   1240384     18824
00:39:02      2417012   1526288     38.71      2088   1116448    545324     13.83    181528   1241804     18824
00:39:03      2411664   1531636     38.84      2088   1116452    549864     13.94    181528   1246264     18828
00:39:04      2414976   1528324     38.76      2088   1116456    547480     13.88    181528   1242972     18832
00:39:05      2382488   1560812     39.58      2088   1116456    580356     14.72    181528   1277584     16168
00:39:06      2413472   1529828     38.80      2088   1119136    545196     13.83    181528   1244612     18848
00:39:07      2412720   1530580     38.81      2088   1119148    547648     13.89    181528   1246628     18860
00:39:08      2411460   1531840     38.85      2088   1119148    548816     13.92    181528   1247844     18860
00:39:09      2405412   1537888     39.00      2088   1119156    556280     14.11    181528   1253924     18868
00:39:10      2406644   1536656     38.97      2088   1119156    552712     14.02    181528   1251968     16012
00:39:11      2338876   1604424     40.69      2088   1121828    619208     15.70    181528   1320624     18684
00:39:12      2395204   1548096     39.26      2088   1121832    561128     14.23    181528   1263200     18688
00:39:13      2402316   1540984     39.08      2088   1121844    554152     14.05    181528   1256012     18700
00:39:14      2401592   1541708     39.10      2088   1121848    557964     14.15    181528   1258228     18704
00:39:15      2393432   1549868     39.30      2088   1121852    564336     14.31    181528   1264440     16032
00:39:16      2298800   1644500     41.70      2088   1124816    655568     16.62    181528   1360572     18996
00:39:17      2374400   1568900     39.79      2088   1124820    578880     14.68    181528   1283596     19000
00:39:18      2375912   1567388     39.75      2088   1124832    578584     14.67    181528   1283320     19012
00:39:19      2378936   1564364     39.67      2088   1124836    575692     14.60    181528   1279164     19016
00:39:20      2385488   1557812     39.51      2088   1124840    569112     14.43    181528   1273356     16420
00:39:21      2348880   1594420     40.43      2088   1127508    601028     15.24    181528   1309020     19024
00:39:22      2355484   1587816     40.27      2088   1127524    596340     15.12    181528   1303652     19040
00:39:23      2376396   1566904     39.74      2088   1127528    568908     14.43    181528   1276808     19044
00:39:24      2381268   1562032     39.61      2088   1127532    571996     14.51    181528   1278004     19156
00:39:25      2378896   1564404     39.67      2088   1127536    576968     14.63    181528   1282404     19160
00:39:26      2384748   1558552     39.52      2088   1130216    564248     14.31    181528   1274272     16500
00:39:27      2328992   1614308     40.94      2088   1130216    620836     15.74    181528   1330772     16508
00:39:28      2368504   1574796     39.94      2088   1130224    562640     14.27    181528   1272884     16516
00:39:29      2375864   1567436     39.75      2088   1130232    574612     14.57    181528   1284180     16524
00:39:30      2304980   1638320     41.55      2088   1132840    639060     16.21    181528   1352960     19144
00:39:31      2326212   1617088     41.01      2088   1132916    618876     15.69    181528   1332104     16556
00:39:32      2326620   1616680     41.00      2088   1132920    619624     15.71    181528   1332652     16560
00:39:33      2359448   1583852     40.17      2088   1132924    585608     14.85    181528   1298788     16564
00:39:34      2357964   1585336     40.20      2088   1132924    589496     14.95    181528   1301752     16564
00:39:35      2266428   1676872     42.52      2088   1135596    674736     17.11    181528   1391328     19236
00:39:36      2369296   1574004     39.92      2088   1135612    574844     14.58    181528   1290488     16588
00:39:37      2366360   1576940     39.99      2088   1135620    577156     14.64    181528   1291300     16596
00:39:38      2363176   1580124     40.07      2088   1135624    580472     14.72    181528   1294760     16600
00:39:39      2332000   1611300     40.86      2088   1138292    608964     15.44    181528   1327452     19268
00:39:40      2363832   1579468     40.05      2088   1138304    575792     14.60    181528   1294916     19280
00:39:41      2362492   1580808     40.09      2088   1138312    576404     14.62    181528   1295180     19084
00:39:42      2355680   1587620     40.26      2088   1138316    586616     14.88    181528   1303604     19088
00:39:43      2355756   1587544     40.26      2088   1138316    584648     14.83    181528   1301728     19088
00:39:44      2339796   1603504     40.66      2088   1141272    596888     15.14    181528   1319248     22044
00:39:45      2359736   1583564     40.16      2088   1141300    577572     14.65    181528   1300060     22072
00:39:46      2356880   1586420     40.23      2088   1141304    579680     14.70    181528   1301372     19412
00:39:47      2353352   1589948     40.32      2088   1141308    588420     14.92    181528   1304956     19416
00:39:48      2353380   1589920     40.32      2088   1141312    584184     14.81    181528   1305880     19420
00:39:49      2353396   1589904     40.32      2088   1143980    581312     14.74    181528   1306060     22088
00:39:50      2356164   1587136     40.25      2088   1143988    577596     14.65    181528   1302236     22096
00:39:51      2356168   1587132     40.25      2088   1143992    578932     14.68    181528   1303412     19140
00:39:52      2354012   1589288     40.30      2088   1143996    580044     14.71    181528   1304116     19144
00:39:53      2349112   1594188     40.43      2088   1143996    585632     14.85    181528   1309380     19144
00:39:54      2348828   1594472     40.43      2088   1144000    588764     14.93    181528   1311036     19148
00:39:55      2316352   1626948     41.26      2088   1144004    619264     15.70    181528   1343308     19152
00:39:56      2350364   1592936     40.40      2088   1146688    581336     14.74    181528   1308556     16400
00:39:57      2351064   1592236     40.38      2088   1146692    580388     14.72    181528   1307040     16404
00:39:58      2350648   1592652     40.39      2088   1146700    584432     14.82    181528   1309404     16412
00:39:59      2337764   1605536     40.72      2088   1146708    593372     15.05    181528   1319312     16420
00:40:00      2237964   1705336     43.25      2088   1149372    692624     17.56    181528   1421564     19084
00:40:01      2342700   1600600     40.59      2088   1149384    586384     14.87    181528   1315688     16496
00:40:02      2339512   1603788     40.67      2088   1149432    589316     14.94    181660   1318176     16660
00:40:03      2341484   1601816     40.62      2088   1149436    586852     14.88    181660   1315972     16664
00:40:04      2341284   1602016     40.63      2088   1149436    590944     14.99    181660   1318340     16664
00:40:05      2320368   1622932     41.16      2088   1149444    610228     15.48    181660   1338880     16672
00:40:06      2277992   1665308     42.23      2088   1152116    648564     16.45    181660   1380260     16680
00:40:07      2336456   1606844     40.75      2088   1152124    589388     14.95    181660   1322204     16688
00:40:08      2334724   1608576     40.79      2088   1152132    588192     14.92    181660   1320900     16696
00:40:09      2336520   1606780     40.75      2088   1152136    591876     15.01    181660   1323004     16700
00:40:10      2333716   1609584     40.82      2088   1152136    594524     15.08    181660   1325196     16700
00:40:11      2253328   1689972     42.86      2088   1152144    673308     17.07    181660   1405304     16708
00:40:12      2320048   1623252     41.16      2088   1154812    602560     15.28    181660   1337856     16544
00:40:13      2332292   1611008     40.85      2088   1154824    590688     14.98    181660   1326320     16556
00:40:14      2324636   1618664     41.05      2088   1154828    596192     15.12    181660   1332544     16560
00:40:15      2328000   1615300     40.96      2088   1154832    597004     15.14    181660   1330220     16564
00:40:16      2330128   1613172     40.91      2088   1154836    594028     15.06    181660   1328956     16568
00:40:17      2249964   1693336     42.94      2088   1157504    670076     16.99    181660   1407996     16276
00:40:18      2324816   1618484     41.04      2088   1157520    595440     15.10    181660   1333584     16292
00:40:19      2321048   1622252     41.14      2088   1157520    599260     15.20    181660   1336104     16292
00:40:20      2323620   1619680     41.07      2088   1157528    601136     15.24    181660   1336396     16300
00:40:21      2323316   1619984     41.08      2088   1157528    601168     15.25    181660   1336480     16300
00:40:22      2198316   1744984     44.25      2088   1160196    722188     18.31    181660   1461980     16304
00:40:23      2317436   1625864     41.23      2088   1160212    601048     15.24    181660   1341556     16320
00:40:24      2316052   1627248     41.27      2088   1160216    602160     15.27    181660   1342464     16324
00:40:25      2316756   1626544     41.25      2088   1160220    604112     15.32    181660   1342288     16328
00:40:26      2312304   1630996     41.36      2088   1160224    608912     15.44    181660   1346596     16332
00:40:27      2257840   1685460     42.74      2088   1162896    658796     16.71    181660   1401244     16340
00:40:28      2309248   1634052     41.44      2088   1162908    606356     15.38    181660   1349336     16352
00:40:29      2308004   1635296     41.47      2088   1162912    606428     15.38    181660   1349220     16356
00:40:30      2307168   1636132     41.49      2088   1162916    610796     15.49    181660   1351584     16360
00:40:31      2295184   1648116     41.80      2088   1162920    623888     15.82    181660   1362620     16364
00:40:32      2290588   1652712     41.91      2088   1165524    623632     15.81    181660   1368320     16060
00:40:33      2251076   1692224     42.91      2088   1165592    661780     16.78    181660   1406488     16136
00:40:34      2300468   1642832     41.66      2088   1165608    612828     15.54    181660   1358536     16152
00:40:35      2301220   1642080     41.64      2088   1165608    610688     15.49    181660   1356628     16152
00:40:36      2292524   1650776     41.86      2088   1165616    619920     15.72    181660   1364156     16160
00:40:37      2258032   1685268     42.74      2088   1168284    650872     16.51    181660   1399480     16152
00:40:38      2298388   1644912     41.71      2088   1168288    611044     15.50    181660   1359128     16156
00:40:39      2299064   1644236     41.70      2088   1168300    611912     15.52    181660   1360232     16168
00:40:40      2294600   1648700     41.81      2088   1168304    613684     15.56    181660   1361896     16172
00:40:41      2296364   1646936     41.77      2088   1168308    616132     15.62    181660   1363008     16176
00:40:42      2289868   1653432     41.93      2088   1168312    621696     15.77    181660   1368632     13332
00:40:43      2174876   1768424     44.85      2088   1170984    732240     18.57    181660   1482508     16008
00:40:44      2293120   1650180     41.85      2088   1170996    614020     15.57    181660   1364404     16020
00:40:45      2292364   1650936     41.87      2088   1171000    615320     15.60    181660   1366292     16024
00:40:46      2288320   1654980     41.97      2088   1171004    619912     15.72    181660   1369180     16028
00:40:47      2284812   1658488     42.06      2088   1171008    624628     15.84    181660   1373504     13432
00:40:48      2181688   1761612     44.67      2088   1173680    723752     18.35    181660   1476824     16040
00:40:49      2289512   1653788     41.94      2088   1173688    615496     15.61    181660   1368992     16048
00:40:50      2285460   1657840     42.04      2088   1173700    615364     15.61    181660   1369132     16060
00:40:51      2287916   1655384     41.98      2088   1173708    618856     15.69    181660   1370520     16080
00:40:52      2288000   1655300     41.98      2088   1173716    617260     15.65    181660   1370096     16088
00:40:53      2267076   1676224     42.51      2088   1176380    636224     16.13    181660   1391388     16088
00:40:54      2216360   1726940     43.79      2088   1176384    685744     17.39    181660   1441048     16092
00:40:55      2279928   1663372     42.18      2088   1176396    622628     15.79    181660   1377892     16104
00:40:56      2278920   1664380     42.21      2088   1176400    623400     15.81    181660   1379444     16108
00:40:57      2271164   1672136     42.40      2088   1176404    631120     16.00    181660   1385420     16112
00:40:58      2272808   1670492     42.36      2088   1176408    632496     16.04    181660   1386464     13452
00:40:59      2146360   1796940     45.57      2088   1179076    753816     19.12    181660   1512068     16120
00:41:00      2275132   1668168     42.30      2088   1179092    624060     15.83    181660   1382652     16136
00:41:01      2273128   1670172     42.35      2088   1179092    624856     15.85    181660   1383704     16136
00:41:02      2273876   1669424     42.34      2088   1179096    625396     15.86    181660   1384388     16140
00:41:03      2275428   1667872     42.30      2088   1179100    624992     15.85    181660   1383288     13464
00:41:04      2270084   1673216     42.43      2088   1179104    628312     15.93    181660   1388240     13476
00:41:05      2151456   1791844     45.44      2088   1182068    745464     18.90    181660   1507264     16440
00:41:06      2220724   1722576     43.68      2088   1182072    674616     17.11    181660   1436808     16444
00:41:07      2266316   1676984     42.53      2088   1182088    629188     15.96    181660   1391472     16460
00:41:08      2266864   1676436     42.51      2088   1182092    631688     16.02    181660   1391692     13800
00:41:09      2262232   1681068     42.63      2088   1182092    633792     16.07    181660   1395212     13800
00:41:10      2131256   1812044     45.95      2088   1184764    763088     19.35    181660   1527204     16472
00:41:11      2263804   1679496     42.59      2088   1184768    628772     15.95    181660   1393832     16476
00:41:12      2261480   1681820     42.65      2088   1184780    630592     15.99    181660   1395888     16488
00:41:13      2260532   1682768     42.67      2088   1184780    632456     16.04    181660   1397720     16308
00:41:14      2258264   1685036     42.73      2088   1184788    636784     16.15    181660   1400084     16316
00:41:15      2255524   1687776     42.80      2088   1184788    641296     16.26    181660   1404000     16316
00:41:16      2257752   1685548     42.74      2088   1184788    634424     16.09    181660   1399516     16316
00:41:17      2175332   1767968     44.83      2088   1187460    714324     18.11    181660   1482948     18988
00:41:18      2258648   1684652     42.72      2088   1187480    631540     16.02    181660   1400212     13680
00:41:19      2258200   1685100     42.73      2088   1187484    634312     16.09    181660   1400900     13796
00:41:20      2254256   1689044     42.83      2088   1187488    640104     16.23    181660   1405276     13800
00:41:21      2230064   1713236     43.45      2088   1187492    661308     16.77    181660   1428588     13804
00:41:22      2135052   1808248     45.86      2088   1190160    753656     19.11    181660   1523444     16472
00:41:23      2250212   1693088     42.94      2088   1190176    637960     16.18    181660   1408192     13888
00:41:24      2249208   1694092     42.96      2088   1190180    639712     16.22    181660   1410188     13808
00:41:25      2238120   1705180     43.24      2088   1190180    637960     16.18    181660   1408472     13808
00:41:26      2242120   1701180     43.14      2088   1190184    647844     16.43    181660   1415928     13812
00:41:27      2147148   1796152     45.55      2088   1190188    739584     18.76    181660   1509192     13816
00:41:28      2164496   1778804     45.11      2088   1192860    719912     18.26    181660   1493328     16488
00:41:29      2244884   1698416     43.07      2088   1192876    641016     16.26    181660   1414348     16504
00:41:30      2242648   1700652     43.13      2088   1192880    644884     16.35    181660   1415608     16508
00:41:31      2239608   1703692     43.20      2088   1192884    648788     16.45    181660   1419520     16512
00:41:32      2185620   1757680     44.57      2088   1195552    696732     17.67    181660   1471536     19180
00:41:33      2237592   1705708     43.26      2088   1195564    645036     16.36    181660   1420700     16592
00:41:34      2236664   1706636     43.28      2088   1195568    645704     16.37    181660   1421532     16532
00:41:35      2235004   1708296     43.32      2088   1195572    646440     16.39    181660   1422660     16536
00:41:36      2229416   1713884     43.46      2088   1195576    653548     16.57    181660   1427512     16540
00:41:37      2228480   1714820     43.49      2088   1195580    655876     16.63    181660   1429840     16544
00:41:38      2112048   1831252     46.44      2088   1198248    768832     19.50    181660   1546528     19212
00:41:39      2227936   1715364     43.50      2088   1198268    651228     16.51    181660   1429816     16280
00:41:40      2229324   1713976     43.47      2088   1198268    652132     16.54    181660   1429752     16284
00:41:41      2224220   1719080     43.59      2088   1198272    653116     16.56    181660   1431124     16288
00:41:42      2221668   1721632     43.66      2088   1198276    660224     16.74    181660   1436452     16292
00:41:43      2160212   1783088     45.22      2088   1198276    721068     18.29    181660   1498960     16292
00:41:44      2224716   1718584     43.58      2088   1200960    651464     16.52    181660   1432756     16140
00:41:45      2224064   1719236     43.60      2088   1200964    652540     16.55    181660   1433584     16144
00:41:46      2223948   1719352     43.60      2088   1200972    655412     16.62    181660   1434396     16152
00:41:47      2223408   1719892     43.62      2088   1200972    656252     16.64    181660   1435016     16152
00:41:48      2096588   1846712     46.83      2088   1203880    775836     19.67    181660   1559104     19060
00:41:49      2221584   1721716     43.66      2088   1203944    651148     16.51    181660   1436152     16460
00:41:50      2220628   1722672     43.69      2088   1203956    652168     16.54    181660   1437104     16472
00:41:51      2215332   1727968     43.82      2088   1203956    657592     16.68    181660   1441860     16472
00:41:52      2218416   1724884     43.74      2088   1203964    658416     16.70    181660   1440800     16480
00:41:53      2146092   1797208     45.58      2088   1203964    729160     18.49    181660   1512156     16480
00:41:54      2112728   1830572     46.42      2088   1206636    757564     19.21    181660   1544096     16376
00:41:55      2209840   1733460     43.96      2088   1206656    661508     16.78    181660   1448052     16396
00:41:56      2208780   1734520     43.99      2088   1206656    660288     16.74    181660   1446852     16396
00:41:57      2202692   1740608     44.14      2088   1206660    669060     16.97    181660   1454724     16400
00:41:58      2205808   1737492     44.06      2088   1206660    667888     16.94    181660   1453464     16400
00:41:59      2080808   1862492     47.23      2088   1206668    791608     20.07    181660   1578260     13744
00:42:00      2205580   1737720     44.07      2088   1209636    661676     16.78    181660   1451520     16712
00:42:01      2205540   1737760     44.07      2088   1209648    663468     16.83    181660   1452624     16724
00:42:02      2201500   1741800     44.17      2088   1209648    667516     16.93    181660   1456576     16724
00:42:03      2201456   1741844     44.17      2088   1209652    667836     16.94    181660   1455436     16728
00:42:04      2197892   1745408     44.26      2088   1209656    671180     17.02    181660   1459596     14068
00:42:05      2195168   1748132     44.33      2088   1209656    674268     17.10    181660   1463312     14068
00:42:06      2059564   1883736     47.77      2088   1212332    804120     20.39    181660   1597776     16744
00:42:07      2197680   1745620     44.27      2088   1212340    666844     16.91    181660   1459356     16752
00:42:08      2196412   1746888     44.30      2088   1212344    669040     16.97    181660   1461420     16756
00:42:09      2192492   1750808     44.40      2088   1212348    674188     17.10    181660   1464528     14080
00:42:10      2193288   1750012     44.38      2088   1212348    674968     17.12    181660   1465340     14080
00:42:11      2048040   1895260     48.06      2088   1212356    813252     20.62    181660   1605376     14088
00:42:12      2160780   1782520     45.20      2088   1215036    701740     17.80    181660   1496724     16780
00:42:13      2191668   1751632     44.42      2088   1215040    671588     17.03    181660   1466608     16784
00:42:14      2194396   1748904     44.35      2088   1215044    668664     16.96    181660   1463788     13992
00:42:15      2189056   1754244     44.49      2088   1215048    676156     17.15    181660   1469920     13944
00:42:16      2058112   1885188     47.81      2088   1215052    801944     20.34    181660   1596856     13948
00:42:17      2128364   1814936     46.03      2088   1217720    731420     18.55    181660   1529220     16616
00:42:18      2190988   1752312     44.44      2088   1217736    669484     16.98    181660   1466816     16632
00:42:19      2192948   1750352     44.39      2088   1217740    671276     17.02    181660   1466764     16636
00:42:20      2190396   1752904     44.45      2088   1217744    671424     17.03    181660   1468280     13680
00:42:21      2118568   1824732     46.27      2088   1217744    742260     18.82    181660   1539604     13680
00:42:22      2164328   1778972     45.11      2088   1220420    692672     17.57    181660   1493040     16356
00:42:23      2187460   1755840     44.53      2088   1220428    670104     16.99    181660   1470976     16364
00:42:24      2185608   1757692     44.57      2088   1220432    672400     17.05    181660   1473076     16368
00:42:25      2186024   1757276     44.56      2088   1220436    669756     16.98    181668   1470796     13708
00:42:26      2180952   1762348     44.69      2088   1220440    680292     17.25    181668   1477648     13712
00:42:27      2113056   1830244     46.41      2088   1223044    741576     18.81    181668   1544496     16316
00:42:28      2173212   1770088     44.89      2088   1223128    680592     17.26    181668   1484592     16400
00:42:29      2171616   1771684     44.93      2088   1223128    678772     17.21    181668   1482976     16400
00:42:30      2171640   1771660     44.93      2088   1223140    683112     17.32    181668   1484848     13452
00:42:31      2174448   1768852     44.86      2088   1223144    679176     17.22    181668   1482676     13456
00:42:32      2000984   1942316     49.26      2088   1225748    849404     21.54    181668   1655460     16060
00:42:33      2163856   1779444     45.13      2088   1225828    687992     17.45    181668   1494052     16140
00:42:34      2166376   1776924     45.06      2088   1225832    681964     17.29    181668   1488128     16144
00:42:35      2168392   1774908     45.01      2088   1225836    686504     17.41    181668   1490124     16148
00:42:36      2168360   1774940     45.01      2088   1225840    686384     17.41    181668   1490136     16152
00:42:37      1996256   1947044     49.38      2088   1228444    852240     21.61    181668   1660680     18756
00:42:38      2148728   1794572     45.51      2088   1228512    699648     17.74    181668   1508072     18824
00:42:39      2162284   1781016     45.17      2088   1228528    686640     17.41    181668   1495264     18840
00:42:40      2162840   1780460     45.15      2088   1228528    687480     17.43    181668   1494880     16176
00:42:41      2159368   1783932     45.24      2088   1228532    691864     17.55    181668   1498324     16180
00:42:42      2016736   1926564     48.86      2088   1228540    832804     21.12    181668   1640888     16188
00:42:43      2093084   1850216     46.92      2088   1231208    753144     19.10    181668   1564044     18856
00:42:44      2157344   1785956     45.29      2088   1231216    689464     17.48    181668   1500912     18864
00:42:45      2153804   1789496     45.38      2088   1231224    691968     17.55    181668   1502988     15988
00:42:46      2152168   1791132     45.42      2088   1231228    694328     17.61    181668   1503692     16000
00:42:47      2151036   1792264     45.45      2088   1231228    696784     17.67    181668   1506056     16000
00:42:48      2045936   1897364     48.12      2088   1234136    797292     20.22    181668   1611056     18908
00:42:49      2110412   1832888     46.48      2088   1234196    732660     18.58    181668   1546644     18968
00:42:50      2148256   1795044     45.52      2088   1234212    695356     17.63    181668   1509356     16384
00:42:51      2146500   1796800     45.57      2088   1234212    695392     17.63    181668   1509356     16320
00:42:52      2142020   1801280     45.68      2088   1234220    703812     17.85    181668   1515656     16328
00:42:53      2143956   1799344     45.63      2088   1234220    699228     17.73    181668   1515168     16328
00:42:54      2023248   1920052     48.69      2088   1236892    818908     20.77    181668   1636316     19000
00:42:55      2143356   1799944     45.65      2088   1236908    696132     17.65    181668   1514352     16416
00:42:56      2141436   1801864     45.69      2088   1236908    698568     17.72    181668   1515724     16352
00:42:57      2141688   1801612     45.69      2088   1236912    698540     17.71    181668   1515720     16356
00:42:58      2134632   1808668     45.87      2088   1236916    706812     17.92    181668   1521892     16360
00:42:59      2130600   1812700     45.97      2088   1236916    712520     18.07    181668   1527784     16360
00:43:00      2102040   1841260     46.69      2088   1239520    735108     18.64    181668   1554952     18976
00:43:01      2105896   1837404     46.60      2088   1239592    730516     18.53    181668   1551004     16384
00:43:02      2137868   1805432     45.78      2088   1239600    699860     17.75    181668   1519976     16392
00:43:03      2135076   1808224     45.86      2088   1239604    699000     17.73    181668   1519028     16396
00:43:04      2138088   1805212     45.78      2088   1239612    702616     17.82    181668   1520856     16404
00:43:05      2126788   1816512     46.07      2088   1239612    712280     18.06    181668   1530432     16404
00:43:06      2073844   1869456     47.41      2088   1242816    760244     19.28    181668   1583084     16944
00:43:07      2134560   1808740     45.87      2088   1242888    700912     17.77    181668   1524340     17016
00:43:08      2132252   1811048     45.93      2088   1242896    701884     17.80    181668   1525036     17024
00:43:09      2131576   1811724     45.94      2088   1242900    705412     17.89    181668   1527288     17028
00:43:10      2121276   1822024     46.21      2088   1242908    714104     18.11    181668   1536820     17036
00:43:11      2005608   1937692     49.14      2088   1245572    828252     21.00    181668   1653596     17152
00:43:12      2126780   1816520     46.07      2088   1245576    704576     17.87    181668   1530484     17156
00:43:13      2127272   1816028     46.05      2088   1245588    704596     17.87    181668   1530280     17168
00:43:14      2124804   1818496     46.12      2088   1245596    711704     18.05    181668   1535348     17176
00:43:15      2127792   1815508     46.04      2088   1245596    704944     17.88    181668   1530256     17176
00:43:16      2065468   1877832     47.62      2088   1248268    763308     19.36    181668   1591272     17012
00:43:17      1957696   1985604     50.35      2088   1248268    871944     22.11    181668   1700012     17020
00:43:18      2121752   1821548     46.19      2088   1248284    708272     17.96    181668   1536628     17036
00:43:19      2120408   1822892     46.23      2088   1248288    709132     17.98    181668   1537264     17040
00:43:20      2120636   1822664     46.22      2088   1248292    713072     18.08    181668   1539544     17044
00:43:21      2070820   1872480     47.49      2088   1248292    758504     19.24    181668   1587424     14084
00:43:22      1947584   1995716     50.61      2088   1250968    878488     22.28    181668   1710332     16760
00:43:23      2117936   1825364     46.29      2088   1250984    708920     17.98    181668   1540776     16776
00:43:24      2117528   1825772     46.30      2088   1250984    709688     18.00    181668   1541252     16776
00:43:25      2109024   1834276     46.52      2088   1250988    718840     18.23    181668   1547304     16780
00:43:26      2109116   1834184     46.51      2088   1250992    718660     18.22    181668   1548516     14120
00:43:27      2086116   1857184     47.10      2088   1253660    736520     18.68    181668   1570584     16788
00:43:28      2099972   1843328     46.75      2088   1253664    723432     18.35    181668   1557508     16792
00:43:29      2101040   1842260     46.72      2088   1253776    722420     18.32    181668   1556568     16804
00:43:30      2104068   1839232     46.64      2088   1253808    719080     18.24    181668   1553108     16808
00:43:31      2099532   1843768     46.76      2088   1253816    725324     18.39    181668   1557392     14140
00:43:32      2030736   1912564     48.50      2088   1253816    795204     20.17    181668   1628308     14140
00:43:33      1991928   1951372     49.49      2088   1256488    830768     21.07    181668   1666484     16824
00:43:34      2095752   1847548     46.85      2088   1256500    726132     18.41    181668   1562648     16836
00:43:35      2096256   1847044     46.84      2088   1256504    724752     18.38    181668   1561028     16840
00:43:36      2092904   1850396     46.93      2088   1256508    728772     18.48    181668   1563224     13588
00:43:37      2072112   1871188     47.45      2088   1256516    749304     19.00    181668   1586104     13596
00:43:38      2045140   1898160     48.14      2088   1259180    773452     19.61    181668   1612820     16260
00:43:39      2092440   1850860     46.94      2088   1259196    726072     18.41    181668   1565480     16276
00:43:40      2091100   1852200     46.97      2088   1259200    726300     18.42    181668   1564964     16280
00:43:41      2081692   1861608     47.21      2088   1259204    738576     18.73    181668   1575940     13584
00:43:42      1978304   1964996     49.83      2088   1259208    840200     21.31    181668   1679692     13508
00:43:43      2064172   1879128     47.65      2088   1261876    750876     19.04    181668   1593016     16176
00:43:44      2087412   1855888     47.06      2088   1261888    726932     18.43    181668   1569664     16188
00:43:45      2087412   1855888     47.06      2088   1261892    727084     18.44    181668   1569476     16192
00:43:46      2086648   1856652     47.08      2088   1261900    728552     18.48    181668   1570632     16200
00:43:47      2083120   1860180     47.17      2088   1261900    733580     18.60    181668   1573716     13336
00:43:48      2081008   1862292     47.23      2088   1261904    736440     18.68    181668   1576480     13348
00:43:49      1911484   2031816     51.53      2088   1264508    900932     22.85    181668   1745476     15952
00:43:50      2082104   1861196     47.20      2088   1264588    728816     18.48    181668   1574568     16032
00:43:51      2079564   1863736     47.26      2088   1264592    731792     18.56    181668   1577076     16036
00:43:52      2080024   1863276     47.25      2088   1264596    735292     18.65    181668   1578872     16040
00:43:53      2073316   1869984     47.42      2088   1264600    741200     18.80    181668   1584396     16044
00:43:54      1887728   2055572     52.13      2088   1267504    920560     23.34    181668   1768096     18948
00:43:55      2028904   1914396     48.55      2088   1267568    779996     19.78    181668   1627680     19012
00:43:56      2078192   1865108     47.30      2088   1267580    731964     18.56    181668   1580328     19024
00:43:57      2076080   1867220     47.35      2088   1267584    733496     18.60    181668   1581452     16364
00:43:58      2071492   1871808     47.47      2088   1267588    740016     18.77    181668   1586264     16368
00:43:59      2067764   1875536     47.56      2088   1267592    744192     18.87    181668   1589660     16372
00:44:00      1889284   2054016     52.09      2088   1270260    918156     23.28    181668   1767624     19040
