Linux 5.10.234-225.917.amzn2.x86_64 (ip-10-0-177-140.us-west-2.compute.internal) 	03/30/25 	_x86_64_	(2 CPU)

21:36:20    kbmemfree kbmemused  %memused kbbuffers  kbcached  kbcommit   %commit  kbactive   kbinact   kbdirty
21:36:21      2804328   1138972     28.88      2088    905312    375624      9.53    180988    860760    172864
21:36:22      2692636   1250664     31.72      2088    910920    517216     13.12    181000    972148    178468
21:36:23      2718420   1224880     31.06      2088    918136    438340     11.12    181028    947016    185692
21:36:24      2654664   1288636     32.68      2088    918136    503356     12.76    181028   1012172    185692
21:36:25      2647608   1295692     32.86      2088    918136    509480     12.92    181028   1017964    185692
21:36:26      2646600   1296700     32.88      2088    918136    510504     12.95    181028   1019072    185692
21:36:27      2644836   1298464     32.93      2088    918136    512156     12.99    181032   1020712    172528
21:36:28      2644332   1298968     32.94      2088    918132    511268     12.97    181152   1019744    173964
21:36:29      2855360   1087940     27.59      2088    918064    297568      7.55    181152    809008    173972
21:36:30      2855360   1087940     27.59      2088    918064    297568      7.55    181152    809008    173972
21:36:31      2855360   1087940     27.59      2088    918064    297568      7.55    181152    809008    173972
21:36:32      2855360   1087940     27.59      2088    918064    297568      7.55    181152    809008    172672
21:36:33      2853272   1090028     27.64      2088    918220    305776      7.75    181360    811800    172536
21:36:34      2872368   1070932     27.16      2088    918268    284712      7.22    181532    792364    172936
21:36:35      2867404   1075896     27.28      2088    918276    292140      7.41    181532    797224    172944
21:36:36      2868196   1075104     27.26      2088    919636    291060      7.38    181532    796708    174304
21:36:37      2861848   1081452     27.43      2088    919644    299780      7.60    181532    803892    174308
21:36:38      2862888   1080412     27.40      2088    921292    295168      7.49    181532    802132    175956
21:36:39      2856840   1086460     27.55      2088    921304    304400      7.72    181532    809584    175968
21:36:40      2856636   1086664     27.56      2088    922660    300384      7.62    181532    808548    177324
21:36:41      2853976   1089324     27.62      2088    923976    300144      7.61    181532    810344    178640
21:36:42      2849428   1093872     27.74      2088    924036    307136      7.79    181532    815480    160880
21:36:43      2850488   1092812     27.71      2088    925548    302320      7.67    181532    814364    162392
21:36:44      2851028   1092272     27.70      2088    927048    300628      7.62    181532    813224    163892
21:36:45      2849828   1093472     27.73      2088    927068    304460      7.72    181532    816340    163912
21:36:46      2846848   1096452     27.81      2088    928428    303728      7.70    181532    817704    165272
21:36:47      2839096   1104204     28.00      2088    928436    307224      7.79    181532    821340     46728
21:36:48      2837520   1105780     28.04      2088    929796    306192      7.76    181532    821556     48088
21:36:49      2828424   1114876     28.27      2088    929804    315668      8.01    181532    829752     48100
21:36:50      2834396   1108904     28.12      2088    931312    307296      7.79    181628    823976     49608
21:36:51      2828732   1114568     28.26      2088    931320    313000      7.94    181628    829448     49640
21:36:52      2827304   1115996     28.30      2088    932828    313136      7.94    181628    831776     51148
21:36:53      2824536   1118764     28.37      2088    932836    314784      7.98    181628    832132     16124
21:36:54      2826144   1117156     28.33      2088    934492    312264      7.92    181628    832348     17788
21:36:55      2823316   1119984     28.40      2088    934500    315240      7.99    181628    834700     17796
21:36:56      2824128   1119172     28.38      2088    935864    313088      7.94    181628    834452     19160
21:36:57      2823344   1119956     28.40      2088    937216    312880      7.93    181628    835636     20524
21:36:58      2819812   1123488     28.49      2088    937232    315500      8.00    181628    838692     20540
21:36:59      2821308   1121992     28.45      2088    937236    316328      8.02    181628    838756     20544
21:37:00      2817796   1125504     28.54      2088    938596    317116      8.04    181628    840552     21904
21:37:01      2811040   1132260     28.71      2088    938604    322060      8.17    181628    845712     21912
21:37:02      2809576   1133724     28.75      2088    939952    322608      8.18    181628    848352     23260
21:37:03      2814624   1128676     28.62      2088    939964    318464      8.08    181628    843772     21832
21:37:04      2812300   1131000     28.68      2088    939972    323324      8.20    181628    846980     21840
21:37:05      2812340   1130960     28.68      2088    941328    319196      8.09    181628    845632     23196
21:37:06      2807772   1135528     28.80      2088    941332    324360      8.23    181628    851356     23200
21:37:07      2802748   1140552     28.92      2088    941340    331112      8.40    181628    856200     23208
21:37:08      2802112   1141188     28.94      2088    942692    329084      8.35    181628    857692     22804
21:37:09      2792572   1150728     29.18      2088    942704    339636      8.61    181628    867052     22816
21:37:10      2795888   1147412     29.10      2088    944072    334772      8.49    181628    862728     24184
21:37:11      2797944   1145356     29.05      2088    945432    328572      8.33    181628    859644     25544
21:37:12      2793560   1149740     29.16      2088    945440    335160      8.50    181628    864480     25552
21:37:13      2795312   1147988     29.11      2088    946796    330812      8.39    181628    863444     21120
21:37:14      2793732   1149568     29.15      2088    946808    337456      8.56    181628    867240     21132
21:37:15      2794260   1149040     29.14      2088    948168    331412      8.40    181628    865584     22492
21:37:16      2792016   1151284     29.20      2088    949524    333552      8.46    181628    868028     23848
21:37:17      2788704   1154596     29.28      2088    949540    338492      8.58    181628    872352     23864
21:37:18      2787804   1155496     29.30      2088    950900    335484      8.51    181628    871896     21068
21:37:19      2784692   1158608     29.38      2088    950908    342196      8.68    181628    877472     21076
21:37:20      2786184   1157116     29.34      2088    952268    335820      8.52    181628    874240     22436
21:37:21      2780536   1162764     29.49      2088    952276    345192      8.75    181628    881692     22444
21:37:22      2783172   1160128     29.42      2088    953636    336676      8.54    181628    876524     23804
21:37:23      2770312   1172988     29.75      2088    954988    349408      8.86    181628    889064     21708
21:37:24      2778268   1165032     29.54      2088    955012    343644      8.71    181628    883064     21732
21:37:25      2777108   1166192     29.57      2088    956368    341464      8.66    181628    882164     23088
21:37:26      2774864   1168436     29.63      2088    956380    341884      8.67    181628    883436     23100
21:37:27      2774840   1168460     29.63      2088    957728    341164      8.65    181628    884144     24448
21:37:28      2775596   1167704     29.61      2088    957744    340468      8.63    181628    884132     20128
21:37:29      2759468   1183832     30.02      2088    959536    358712      9.10    181628    902320     21932
21:37:30      2772824   1170476     29.68      2088    959556    342632      8.69    181628    887596     21952
21:37:31      2772564   1170736     29.69      2088    960904    342960      8.70    181628    888236     23300
21:37:32      2771508   1171792     29.72      2088    960924    343088      8.70    181628    889040     23320
21:37:33      2743520   1199780     30.43      2088    960936    371452      9.42    181628    916460     22032
21:37:34      2764012   1179288     29.91      2088    962292    347416      8.81    181628    895428     22016
21:37:35      2747052   1196248     30.34      2088    962304    368480      9.34    181628    915088     22028
21:37:36      2762392   1180908     29.95      2088    963812    348784      8.84    181628    898112     23536
21:37:37      2742488   1200812     30.45      2088    963820    367932      9.33    181628    916840     23544
21:37:38      2757404   1185896     30.07      2088    965324    350564      8.89    181628    901688     25048
21:37:39      2741724   1201576     30.47      2088    965332    370404      9.39    181628    919956     22384
21:37:40      2753868   1189432     30.16      2088    966692    354044      8.98    181628    905944     23744
21:37:41      2751592   1191708     30.22      2088    968188    353924      8.98    181628    907472     25240
21:37:42      2751288   1192012     30.23      2088    968204    354180      8.98    181628    908416     25256
21:37:43      2733392   1209908     30.68      2088    968216    375028      9.51    181628    927660     25268
21:37:44      2749324   1193976     30.28      2088    969576    356768      9.05    181628    911168     22620
21:37:45      2738016   1205284     30.57      2088    971072    367108      9.31    181628    922980     24124
21:37:46      2745324   1197976     30.38      2088    971088    358548      9.09    181628    914724     24140
21:37:47      2733956   1209344     30.67      2088    972400    370152      9.39    181628    926800     25452
21:37:48      2735984   1207316     30.62      2088    972452    366368      9.29    181628    924904     25504
21:37:49      2737748   1205552     30.57      2088    972460    367904      9.33    181628    923724     21504
21:37:50      2722936   1220364     30.95      2088    973816    376544      9.55    181628    936572     22860
21:37:51      2716824   1226476     31.10      2088    973824    389024      9.87    181628    944360     22868
21:37:52      2701704   1241596     31.49      2088    975180    400220     10.15    181628    958348     24224
21:37:53      2710708   1232592     31.26      2088    975192    393700      9.98    181628    949924     24236
21:37:54      2713540   1229760     31.19      2088    976548    387124      9.82    181628    946868     21116
21:37:55      2717040   1226260     31.10      2088    976556    381528      9.68    181628    940604     21124
21:37:56      2710024   1233276     31.28      2088    977912    388608      9.85    181628    949804     22480
21:37:57      2716764   1226536     31.10      2088    977924    384424      9.75    181628    943144     22492
21:37:58      2717312   1225988     31.09      2088    979284    379212      9.62    181628    942296     23852
21:37:59      2713968   1229332     31.18      2088    979292    386708      9.81    181628    947468     21276
21:38:00      2711240   1232060     31.24      2088    980648    386380      9.80    181628    949860     22640
21:38:01      2710232   1233068     31.27      2088    980656    384876      9.76    181628    949520     22652
21:38:02      2716520   1226780     31.11      2088    980664    381784      9.68    181628    943984     22660
21:38:03      2714172   1229128     31.17      2088    982016    380628      9.65    181628    945300     24012
21:38:04      2716328   1226972     31.12      2088    982032    380324      9.64    181628    945616     19576
21:38:05      2714052   1229248     31.17      2088    983536    379908      9.63    181628    945860     21080
21:38:06      2713372   1229928     31.19      2088    983548    380732      9.66    181628    946964     21092
21:38:07      2711028   1232272     31.25      2088    984904    380476      9.65    181628    948068     22448
21:38:08      2712728   1230572     31.21      2088    984912    380064      9.64    181628    947936     22456
21:38:09      2709508   1233792     31.29      2088    986276    381900      9.68    181628    950760     20852
21:38:10      2709004   1234296     31.30      2088    986284    382924      9.71    181628    951196     20860
21:38:11      2705680   1237620     31.39      2088    986288    386088      9.79    181628    953360     20864
21:38:12      2703712   1239588     31.44      2088    987644    384752      9.76    181628    955204     22220
21:38:13      2702412   1240888     31.47      2088    987652    390364      9.90    181628    959168     22228
21:38:14      2702508   1240792     31.47      2088    989012    387320      9.82    181628    958900     19432
21:38:15      2701764   1241536     31.48      2088    989020    386752      9.81    181628    957936     19440
21:38:16      2699592   1243708     31.54      2088    990380    387440      9.83    181628    960832     20800
21:38:17      2697052   1246248     31.60      2088    990388    389364      9.87    181628    963192     20808
21:38:18      2696372   1246928     31.62      2088    991744    388044      9.84    181628    962816     22164
21:38:19      2697032   1246268     31.60      2088    991756    389312      9.87    181628    963036     22176
21:38:20      2694852   1248448     31.66      2088    993112    389120      9.87    181628    964112     20704
21:38:21      2692332   1250968     31.72      2088    993116    387212      9.82    181628    964192     20708
21:38:22      2684136   1259164     31.93      2088    994616    398292     10.10    181628    974924     22208
21:38:23      2692064   1251236     31.73      2088    994632    389096      9.87    181628    967204     22224
21:38:24      2666560   1276740     32.38      2088    995944    414004     10.50    181628    993200     23536
21:38:25      2689988   1253312     31.78      2088    995996    390388      9.90    181628    969712     19132
21:38:26      2690040   1253260     31.78      2088    996004    390676      9.91    181628    970372     19140
21:38:27      2660300   1283000     32.54      2088    997348    422328     10.71    181628   1001480     20488
21:38:28      2683936   1259364     31.94      2088    997368    397176     10.07    181628    977032     20508
21:38:29      2682168   1261132     31.98      2088    998876    396392     10.05    181628    977728     22016
21:38:30      2682220   1261080     31.98      2088    998880    394780     10.01    181628    977052     19228
21:38:31      2642536   1300764     32.99      2088   1000192    434800     11.03    181628   1017712     20548
21:38:32      2680708   1262592     32.02      2088   1000248    395248     10.02    181628    979024     20604
21:38:33      2676876   1266424     32.12      2088   1000252    399024     10.12    181628    982304     20608
21:38:34      2677900   1265400     32.09      2088   1001608    397976     10.09    181628    982316     21968
21:38:35      2678680   1264620     32.07      2088   1001616    397220     10.07    181628    981596     19300
21:38:36      2652980   1290320     32.72      2088   1001620    425684     10.80    181628   1009364     19304
21:38:37      2675844   1267456     32.14      2088   1002980    398704     10.11    181628    984868     20664
21:38:38      2671880   1271420     32.24      2088   1002984    404788     10.27    181628    989860     20668
21:38:39      2670872   1272428     32.27      2088   1004344    401836     10.19    181628    988796     22028
21:38:40      2668352   1274948     32.33      2088   1004348    405552     10.28    181628    991960     17876
21:38:41      2617900   1325400     33.61      2088   1005760    454932     11.54    181628   1042508     19288
21:38:42      2670056   1273244     32.29      2088   1005864    400956     10.17    181628    989772     19392
21:38:43      2669132   1274168     32.31      2088   1005872    403272     10.23    181628    991044     19400
21:38:44      2667328   1275972     32.36      2088   1007372    402660     10.21    181628    991988     20900
21:38:45      2668424   1274876     32.33      2088   1007384    403048     10.22    181628    993232     18240
21:38:46      2629984   1313316     33.30      2088   1008732    440472     11.17    181836   1030224     19588
