Linux 5.10.234-225.910.amzn2.x86_64 (ip-10-0-164-5.us-west-2.compute.internal) 	03/25/25 	_x86_64_	(2 CPU)

22:12:59    kbmemfree kbmemused  %memused kbbuffers  kbcached  kbcommit   %commit  kbactive   kbinact   kbdirty
22:13:00      2809380   1133928     28.76      2088    900692    374784      9.50    170348    866180    172864
22:13:01      2702932   1240376     31.46      2088    901896    517104     13.11    178936    964200    174064
22:13:02      2725496   1217812     30.88      2088    913572    435636     11.05    179048    941656    185748
22:13:03      2658716   1284592     32.58      2088    913572    502672     12.75    179048   1008920    185748
22:13:04      2652668   1290640     32.73      2088    913572    508672     12.90    179048   1014672    185748
22:13:05      2651912   1291396     32.75      2088    913572    509952     12.93    179048   1015940    185748
22:13:06      2650652   1292656     32.78      2088    913572    511204     12.96    179048   1017280    185748
22:13:07      2649392   1293916     32.81      2088    913572    511972     12.98    179052   1018152    185748
22:13:08      2860168   1083140     27.47      2088    913504    297452      7.54    179588    805932    185792
22:13:09      2860168   1083140     27.47      2088    913504    297452      7.54    179588    805932    185792
22:13:10      2860168   1083140     27.47      2088    913504    297452      7.54    179588    805932    185792
22:13:11      2860168   1083140     27.47      2088    913504    297452      7.54    179588    805932    185792
22:13:12      2859916   1083392     27.47      2088    913504    297452      7.54    179612    805840    185792
22:13:13      2859916   1083392     27.47      2088    913632    297452      7.54    179612    806056    172120
22:13:14      2859916   1083392     27.47      2088    913632    297452      7.54    179612    806056    172120
22:13:15      2859916   1083392     27.47      2088    913632    297452      7.54    179612    806056    172120
22:13:16      2859916   1083392     27.47      2088    913632    297452      7.54    179612    806056    172120
22:13:17      2859964   1083344     27.47      2088    913632    297452      7.54    179612    805992    172120
22:13:18      2859964   1083344     27.47      2088    913632    297452      7.54    179612    806008    171172
22:13:19      2859964   1083344     27.47      2088    913632    297452      7.54    179612    806060    171144
22:13:20      2859964   1083344     27.47      2088    913632    297452      7.54    179612    806060    171144
22:13:21      2859964   1083344     27.47      2088    913632    297452      7.54    179612    806060    171144
22:13:22      2855072   1088236     27.60      2088    913796    307584      7.80    179788    810628    171156
22:13:23      2861076   1082232     27.44      2088    913848    297436      7.54    179908    801472     94332
22:13:24      2841328   1101980     27.95      2088    913856    320028      8.12    179908    822984     94208
22:13:25      2820564   1122744     28.47      2088    913864    341692      8.67    179908    844476     94244
22:13:26      2819192   1124116     28.51      2088    913872    344228      8.73    179908    846440     94252
22:13:27      2795448   1147860     29.11      2088    913880    366756      9.30    179908    868088     94260
22:13:28      2783600   1159708     29.41      2088    913880    380616      9.65    179908    882044     94260
22:13:29      2770996   1172312     29.73      2088    913884    389628      9.88    179908    891756     13988
22:13:30      2801200   1142108     28.96      2088    913904    357576      9.07    179908    861372     14008
22:13:31      2830848   1112460     28.21      2088    913936    327236      8.30    179908    831276     14040
22:13:32      2855676   1087632     27.58      2088    917544    299180      7.59    179908    804808     17648
22:13:33      2846460   1096848     27.82      2088    917548    308832      7.83    179908    814328     17652
22:13:34      2843268   1100040     27.90      2088    917560    316748      8.03    179908    819404      3976
22:13:35      2840772   1102536     27.96      2088    917576    317660      8.06    179908    820840      4000
22:13:36      2837152   1106156     28.05      2088    920184    319412      8.10    179908    825732      6608
22:13:37      2851356   1091952     27.69      2088    920256    303120      7.69    179908    810552      6680
22:13:38      2851576   1091732     27.69      2088    920280    301872      7.66    179908    809652      6716
22:13:39      2845324   1097984     27.84      2088    920292    311188      7.89    179908    817564      6724
22:13:40      2833252   1110056     28.15      2088    920304    324076      8.22    179908    829892      6736
22:13:41      2818492   1124816     28.52      2088    920308    338908      8.59    179908    844036      6740
22:13:42      2812792   1130516     28.67      2088    920308    343932      8.72    179908    850460      6740
22:13:43      2814556   1128752     28.62      2088    920320    340464      8.63    179908    846920      6756
22:13:44      2805184   1138124     28.86      2088    920336    352100      8.93    179908    857912      6772
22:13:45      2789396   1153912     29.26      2088    920340    366492      9.29    179908    872016      6776
22:13:46      2841536   1101772     27.94      2088    923040    309676      7.85    180000    819432      9476
22:13:47      2841688   1101620     27.94      2088    923048    309036      7.84    180000    819008      9484
22:13:48      2834480   1108828     28.12      2088    923056    317380      8.05    180000    827296      9492
22:13:49      2835836   1107472     28.08      2088    923076    317484      8.05    180000    825856      9512
22:13:50      2828692   1114616     28.27      2088    923084    323788      8.21    180000    832280      9520
22:13:51      2825660   1117648     28.34      2088    923084    325440      8.25    180000    834872      9520
22:13:52      2816240   1127068     28.58      2088    923096    338964      8.60    180000    847556      9532
22:13:53      2835724   1107584     28.09      2088    925788    312408      7.92    180000    824976     12224
22:13:54      2836192   1107116     28.08      2088    925796    313684      7.95    180000    826264     11836
22:13:55      2822844   1120464     28.41      2088    925804    327756      8.31    180000    839620     11824
22:13:56      2811868   1131440     28.69      2088    925804    340192      8.63    180000    851904     11824
22:13:57      2807564   1135744     28.80      2088    925808    342388      8.68    180000    855284     11828
22:13:58      2802028   1141280     28.94      2088    925820    348792      8.85    180000    860476     11840
22:13:59      2799220   1144088     29.01      2088    925820    350364      8.89    180000    863332     11840
22:14:00      2815560   1127748     28.60      2088    925840    333932      8.47    180000    846408     11860
22:14:01      2808604   1134704     28.78      2088    925856    342196      8.68    180000    853904     11876
22:14:02      2800268   1143040     28.99      2088    925856    350872      8.90    180000    862244     11876
22:14:03      2796544   1146764     29.08      2088    925864    355512      9.02    180000    867032     11884
22:14:04      2830312   1112996     28.22      2088    928564    318064      8.07    180000    831472     14584
22:14:05      2822664   1120644     28.42      2088    928568    325860      8.26    180000    839308     10684
22:14:06      2821476   1121832     28.45      2088    928572    328700      8.34    180000    842000     10696
22:14:07      2816680   1126628     28.57      2088    928584    334240      8.48    180000    845920     10708
22:14:08      2805800   1137508     28.85      2088    928592    345596      8.76    180000    858088     10716
22:14:09      2797460   1145848     29.06      2088    928600    352788      8.95    180000    865240     10724
22:14:10      2783840   1159468     29.40      2088    928604    365772      9.28    180000    878068      8048
22:14:11      2819860   1123448     28.49      2088    931308    328348      8.33    180000    843504     10752
22:14:12      2805548   1137760     28.85      2088    931324    341920      8.67    180000    857352     10768
22:14:13      2804092   1139216     28.89      2088    931336    345264      8.76    180000    860512     10780
22:14:14      2783132   1160176     29.42      2088    931344    360016      9.13    180000    875204     10788
22:14:15      2788924   1154384     29.27      2088    931348    355544      9.02    180000    871204     10788
22:14:16      2802456   1140852     28.93      2088    933968    337508      8.56    180000    858484     13408
22:14:17      2818208   1125100     28.53      2088    934052    321788      8.16    180000    843412     13492
22:14:18      2817904   1125404     28.54      2088    934052    322268      8.17    180000    843712     13492
22:14:19      2805544   1137764     28.85      2088    934068    338720      8.59    180000    857124     13508
22:14:20      2794408   1148900     29.14      2088    934076    349724      8.87    180000    867024     10960
22:14:21      2776924   1166384     29.58      2088    934080    368132      9.34    180000    885840     10964
22:14:22      2769800   1173508     29.76      2088    934092    376544      9.55    180000    893560     10976
22:14:23      2759528   1183780     30.02      2088    934096    384964      9.76    180000    902216     10980
22:14:24      2758452   1184856     30.05      2088    934096    386144      9.79    180000    903752     10980
22:14:25      2759908   1183400     30.01      2088    934096    386144      9.79    180000    903688      8316
22:14:26      2771272   1172036     29.72      2088    934108    368548      9.35    180000    890556      8340
22:14:27      2786140   1157168     29.35      2088    934136    353616      8.97    180000    875548      8368
22:14:28      2792560   1150748     29.18      2088    936820    348524      8.84    180000    869804     11052
22:14:29      2790420   1152888     29.24      2088    936840    350828      8.90    180000    872808     11072
22:14:30      2785180   1158128     29.37      2088    936844    355792      9.02    180000    877956     11076
22:14:31      2781744   1161564     29.46      2088    936856    361504      9.17    180000    882204     11088
22:14:32      2782716   1160592     29.43      2088    936868    359228      9.11    180000    880696     11100
22:14:33      2768244   1175064     29.80      2088    936868    373264      9.47    180000    894292     11100
22:14:34      2761988   1181320     29.96      2088    939560    377796      9.58    180000    900476     13792
22:14:35      2762996   1180312     29.93      2088    939564    377796      9.58    180000    900480     10796
22:14:36      2760476   1182832     30.00      2088    939568    378212      9.59    180000    902676     10796
22:14:37      2760916   1182392     29.98      2088    939572    378232      9.59    180000    902700     10800
22:14:38      2760128   1183180     30.00      2088    939580    380464      9.65    180000    904468     10808
22:14:39      2751480   1191828     30.22      2088    939592    388780      9.86    180000    911144     10820
22:14:40      2743792   1199516     30.42      2088    939592    396132     10.05    180000    918432     10820
22:14:41      2746520   1196788     30.35      2088    939608    390644      9.91    180000    915096     10820
22:14:42      2742332   1200976     30.46      2088    939624    389456      9.88    180000    914088     10844
22:14:43      2746724   1196584     30.34      2088    942612    387924      9.84    180000    916252     13832
22:14:44      2746320   1196988     30.35      2088    942616    388740      9.86    180000    915388     13836
22:14:45      2743692   1199616     30.42      2088    942628    393468      9.98    180000    918668     13848
22:14:46      2756884   1186424     30.09      2088    945300    377888      9.58    180000    905500     13856
22:14:47      2749024   1194284     30.29      2088    945316    385608      9.78    180012    913116     13872
22:14:48      2737544   1205764     30.58      2088    945328    396856     10.06    180012    925232     13884
22:14:49      2738360   1204948     30.56      2088    945344    398484     10.11    180012    925296     13900
22:14:50      2736988   1206320     30.59      2088    947952    392788      9.96    180012    924744     16508
22:14:51      2738920   1204388     30.54      2088    948040    390656      9.91    180012    922728     13824
22:14:52      2739496   1203812     30.53      2088    948044    389388      9.87    180012    921452     13828
22:14:53      2731328   1211980     30.74      2088    948056    400724     10.16    180012    931372     13840
22:14:54      2740952   1202356     30.49      2088    950672    385992      9.79    180012    921244     16456
22:14:55      2731844   1211464     30.72      2088    950752    396716     10.06    180012    930508     16536
22:14:56      2728084   1215224     30.82      2088    950760    403072     10.22    180012    935992     16532
22:14:57      2721312   1221996     30.99      2088    950780    410256     10.40    180012    942052     16552
22:14:58      2724044   1219264     30.92      2088    950784    405796     10.29    180012    939728     16568
22:14:59      2724492   1218816     30.91      2088    953480    400104     10.15    180012    936932     19264
22:15:00      2714592   1228716     31.16      2088    953488    412688     10.47    180012    948220     19272
22:15:01      2714620   1228688     31.16      2088    953492    412536     10.46    180012    948300     16616
22:15:02      2714620   1228688     31.16      2088    953504    413676     10.49    180012    947680     16628
22:15:03      2715976   1227332     31.12      2088    953504    413444     10.48    180012    947788     16628
22:15:04      2714116   1229192     31.17      2088    953504    413628     10.49    180012    948072     16628
22:15:05      2714864   1228444     31.15      2088    953516    412328     10.46    180012    947080     16640
22:15:06      2712760   1230548     31.21      2088    953516    416876     10.57    180012    951484     13740
22:15:07      2710264   1233044     31.27      2088    956204    414124     10.50    180012    952652     16336
22:15:08      2711252   1232056     31.24      2088    956212    412512     10.46    180012    952188     16344
22:15:09      2709604   1233704     31.29      2088    956228    416592     10.56    180012    954584     16360
22:15:10      2701932   1241376     31.48      2088    956236    421752     10.70    180012    960004     16368
22:15:11      2703344   1239964     31.44      2088    958860    417892     10.60    180012    959252     18992
22:15:12      2698972   1244336     31.56      2088    958928    421548     10.69    180012    963048     19060
22:15:13      2701364   1241944     31.49      2088    958940    422556     10.72    180012    962548     19072
22:15:14      2704200   1239108     31.42      2088    958944    415952     10.55    180012    957484     19076
22:15:15      2692664   1250644     31.72      2088    961632    427468     10.84    180012    970016     21764
22:15:16      2692916   1250392     31.71      2088    961648    426376     10.81    180012    970356     16148
22:15:17      2692616   1250692     31.72      2088    961648    426500     10.82    180012    970572     16152
22:15:18      2694628   1248680     31.67      2088    961652    424368     10.76    180012    968720     16156
22:15:19      2692676   1250632     31.72      2088    961664    428468     10.87    180012    971320     16168
22:15:20      2693620   1249688     31.69      2088    961676    423920     10.75    180012    968060     16180
22:15:21      2694836   1248472     31.66      2088    961680    423896     10.75    180012    967948     13584
22:15:22      2684964   1258344     31.91      2088    964364    428712     10.87    180012    974952     16204
22:15:23      2688528   1254780     31.82      2088    964380    430332     10.91    180012    974796     16220
22:15:24      2693664   1249644     31.69      2088    964380    426532     10.82    180012    971424     16220
22:15:25      2693716   1249592     31.69      2088    964388    424324     10.76    180012    970348     16228
22:15:26      2686316   1256992     31.88      2088    964396    429004     10.88    180012    975468     16236
22:15:27      2693248   1250060     31.70      2088    967088    420056     10.65    180012    969192     16264
22:15:28      2675520   1267788     32.15      2088    967092    432300     10.96    180012    980552     16268
22:15:29      2692536   1250772     31.72      2088    967104    424812     10.77    180012    971824     16280
22:15:30      2692084   1251224     31.73      2088    967108    422128     10.70    180012    970296     16284
22:15:31      2678796   1264512     32.07      2088    967116    434236     11.01    180012    982880     16292
22:15:32      2680008   1263300     32.04      2088    967124    432324     10.96    180012    981892     13620
22:15:33      2651724   1291584     32.75      2088    969780    458912     11.64    180012   1010984     16276
22:15:34      2660864   1282444     32.52      2088    969812    450660     11.43    180012   1003160     16308
22:15:35      2660592   1282716     32.53      2088    969816    448864     11.38    180012   1002004     16312
22:15:36      2660108   1283200     32.54      2088    969828    452836     11.48    180012   1004352     16324
22:15:37      2664116   1279192     32.44      2088    969840    445424     11.30    180012    997860     16012
22:15:38      2666344   1276964     32.38      2088    969840    445788     11.30    180012    997492     16012
22:15:39      2663668   1279640     32.45      2088    969844    445796     11.31    180012    998276     16016
22:15:40      2644760   1298548     32.93      2088    972532    462536     11.73    180012   1017736     18704
22:15:41      2645464   1297844     32.91      2088    972536    461312     11.70    180012   1017196     18708
22:15:42      2649740   1293568     32.80      2088    972548    456496     11.58    180012   1012304     13392
22:15:43      2649288   1294020     32.82      2088    972552    457972     11.61    180012   1012772     13396
22:15:44      2658148   1285160     32.59      2088    972560    451900     11.46    180012   1005484     13404
22:15:45      2655344   1287964     32.66      2088    972564    451464     11.45    180012   1006324     13408
22:15:46      2655520   1287788     32.66      2088    975188    447816     11.36    180012   1005952     16032
22:15:47      2658344   1284964     32.59      2088    975264    445100     11.29    180012   1004032     13444
22:15:48      2658252   1285056     32.59      2088    975268    448888     11.38    180012   1004304     13452
22:15:49      2654812   1288496     32.68      2088    975272    453040     11.49    180012   1007612     13456
22:15:50      2651016   1292292     32.77      2088    975272    450612     11.43    180012   1006944     13456
22:15:51      2633016   1310292     33.23      2088    977948    472132     11.97    180012   1029296     16132
22:15:52      2621832   1321476     33.51      2088    977952    481700     12.22    180012   1040016     13536
22:15:53      2623268   1320040     33.48      2088    977976    480580     12.19    180012   1038980     13496
22:15:54      2626764   1316544     33.39      2088    977992    480196     12.18    180012   1037040     13512
22:15:55      2624344   1318964     33.45      2088    977992    480592     12.19    180012   1037092     13512
22:15:56      2625052   1318256     33.43      2088    977992    482884     12.25    180012   1039444     13512
22:15:57      2629080   1314228     33.33      2088    980608    473828     12.02    180012   1034624     13528
22:15:58      2628536   1314772     33.34      2088    980672    474028     12.02    180012   1035012     13528
22:15:59      2628332   1314976     33.35      2088    980676    471968     11.97    180012   1034164     13532
22:16:00      2628332   1314976     33.35      2088    980696    472604     11.98    180012   1034828     13552
22:16:01      2629844   1313464     33.31      2088    980716    473936     12.02    180012   1034632     13572
22:16:02      2626028   1317280     33.41      2088    980716    474268     12.03    180012   1034324     13572
22:16:03      2628236   1315072     33.35      2088    980716    474604     12.04    180012   1034188     13572
22:16:04      2636136   1307172     33.15      2088    980728    465604     11.81    180012   1026624     13584
22:16:05      2630568   1312740     33.29      2088    983412    469508     11.91    180012   1031716     16268
22:16:06      2631776   1311532     33.26      2088    983416    467560     11.86    180012   1031164     16272
22:16:07      2631700   1311608     33.26      2088    983424    468328     11.88    180012   1032180     16280
22:16:08      2630316   1312992     33.30      2088    983436    471356     11.95    180012   1033572     13360
22:16:09      2630972   1312336     33.28      2088    983440    468536     11.88    180012   1031608     13364
22:16:10      2632516   1310792     33.24      2088    983440    469440     11.90    180012   1032144     13364
22:16:11      2629292   1314016     33.32      2088    983440    469196     11.90    180012   1033224     13364
22:16:12      2623608   1319700     33.47      2088    986120    473716     12.01    180012   1038908     16044
22:16:13      2626504   1316804     33.39      2088    986144    470140     11.92    180012   1037400     13404
22:16:14      2626452   1316856     33.39      2088    986152    468868     11.89    180012   1036304     13412
22:16:15      2624936   1318372     33.43      2088    986164    472952     11.99    180012   1038620     13536
22:16:16      2599952   1343356     34.07      2088    988768    493684     12.52    180012   1062296     16140
22:16:17      2625100   1318208     33.43      2088    988844    468820     11.89    180012   1037452     16216
22:16:18      2625476   1317832     33.42      2088    988864    468224     11.87    180012   1037820     13548
22:16:19      2621952   1321356     33.51      2088    988880    470772     11.94    180012   1039060     13568
22:16:20      2624692   1318616     33.44      2088    988880    470768     11.94    180012   1039336     13580
22:16:21      2623716   1319592     33.46      2088    991560    465944     11.82    180012   1038604     16260
22:16:22      2623464   1319844     33.47      2088    991568    468032     11.87    180012   1039192     16268
22:16:23      2624168   1319140     33.45      2088    991572    465712     11.81    180012   1037920     13608
22:16:24      2624468   1318840     33.45      2088    991592    466544     11.83    180012   1039068     13628
22:16:25      2622204   1321104     33.50      2088    991604    469008     11.89    180012   1040212     13640
22:16:26      2623496   1319812     33.47      2088    991608    468500     11.88    180012   1040072     13644
22:16:27      2625228   1318080     33.43      2088    991616    464080     11.77    180012   1037548     13652
22:16:28      2623716   1319592     33.46      2088    991624    467320     11.85    180012   1038444     10996
22:16:29      2620576   1322732     33.54      2088    994244    467204     11.85    180012   1041404     13616
22:16:30      2620936   1322372     33.53      2088    994312    467932     11.87    180012   1042096     13684
22:16:31      2621940   1321368     33.51      2088    994316    466720     11.84    180012   1041048     13688
22:16:32      2621944   1321364     33.51      2088    994336    468220     11.87    180012   1042132     13708
22:16:33      2621188   1322120     33.53      2088    994340    470204     11.92    180012   1043296     13712
22:16:34      2596200   1347108     34.16      2088    996952    487668     12.37    180012   1066084     16324
22:16:35      2602264   1341044     34.01      2088    997032    483184     12.25    180012   1059804     16404
22:16:36      2585348   1357960     34.44      2088    997048    498568     12.64    180012   1075024     16420
22:16:37      2602940   1340368     33.99      2088    997048    485440     12.31    180012   1060812     16420
22:16:38      2602236   1341072     34.01      2088    997052    485544     12.31    180012   1061116     13524
22:16:39      2603760   1339548     33.97      2088    997068    480684     12.19    180012   1058440     13480
22:16:40      2600452   1342856     34.05      2088    999740    481648     12.21    180012   1061296     16152
22:16:41      2602272   1341036     34.01      2088    999744    479452     12.16    180012   1060288     16156
22:16:42      2598692   1344616     34.10      2088    999756    483040     12.25    180012   1064016     16168
22:16:43      2600604   1342704     34.05      2088    999764    480060     12.17    180012   1060860     13576
22:16:44      2603784   1339524     33.97      2088    999768    475972     12.07    180012   1057052     13516
22:16:45      2603736   1339572     33.97      2088    999780    480052     12.17    180012   1059400     13528
22:16:46      2593604   1349704     34.23      2088   1002392    486404     12.33    180012   1068444     16140
22:16:47      2594956   1348352     34.19      2088   1002476    484576     12.29    180012   1068180     16224
22:16:48      2592652   1350656     34.25      2088   1002480    486500     12.34    180012   1068988     16228
22:16:49      2594400   1348908     34.21      2088   1002484    486248     12.33    180012   1068944     13440
22:16:50      2593788   1349520     34.22      2088   1002488    484348     12.28    180012   1068616     13452
22:16:51      2590288   1353020     34.31      2088   1002500    488384     12.39    180012   1070996     13464
22:16:52      2588152   1355156     34.37      2088   1002504    493592     12.52    180012   1075020     13468
22:16:53      2548588   1394720     35.37      2088   1002516    533128     13.52    180012   1115784     13480
22:16:54      2588080   1355228     34.37      2088   1005188    489960     12.43    180012   1075508     13476
22:16:55      2587388   1355920     34.39      2088   1005200    488508     12.39    180012   1075560     13488
22:16:56      2584112   1359196     34.47      2088   1005200    492932     12.50    180012   1079892     13488
22:16:57      2585820   1357488     34.43      2088   1005220    490964     12.45    180012   1076216     13508
22:16:58      2584104   1359204     34.47      2088   1005224    493840     12.52    180012   1078072     13512
22:16:59      2555544   1387764     35.19      2088   1007836    517960     13.14    180012   1105968     16124
22:17:00      2559548   1383760     35.09      2088   1007916    515300     13.07    180012   1102788     16204
22:17:01      2559628   1383680     35.09      2088   1007916    514544     13.05    180012   1103108     16204
22:17:02      2560668   1382640     35.06      2088   1007924    513352     13.02    180012   1101988     16212
22:17:03      2559452   1383856     35.09      2088   1007936    517212     13.12    180012   1104168     16224
22:17:04      2562656   1380652     35.01      2088   1007940    509640     12.92    180012   1098184     13564
22:17:05      2564448   1378860     34.97      2088   1007948    509532     12.92    180012   1097556     13572
22:17:06      2561668   1381640     35.04      2088   1010636    509668     12.92    180012   1100940     16260
22:17:07      2561164   1382144     35.05      2088   1010644    510740     12.95    180012   1101440     16268
22:17:08      2561616   1381692     35.04      2088   1010648    508688     12.90    180012   1100564     16284
22:17:09      2559556   1383752     35.09      2088   1010660    512644     13.00    180012   1103096     13344
22:17:10      2564944   1378364     34.95      2088   1010672    504808     12.80    180012   1096920     13356
22:17:11      2565604   1377704     34.94      2088   1010672    504980     12.81    180012   1095984     13356
22:17:12      2567860   1375448     34.88      2088   1013352    499648     12.67    180012   1093580     16036
22:17:13      2570292   1373016     34.82      2088   1013360    497576     12.62    180012   1091992     16044
22:17:14      2570924   1372384     34.80      2088   1013368    494936     12.55    180012   1089916     13388
22:17:15      2571552   1371756     34.79      2088   1013384    499164     12.66    180012   1092004     13404
22:17:16      2568424   1374884     34.87      2088   1013392    498392     12.64    180012   1091808     13412
22:17:17      2571016   1372292     34.80      2088   1013396    498412     12.64    180012   1090696     13416
22:17:18      2567016   1376292     34.90      2088   1013400    502344     12.74    180012   1095760     13420
22:17:19      2520744   1422564     36.08      2088   1013400    547704     13.89    180012   1141252     10820
22:17:20      2542988   1400320     35.51      2088   1016088    523340     13.27    180012   1119548     13444
22:17:21      2541296   1402012     35.55      2088   1016104    526348     13.35    180012   1121184     13460
22:17:22      2538440   1404868     35.63      2088   1016104    528704     13.41    180012   1123380     13460
22:17:23      2539492   1403816     35.60      2088   1016116    526740     13.36    180012   1122200     13472
22:17:24      2540684   1402624     35.57      2088   1016120    524876     13.31    180012   1120692     10824
22:17:25      2515008   1428300     36.22      2088   1016124    549372     13.93    180012   1145804     10808
22:17:26      2500928   1442380     36.58      2088   1016124    564504     14.32    180012   1160816     10808
22:17:27      2512496   1430812     36.28      2088   1018812    550956     13.97    180012   1150656     13496
22:17:28      2513448   1429860     36.26      2088   1018828    551520     13.99    180012   1149584     13512
22:17:29      2514768   1428540     36.23      2088   1018828    547884     13.89    180012   1146628     10912
22:17:30      2514312   1428996     36.24      2088   1018828    552036     14.00    180012   1149164     10848
22:17:31      2516072   1427236     36.19      2088   1021508    544120     13.80    180012   1144788     13528
22:17:32      2518088   1425220     36.14      2088   1021512    544100     13.80    180012   1144844     13532
22:17:33      2518040   1425268     36.14      2088   1021516    542188     13.75    180012   1144516     13536
22:17:34      2517584   1425724     36.16      2088   1021536    542540     13.76    180012   1144948     13556
22:17:35      2516012   1427296     36.20      2088   1021548    545232     13.83    180012   1145364     13568
22:17:36      2519640   1423668     36.10      2088   1021552    544256     13.80    180012   1144208     13572
22:17:37      2520992   1422316     36.07      2088   1021552    538052     13.64    180012   1140364     13572
22:17:38      2517992   1425316     36.15      2088   1024232    541056     13.72    180012   1145344     16252
22:17:39      2518852   1424456     36.12      2088   1024240    537780     13.64    180012   1143320     16260
22:17:40      2518536   1424772     36.13      2088   1024252    538484     13.66    180012   1143996     13356
22:17:41      2518524   1424784     36.13      2088   1024256    539184     13.67    180012   1143924     13360
22:17:42      2517624   1425684     36.15      2088   1024272    541500     13.73    180012   1144320     13376
22:17:43      2519036   1424272     36.12      2088   1024272    537908     13.64    180012   1142424     13376
22:17:44      2520300   1423008     36.09      2088   1024288    536872     13.61    180012   1141580     13392
22:17:45      2510788   1432520     36.33      2088   1026968    546096     13.85    180012   1152712     13408
22:17:46      2509892   1433416     36.35      2088   1026976    545072     13.82    180012   1152732     13416
22:17:47      2508016   1435292     36.40      2088   1026992    548172     13.90    180012   1153648     13432
22:17:48      2510616   1432692     36.33      2088   1026992    546104     13.85    180012   1152520     13432
22:17:49      2476808   1466500     37.19      2088   1029668    560840     14.22    180012   1171052     16108
22:17:50      2498228   1445080     36.65      2088   1029672    552004     14.00    180012   1163304     13448
22:17:51      2499740   1443568     36.61      2088   1029696    552924     14.02    180012   1163088     13472
22:17:52      2499740   1443568     36.61      2088   1029700    551472     13.99    180012   1163140     13476
22:17:53      2500136   1443172     36.60      2088   1029704    552004     14.00    180012   1162060     13480
22:17:54      2499984   1443324     36.60      2088   1029720    555776     14.09    180012   1164256     13496
22:17:55      2500644   1442664     36.59      2088   1029720    550944     13.97    180012   1161780     13484
22:17:56      2497868   1445440     36.66      2088   1032408    548892     13.92    180012   1162968     16180
22:17:57      2498164   1445144     36.65      2088   1032412    549292     13.93    180012   1163440     16184
22:17:58      2499788   1443520     36.61      2088   1032420    548116     13.90    180012   1162384     16192
22:17:59      2498212   1445096     36.65      2088   1032432    552200     14.00    180012   1164680     16204
22:18:00      2497276   1446032     36.67      2088   1032436    552960     14.02    180012   1164524     13544
22:18:01      2505340   1437968     36.47      2088   1032444    543348     13.78    180012   1156548     13552
22:18:02      2508776   1434532     36.38      2088   1032448    541152     13.72    180012   1153560     13556
22:18:03      2509204   1434104     36.37      2088   1032456    541176     13.72    180012   1153860     13564
22:18:04      2505788   1437520     36.45      2088   1032464    541692     13.74    180012   1155416     13572
22:18:05      2510184   1433124     36.34      2088   1032484    541820     13.74    180012   1154060     11092
22:18:06      2512368   1430940     36.29      2088   1032488    533996     13.54    180012   1150256     11044
22:18:07      2509568   1433740     36.36      2088   1035164    535420     13.58    180012   1151900     13720
22:18:08      2507528   1435780     36.41      2088   1035180    539416     13.68    180012   1154328     13736
22:18:09      2511616   1431692     36.31      2088   1035184    536680     13.61    180012   1151604     13740
22:18:10      2510428   1432880     36.34      2088   1035192    536072     13.59    180012   1151580     10872
22:18:11      2510340   1432968     36.34      2088   1035192    534936     13.57    180012   1150676     10784
22:18:12      2509364   1433944     36.36      2088   1035208    538832     13.66    180012   1153300     10800
22:18:13      2509072   1434236     36.37      2088   1035208    537452     13.63    180012   1153732     10812
22:18:14      2490124   1453184     36.85      2088   1040564    550732     13.97    180012   1171200     16168
22:18:15      2489400   1453908     36.87      2088   1040572    551692     13.99    180012   1172208     16176
22:18:16      2490660   1452648     36.84      2088   1040572    550964     13.97    180012   1172652     13512
22:18:17      2489900   1453408     36.86      2088   1040588    552512     14.01    180012   1172828     13528
22:18:18      2492168   1451140     36.80      2088   1040588    548240     13.90    180012   1170368     13528
22:18:19      2487100   1456208     36.93      2088   1043276    550512     13.96    180012   1175252     16216
22:18:20      2487920   1455388     36.91      2088   1043280    550424     13.96    180012   1174224     16220
22:18:21      2486912   1456396     36.93      2088   1043288    550296     13.96    180012   1174204     13564
22:18:22      2486408   1456900     36.95      2088   1043300    551904     14.00    180012   1174140     13576
22:18:23      2488400   1454908     36.90      2088   1043300    551920     14.00    180012   1174152     13576
22:18:24      2485864   1457444     36.96      2088   1043304    552620     14.01    180012   1176404     13580
22:18:25      2490056   1453252     36.85      2088   1045916    543364     13.78    180012   1170588     16192
22:18:26      2491148   1452160     36.83      2088   1046000    544468     13.81    180012   1170552     16264
22:18:27      2491572   1451736     36.82      2088   1046004    545364     13.83    180012   1171384     16276
22:18:28      2492636   1450672     36.79      2088   1046016    542328     13.75    180012   1168972     16288
22:18:29      2481544   1461764     37.07      2088   1046028    556372     14.11    180012   1181472     16300
22:18:30      2466420   1476888     37.45      2088   1048704    565940     14.35    180012   1195668     18976
22:18:31      2489808   1453500     36.86      2088   1048720    541348     13.73    180012   1171400     16328
22:18:32      2488344   1454964     36.90      2088   1048736    545384     13.83    180012   1173004     16344
22:18:33      2489088   1454220     36.88      2088   1048736    545416     13.83    180012   1172996     16344
22:18:34      2456892   1486416     37.69      2088   1051412    574028     14.56    180012   1206964     19020
22:18:35      2464512   1478796     37.50      2088   1051424    564796     14.32    180012   1197248     19032
22:18:36      2464924   1478384     37.49      2088   1051436    565044     14.33    180012   1197700     18932
22:18:37      2460624   1482684     37.60      2088   1051448    570412     14.47    180012   1200224     18944
22:18:38      2463096   1480212     37.54      2088   1051448    569220     14.44    180012   1199780     18944
22:18:39      2456640   1486668     37.70      2088   1051452    565056     14.33    180012   1197368     18948
22:18:40      2463948   1479360     37.52      2088   1051460    562920     14.28    180012   1196988     18956
22:18:41      2467608   1475700     37.42      2088   1054064    557952     14.15    180012   1194284     18608
22:18:42      2476856   1466452     37.19      2088   1054148    548784     13.92    180012   1185164     18696
22:18:43      2475020   1468288     37.23      2088   1054164    552164     14.00    180012   1186256     18712
22:18:44      2476784   1466524     37.19      2088   1054164    552144     14.00    180012   1186172     18712
22:18:45      2469216   1474092     37.38      2088   1054168    559636     14.19    180012   1194076     18716
22:18:46      2435952   1507356     38.23      2088   1056848    587580     14.90    180012   1225112     16068
22:18:47      2437424   1505884     38.19      2088   1056860    586972     14.89    180012   1224656     16068
22:18:48      2436944   1506364     38.20      2088   1056876    589968     14.96    180012   1226288     16084
22:18:49      2437668   1505640     38.18      2088   1056880    590164     14.97    180012   1226120     16088
22:18:50      2433148   1510160     38.30      2088   1056880    590888     14.98    180012   1228388     16088
22:18:51      2436920   1506388     38.20      2088   1059556    586768     14.88    180012   1226260     16100
22:18:52      2448020   1495288     37.92      2088   1059560    573132     14.53    180012   1213312     16104
22:18:53      2448096   1495212     37.92      2088   1059580    573588     14.55    180012   1214716     16124
22:18:54      2446740   1496568     37.95      2088   1059592    576200     14.61    180012   1215636     16136
22:18:55      2446300   1497008     37.96      2088   1059596    572096     14.51    180012   1212768     16140
22:18:56      2448316   1494992     37.91      2088   1059604    572028     14.51    180012   1212392     13548
22:18:57      2449552   1493756     37.88      2088   1062296    568392     14.41    180012   1211780     16172
22:18:58      2449720   1493588     37.88      2088   1062296    569136     14.43    180012   1211780     16172
22:18:59      2450004   1493304     37.87      2088   1062300    568144     14.41    180012   1211196     16176
22:19:00      2451368   1491940     37.83      2088   1062312    565528     14.34    180012   1210020     16188
22:19:01      2448488   1494820     37.91      2088   1062312    571456     14.49    180012   1212824     16200
22:19:02      2451516   1491792     37.83      2088   1062316    567044     14.38    180012   1210212     13540
22:19:03      2451076   1492232     37.84      2088   1062324    566320     14.36    180012   1209776     13548
22:19:04      2451284   1492024     37.84      2088   1062328    566504     14.37    180012   1209616     13552
22:19:05      2448980   1494328     37.90      2088   1064952    566116     14.36    180012   1212112     16176
22:19:06      2449752   1493556     37.88      2088   1065024    566200     14.36    180012   1212468     16248
22:19:07      2449528   1493780     37.88      2088   1065024    565092     14.33    180012   1211792     13584
22:19:08      2446224   1497084     37.97      2088   1067700    565960     14.35    180012   1214476     16260
22:19:09      2447520   1495788     37.93      2088   1067720    566008     14.35    180012   1214072     16280
22:19:10      2444436   1498872     38.01      2088   1067728    572536     14.52    180012   1217864     16288
22:19:11      2447164   1496144     37.94      2088   1067728    565460     14.34    180012   1213604     16288
22:19:12      2446452   1496856     37.96      2088   1067732    564764     14.32    180012   1213952     13356
22:19:13      2447260   1496048     37.94      2088   1067744    564948     14.33    180012   1214064     13368
22:19:14      2413716   1529592     38.79      2088   1070352    595004     15.09    180012   1246768     15976
22:19:15      2442412   1500896     38.06      2088   1070436    568280     14.41    180012   1219100     16060
22:19:16      2447504   1495804     37.93      2088   1070440    563128     14.28    180012   1214136     16064
22:19:17      2428604   1514704     38.41      2088   1070448    580860     14.73    180012   1231372     13408
22:19:18      2447936   1495372     37.92      2088   1070456    562800     14.27    180012   1213860     13416
22:19:19      2446464   1496844     37.96      2088   1070456    565032     14.33    180012   1215984     13416
22:19:20      2443952   1499356     38.02      2088   1073144    564156     14.31    180012   1217868     16104
22:19:21      2444048   1499260     38.02      2088   1073148    563848     14.30    180012   1217768     16108
22:19:22      2444960   1498348     38.00      2088   1073152    562636     14.27    180012   1216636     13512
22:19:23      2440116   1503192     38.12      2088   1073168    567448     14.39    180012   1220220     13464
22:19:24      2443448   1499860     38.04      2088   1073168    565572     14.34    180012   1218988     13464
22:19:25      2444696   1498612     38.00      2088   1073168    561784     14.25    180012   1216844     13464
22:19:26      2438904   1504404     38.15      2088   1075860    565632     14.34    180012   1223080     16156
22:19:27      2442336   1500972     38.06      2088   1075864    563172     14.28    180012   1219412     13480
22:19:28      2434116   1509192     38.27      2088   1075868    571744     14.50    180012   1227528     13492
22:19:29      2438652   1504656     38.16      2088   1075884    566284     14.36    180012   1222048     13508
22:19:30      2440320   1502988     38.11      2088   1075884    566088     14.36    180012   1221944     13508
22:19:31      2415704   1527604     38.74      2088   1078560    585988     14.86    180012   1246052     16184
22:19:32      2437816   1505492     38.18      2088   1078572    563548     14.29    180012   1223668     16196
22:19:33      2437636   1505672     38.18      2088   1078588    563872     14.30    180012   1223896     16212
22:19:34      2438972   1504336     38.15      2088   1078588    563156     14.28    180012   1222940     16212
22:19:35      2436108   1507200     38.22      2088   1078600    566816     14.37    180012   1225444     16224
22:19:36      2436108   1507200     38.22      2088   1078600    566896     14.38    180012   1225604     16224
22:19:37      2423704   1519604     38.54      2088   1081212    574124     14.56    180012   1236984     16336
22:19:38      2434840   1508468     38.25      2088   1081284    562804     14.27    180012   1225764     16244
22:19:39      2434596   1508712     38.26      2088   1081300    563772     14.30    180012   1226764     16260
22:19:40      2431572   1511736     38.34      2088   1081300    568164     14.41    180012   1230300     16260
22:19:41      2434028   1509280     38.27      2088   1081320    567756     14.40    180012   1228272     16280
22:19:42      2425704   1517604     38.49      2088   1081320    574092     14.56    180012   1235212     16280
22:19:43      2402256   1541052     39.08      2088   1083928    593676     15.06    180012   1259052     15960
22:19:44      2431800   1511508     38.33      2088   1084016    562984     14.28    180012   1228548     16048
22:19:45      2431132   1512176     38.35      2088   1084016    564016     14.30    180012   1229668     16048
22:19:46      2431684   1511624     38.33      2088   1084020    564892     14.33    180012   1229772     16052
22:19:47      2429532   1513776     38.39      2088   1084032    568232     14.41    180012   1231040     16064
22:19:48      2426960   1516348     38.45      2088   1084036    568820     14.42    180012   1232628     13404
22:19:49      2429620   1513688     38.39      2088   1086716    564644     14.32    180012   1231296     16084
22:19:50      2428968   1514340     38.40      2088   1086724    564292     14.31    180012   1231736     16092
22:19:51      2429272   1514036     38.40      2088   1086732    564292     14.31    180012   1231692     16100
22:19:52      2429744   1513564     38.38      2088   1086732    565320     14.34    180012   1232800     16100
22:19:53      2429524   1513784     38.39      2088   1086736    564076     14.30    180012   1231188     13440
22:19:54      2428452   1514856     38.42      2088   1086752    568184     14.41    180012   1233604     13456
22:19:55      2429696   1513612     38.38      2088   1086752    564220     14.31    180012   1231644     13456
22:19:56      2426240   1517068     38.47      2088   1089428    564456     14.31    180012   1234668     16132
22:19:57      2426240   1517068     38.47      2088   1089444    563800     14.30    180012   1234324     16148
22:19:58      2426492   1516816     38.47      2088   1089444    563512     14.29    180012   1234036     13468
22:19:59      2427196   1516112     38.45      2088   1089448    564540     14.32    180012   1234708     13480
22:20:00      2425172   1518136     38.50      2088   1089452    563712     14.30    180012   1233928     13484
22:20:01      2424224   1519084     38.52      2088   1089508    567848     14.40    180152   1236344     13736
22:20:02      2425736   1517572     38.48      2088   1089508    568056     14.41    180152   1236652     13736
22:20:03      2419688   1523620     38.64      2088   1089508    571768     14.50    180152   1241776     11056
22:20:04      2423428   1519880     38.54      2088   1092184    564024     14.30    180152   1237092     13732
22:20:05      2423208   1520100     38.55      2088   1092188    564040     14.30    180152   1237200     13736
22:20:06      2422948   1520360     38.56      2088   1092204    564752     14.32    180152   1238172     13764
22:20:07      2422648   1520660     38.56      2088   1092204    564636     14.32    180152   1237884     13764
22:20:08      2421080   1522228     38.60      2088   1092220    568320     14.41    180152   1239276     11116
22:20:09      2423440   1519868     38.54      2088   1092220    564592     14.32    180152   1237032     11116
22:20:10      2355852   1587456     40.26      2088   1094832    629784     15.97    180152   1304632     13728
22:20:11      2420704   1522604     38.61      2088   1094904    564704     14.32    180152   1239972     13800
22:20:12      2420672   1522636     38.61      2088   1094916    564548     14.32    180152   1239920     13812
22:20:13      2420672   1522636     38.61      2088   1094916    565548     14.34    180152   1240848     11012
22:20:14      2420324   1522984     38.62      2088   1094920    565608     14.34    180152   1240784     10964
22:20:15      2421368   1521940     38.60      2088   1094924    564484     14.31    180152   1239884     10968
22:20:16      2418156   1525152     38.68      2088   1094936    568712     14.42    180152   1242384     10980
22:20:17      2413780   1529528     38.79      2088   1097552    569624     14.45    180152   1247224     13596
22:20:18      2417924   1525384     38.68      2088   1097620    564400     14.31    180152   1242904     13664
22:20:19      2417388   1525920     38.70      2088   1097636    565576     14.34    180152   1244016     13680
22:20:20      2415616   1527692     38.74      2088   1097640    567452     14.39    180152   1245720     13684
22:20:21      2416096   1527212     38.73      2088   1097652    568368     14.41    180152   1244912     13696
22:20:22      2415316   1527992     38.75      2088   1097652    568316     14.41    180152   1244988     13696
22:20:23      2383360   1559948     39.56      2088   1100264    597128     15.14    180152   1278276     16308
22:20:24      2414764   1528544     38.76      2088   1100332    564040     14.30    180152   1245736     13712
22:20:25      2415112   1528196     38.75      2088   1100348    563836     14.30    180152   1245724     13728
22:20:26      2415300   1528008     38.75      2088   1100352    565008     14.33    180152   1246620     13732
22:20:27      2415720   1527588     38.74      2088   1100352    564300     14.31    180152   1245444     13732
22:20:28      2412584   1530724     38.82      2088   1100368    568408     14.41    180152   1247856     13748
22:20:29      2409816   1533492     38.89      2088   1100368    572440     14.52    180152   1251560     11072
22:20:30      2412132   1531176     38.83      2088   1103040    565088     14.33    180152   1248420     13752
22:20:31      2411696   1531612     38.84      2088   1103044    565088     14.33    180152   1248908     13756
22:20:32      2409112   1534196     38.91      2088   1103068    567972     14.40    180152   1252152     13780
22:20:33      2410372   1532936     38.87      2088   1103084    568564     14.42    180152   1250948     13796
22:20:34      2408008   1535300     38.93      2088   1103084    571360     14.49    180152   1253736     13516
22:20:35      2324624   1618684     41.05      2088   1105688    648412     16.44    180152   1335572     16120
22:20:36      2409260   1534048     38.90      2088   1105764    564224     14.31    180152   1251416     16196
22:20:37      2409356   1533952     38.90      2088   1105776    564124     14.31    180152   1251412     16208
22:20:38      2408852   1534456     38.91      2088   1105780    564124     14.31    180152   1251572     16212
22:20:39      2409188   1534120     38.90      2088   1105784    565176     14.33    180152   1252520     13536
22:20:40      2407844   1535464     38.94      2088   1105804    568916     14.43    180152   1253796     13556
22:20:41      2405880   1537428     38.99      2088   1105804    570572     14.47    180152   1255176     13556
22:20:42      2406240   1537068     38.98      2088   1108412    564896     14.33    180152   1254372     16164
22:20:43      2406056   1537252     38.98      2088   1108480    564572     14.32    180152   1254276     16232
22:20:44      2406308   1537000     38.98      2088   1108496    564636     14.32    180152   1254508     13332
22:20:45      2406560   1536748     38.97      2088   1108500    565664     14.34    180152   1255504     13340
22:20:46      2406056   1537252     38.98      2088   1108500    566736     14.37    180152   1255276     13340
22:20:47      2404544   1538764     39.02      2088   1108516    570100     14.46    180152   1256696     13356
22:20:48      2404536   1538772     39.02      2088   1108516    568968     14.43    180152   1256956     13356
22:20:49      2403520   1539788     39.05      2088   1111196    564784     14.32    180152   1257092     13436
22:20:50      2403172   1540136     39.06      2088   1111200    564620     14.32    180152   1257376     13376
22:20:51      2403520   1539788     39.05      2088   1111212    564480     14.31    180152   1257364     13388
22:20:52      2399488   1543820     39.15      2088   1111216    569368     14.44    180152   1262072     13392
22:20:53      2400228   1543080     39.13      2088   1111232    569504     14.44    180152   1259824     13408
22:20:54      2401156   1542152     39.11      2088   1111236    569332     14.44    180152   1259720     10824
22:20:55      2349276   1594032     40.42      2088   1111236    620056     15.72    180152   1312868     10760
22:20:56      2400552   1542756     39.12      2088   1113916    564540     14.32    180152   1260308     13440
22:20:57      2400204   1543104     39.13      2088   1113924    564416     14.31    180152   1260148     13448
22:20:58      2400204   1543104     39.13      2088   1113924    564464     14.31    180152   1260148     13448
22:20:59      2400960   1542348     39.11      2088   1113932    565212     14.33    180152   1261052     13456
22:21:00      2401684   1541624     39.09      2088   1113936    567328     14.39    180152   1260852     13460
22:21:01      2400360   1542948     39.13      2088   1113948    570372     14.46    180152   1262248     13472
22:21:02      2397936   1545372     39.19      2088   1113948    570476     14.47    180152   1262544     13472
22:21:03      2364872   1578436     40.03      2088   1116560    598800     15.19    180152   1295476     16084
22:21:04      2397424   1545884     39.20      2088   1116628    566660     14.37    180152   1263128     13508
22:21:05      2397424   1545884     39.20      2088   1116640    566192     14.36    180152   1263348     13492
22:21:06      2396856   1546452     39.22      2088   1116644    567224     14.38    180152   1264216     13496
22:21:07      2394904   1548404     39.27      2088   1116648    569548     14.44    180152   1266200     13500
22:21:08      2394652   1548656     39.27      2088   1116660    572568     14.52    180152   1267608     13512
22:21:09      2393664   1549644     39.30      2088   1116664    572356     14.51    180152   1267816     13516
22:21:10      2301160   1642148     41.64      2088   1116664    654592     16.60    180152   1351652     10852
22:21:11      2389856   1553452     39.39      2088   1119340    570352     14.46    180152   1270840     13528
22:21:12      2393068   1550240     39.31      2088   1119344    566884     14.38    180152   1267588     13532
22:21:13      2392816   1550492     39.32      2088   1119360    568128     14.41    180152   1268800     13548
22:21:14      2393824   1549484     39.29      2088   1119364    568340     14.41    180152   1268720     13552
22:21:15      2392856   1550452     39.32      2088   1119376    567368     14.39    180152   1267596     10900
22:21:16      2389100   1554208     39.41      2088   1119376    572616     14.52    180152   1271588     10900
22:21:17      2295600   1647708     41.78      2088   1122052    662256     16.79    180152   1365296     13576
22:21:18      2389596   1553712     39.40      2088   1122056    567564     14.39    180152   1270560     13580
22:21:19      2389596   1553712     39.40      2088   1122068    567472     14.39    180152   1270712     13592
22:21:20      2388856   1554452     39.42      2088   1122072    568484     14.42    180152   1271944     10684
22:21:21      2386572   1556736     39.48      2088   1122072    572424     14.52    180152   1274432     10684
22:21:22      2387076   1556232     39.47      2088   1122076    572440     14.52    180152   1274412     10688
22:21:23      2384084   1559224     39.54      2088   1122088    575884     14.60    180152   1277664     10700
22:21:24      2379840   1563468     39.65      2088   1122088    577252     14.64    180152   1279568     10700
22:21:25      2359356   1583952     40.17      2088   1122092    598616     15.18    180152   1302612     10692
22:21:26      2385304   1558004     39.51      2088   1124776    568280     14.41    180152   1275300     13376
22:21:27      2385148   1558160     39.51      2088   1124788    569300     14.44    180152   1276176     13392
22:21:28      2379580   1563728     39.66      2088   1124792    576608     14.62    180152   1281656     13396
22:21:29      2371448   1571860     39.86      2088   1124804    585620     14.85    180152   1289328     13408
22:21:30      2374220   1569088     39.79      2088   1124812    582184     14.76    180152   1286976     10752
22:21:31      2373896   1569412     39.80      2088   1124816    581108     14.74    180152   1285948     10756
22:21:32      2379996   1563312     39.64      2088   1127428    570684     14.47    180152   1280136     13368
22:21:33      2379852   1563456     39.65      2088   1127508    571372     14.49    180152   1280684     13448
22:21:34      2373188   1570120     39.82      2088   1127512    578656     14.67    180152   1286844     13452
22:21:35      2373252   1570056     39.82      2088   1127516    577124     14.64    180152   1285424     10776
22:21:36      2374012   1569296     39.80      2088   1127528    581872     14.76    180152   1288224     10800
22:21:37      2371680   1571628     39.86      2088   1127532    583448     14.80    180152   1290096     10804
22:21:38      2375464   1567844     39.76      2088   1127532    577076     14.63    180152   1285696     10804
22:21:39      2373500   1569808     39.81      2088   1130220    575552     14.60    180152   1286844     13492
22:21:40      2375200   1568108     39.77      2088   1130228    575228     14.59    180152   1286616     13500
22:21:41      2371484   1571824     39.86      2088   1130232    579136     14.69    180152   1289624     13504
22:21:42      2367096   1576212     39.97      2088   1130244    584100     14.81    180152   1292960     13516
22:21:43      2369720   1573588     39.91      2088   1130244    583836     14.81    180152   1292480     13516
22:21:44      2365744   1577564     40.01      2088   1130248    586252     14.87    180152   1294856     13520
22:21:45      2266400   1676908     42.53      2088   1130248    686220     17.40    180152   1396696     10920
22:21:46      2370216   1573092     39.89      2088   1132936    577392     14.64    180152   1290904     13544
22:21:47      2370920   1572388     39.87      2088   1132940    576988     14.63    180152   1290776     13548
22:21:48      2366908   1576400     39.98      2088   1132944    582296     14.77    180152   1294972     13552
22:21:49      2353836   1589472     40.31      2088   1132960    596200     15.12    180152   1308552     13568
22:21:50      2362884   1580424     40.08      2088   1132960    587812     14.91    180152   1300360     13568
22:21:51      2360104   1583204     40.15      2088   1132960    589656     14.95    180152   1302440     10680
22:21:52      2365076   1578232     40.02      2088   1135636    578196     14.66    180152   1295580     13356
22:21:53      2365072   1578236     40.02      2088   1135652    578200     14.66    180152   1295656     13372
22:21:54      2360820   1582488     40.13      2088   1135660    586384     14.87    180152   1301908     13380
22:21:55      2358020   1585288     40.20      2088   1135672    589248     14.94    180152   1302952     13392
22:21:56      2356664   1586644     40.24      2088   1135676    590208     14.97    180152   1305356     10732
22:21:57      2357820   1585488     40.21      2088   1135676    588284     14.92    180152   1303836     10732
22:21:58      2359488   1583820     40.16      2088   1138352    582840     14.78    180152   1301256     13408
22:21:59      2359584   1583724     40.16      2088   1138372    583836     14.81    180152   1302356     13432
22:22:00      2355232   1588076     40.27      2088   1138376    588232     14.92    180152   1306436     13436
22:22:01      2353096   1590212     40.33      2088   1138388    591716     15.01    180152   1308484     13440
22:22:02      2346664   1596644     40.49      2088   1138388    597092     15.14    180152   1313984     13440
22:22:03      2351244   1592064     40.37      2088   1138392    593412     15.05    180152   1310236     13444
22:22:04      2346912   1596396     40.48      2088   1138392    596884     15.14    180152   1313392     13444
22:22:05      2231476   1711832     43.41      2088   1141052    706996     17.93    180152   1428828     16104
22:22:06      2352008   1591300     40.35      2088   1141076    586324     14.87    180152   1308540     13452
22:22:07      2347976   1595332     40.46      2088   1141088    590316     14.97    180152   1312192     13472
22:22:08      2351756   1591552     40.36      2088   1141100    590120     14.97    180152   1309704     13484
22:22:09      2345188   1598120     40.53      2088   1141100    595448     15.10    180152   1316200     13484
22:22:10      2349968   1593340     40.41      2088   1143772    586504     14.87    180152   1310064     16156
22:22:11      2350220   1593088     40.40      2088   1143784    586020     14.86    180152   1310452     13612
22:22:12      2350220   1593088     40.40      2088   1143788    586052     14.86    180152   1310608     13616
22:22:13      2347420   1595888     40.47      2088   1143792    590188     14.97    180152   1314764     13620
22:22:14      2344488   1598820     40.55      2088   1143796    592056     15.01    180152   1316224     13624
22:22:15      2344416   1598892     40.55      2088   1143808    594344     15.07    180152   1316648     13636
22:22:16      2340836   1602472     40.64      2088   1143808    596788     15.13    180152   1320392     11044
22:22:17      2276368   1666940     42.27      2088   1146488    656852     16.66    180152   1383652     13660
22:22:18      2344156   1599152     40.55      2088   1146500    589068     14.94    180152   1316132     13672
22:22:19      2344220   1599088     40.55      2088   1146504    589004     14.94    180152   1316184     13676
22:22:20      2343424   1599884     40.57      2088   1146508    590208     14.97    180152   1316880     13680
22:22:21      2339740   1603568     40.67      2088   1146528    597004     15.14    180152   1322124     13464
22:22:22      2340652   1602656     40.64      2088   1146528    596680     15.13    180152   1322136     13464
22:22:23      2336040   1607268     40.76      2088   1146528    596576     15.13    180152   1324540     13464
22:22:24      2340100   1603208     40.66      2088   1149204    589620     14.95    180152   1320248     16140
22:22:25      2340104   1603204     40.66      2088   1149208    589480     14.95    180152   1320416     16144
22:22:26      2340816   1602492     40.64      2088   1149224    590508     14.97    180152   1321368     13560
22:22:27      2334108   1609200     40.81      2088   1149240    597088     15.14    180152   1325872     13512
22:22:28      2335600   1607708     40.77      2088   1149240    595680     15.11    180152   1325844     13512
22:22:29      2327492   1615816     40.98      2088   1149240    604976     15.34    180152   1333856     13512
22:22:30      2296560   1646748     41.76      2088   1149240    634128     16.08    180152   1364600     13512
22:22:31      2332084   1611224     40.86      2088   1151920    595272     15.10    180152   1329036     16192
22:22:32      2334352   1608956     40.80      2088   1151936    592224     15.02    180152   1326140     13540
22:22:33      2334760   1608548     40.79      2088   1151940    593316     15.05    180152   1327164     13544
22:22:34      2329504   1613804     40.93      2088   1151952    597976     15.16    180152   1330380     13556
22:22:35      2330800   1612508     40.89      2088   1151956    599552     15.20    180152   1329896     13560
22:22:36      2314780   1628528     41.30      2088   1151956    615316     15.60    180152   1345992     13560
22:22:37      2329804   1613504     40.92      2088   1154568    595584     15.10    180152   1330680     13492
22:22:38      2329204   1614104     40.93      2088   1154632    595504     15.10    180152   1331204     13564
22:22:39      2329068   1614240     40.94      2088   1154644    594984     15.09    180152   1330872     13576
22:22:40      2329320   1613988     40.93      2088   1154648    596048     15.12    180152   1331820     13580
22:22:41      2321760   1621548     41.12      2088   1154652    605252     15.35    180152   1340372     13584
22:22:42      2322296   1621012     41.11      2088   1154660    605264     15.35    180152   1338704     10820
22:22:43      2319980   1623328     41.17      2088   1154668    608892     15.44    180152   1342180     10828
22:22:44      2319688   1623620     41.17      2088   1154672    605384     15.35    180152   1340280     10832
22:22:45      2320492   1622816     41.15      2088   1157348    602140     15.27    180152   1340316     13512
22:22:46      2323264   1620044     41.08      2088   1157364    598140     15.17    180152   1336736     13528
22:22:47      2324556   1618752     41.05      2088   1157368    599312     15.20    180152   1337616     13524
22:22:48      2315144   1628164     41.29      2088   1157372    606760     15.39    180152   1344940     13540
22:22:49      2317784   1625524     41.22      2088   1157384    607860     15.41    180152   1344144     13552
22:22:50      2313636   1629672     41.33      2088   1157388    608088     15.42    180152   1345216     13556
22:22:51      2318704   1624604     41.20      2088   1160064    601448     15.25    180152   1341412     16232
22:22:52      2318956   1624352     41.19      2088   1160076    600808     15.24    180152   1341428     13360
22:22:53      2318704   1624604     41.20      2088   1160080    600792     15.24    180152   1341436     13364
22:22:54      2318696   1624612     41.20      2088   1160080    601968     15.27    180152   1342464     13364
22:22:55      2308868   1634440     41.45      2088   1160084    611884     15.52    180152   1352400     13368
22:22:56      2309868   1633440     41.42      2088   1160084    610840     15.49    180152   1351480     13368
22:22:57      2308576   1634732     41.46      2088   1160100    613496     15.56    180152   1352856     10720
22:22:58      2304316   1638992     41.56      2088   1160100    616400     15.63    180152   1355744     10720
22:22:59      2279100   1664208     42.20      2088   1160100    642424     16.29    180152   1382676     10720
22:23:00      2310088   1633220     41.42      2088   1162784    606836     15.39    180152   1350436     13404
22:23:01      2311372   1631936     41.38      2088   1162792    605720     15.36    180152   1349308     13412
22:23:02      2310812   1632496     41.40      2088   1162796    606732     15.39    180152   1349968     10752
22:23:03      2303504   1639804     41.58      2088   1162800    615836     15.62    180152   1358720     10756
22:23:04      2303276   1640032     41.59      2088   1162812    615600     15.61    180152   1356764     10768
22:23:05      2298040   1645268     41.72      2088   1162812    620500     15.74    180152   1362304     10768
22:23:06      2300056   1643252     41.67      2088   1162812    620484     15.74    180152   1362284     10768
22:23:07      2234224   1709084     43.34      2088   1165488    679676     17.24    180152   1425852     13444
22:23:08      2304176   1639132     41.57      2088   1165496    610044     15.47    180152   1356352     13452
22:23:09      2305812   1637496     41.53      2088   1165508    609564     15.46    180152   1355960     13464
22:23:10      2303072   1640236     41.60      2088   1165528    614384     15.58    180152   1358668     13484
22:23:11      2293740   1649568     41.83      2088   1165528    623480     15.81    180152   1367012     13484
22:23:12      2190404   1752904     44.45      2088   1165536    726408     18.42    180152   1471728     10816
22:23:13      2301476   1641832     41.64      2088   1168208    610904     15.49    180152   1359376     13496
22:23:14      2301276   1642032     41.64      2088   1168220    610640     15.49    180152   1359480     13508
22:23:15      2301276   1642032     41.64      2088   1168224    610608     15.48    180152   1359408     13512
22:23:16      2300648   1642660     41.66      2088   1168224    611636     15.51    180152   1360536     13512
22:23:17      2291164   1652144     41.90      2088   1168244    623180     15.80    180152   1369896     13532
22:23:18      2288176   1655132     41.97      2088   1168244    623672     15.82    180152   1372004     10852
22:23:19      2160676   1782632     45.21      2088   1168248    752812     19.09    180152   1500448     10856
22:23:20      2296844   1646464     41.75      2088   1170928    613076     15.55    180152   1363596     13548
22:23:21      2296748   1646560     41.76      2088   1170940    612592     15.53    180152   1364012     13560
22:23:22      2296748   1646560     41.76      2088   1170944    612592     15.53    180152   1364044     13564
22:23:23      2295852   1647456     41.78      2088   1170944    613860     15.57    180152   1365284     10688
22:23:24      2289100   1654208     41.95      2088   1170948    619360     15.71    180152   1370956     10692
22:23:25      2276320   1666988     42.27      2088   1170960    634832     16.10    180152   1384896     10704
22:23:26      2259144   1684164     42.71      2088   1170968    650248     16.49    180152   1401740     10712
22:23:27      2290836   1652472     41.91      2088   1173640    614576     15.59    180152   1368936     13384
22:23:28      2289532   1653776     41.94      2088   1173656    616592     15.64    180152   1371468     13400
22:23:29      2281072   1662236     42.15      2088   1173660    624420     15.83    180152   1378908     13404
22:23:30      2277036   1666272     42.26      2088   1173660    628080     15.93    180152   1382420     13404
22:23:31      2275940   1667368     42.28      2088   1173676    632148     16.03    180152   1385024     13420
22:23:32      2275328   1667980     42.30      2088   1173676    633808     16.07    180152   1386784     13420
22:23:33      2266744   1676564     42.52      2088   1173676    641780     16.28    180152   1394516     10756
22:23:34      2280592   1662716     42.17      2088   1176352    622284     15.78    180152   1379716     13432
22:23:35      2284376   1658932     42.07      2088   1176368    618124     15.68    180152   1375672     13448
22:23:36      2284628   1658680     42.06      2088   1176372    618404     15.68    180152   1375692     13452
22:23:37      2279580   1663728     42.19      2088   1176384    626848     15.90    180152   1381712     13464
22:23:38      2265192   1678116     42.56      2088   1176384    640612     16.25    180152   1395200     10800
22:23:39      2273444   1669864     42.35      2088   1179060    627448     15.91    180152   1386628     13476
22:23:40      2279924   1663384     42.18      2088   1179064    621200     15.75    180152   1380536     13480
22:23:41      2280052   1663256     42.18      2088   1179076    620884     15.75    180152   1380656     13492
22:23:42      2280052   1663256     42.18      2088   1179080    620476     15.73    180152   1380584     13496
22:23:43      2279200   1664108     42.20      2088   1179080    622656     15.79    180152   1382708     10816
22:23:44      2272948   1670360     42.36      2088   1179084    628660     15.94    180152   1387804     10828
22:23:45      2272800   1670508     42.36      2088   1179096    632024     16.03    180152   1389848     10840
22:23:46      2144532   1798776     45.62      2088   1179100    753512     19.11    180152   1513696     10844
22:23:47      2275256   1668052     42.30      2088   1181776    621856     15.77    180152   1385148     13520
22:23:48      2275000   1668308     42.31      2088   1181788    621964     15.77    180152   1385000     13532
22:23:49      2275312   1667996     42.30      2088   1181792    622028     15.77    180152   1385012     13536
22:23:50      2272756   1670552     42.36      2088   1181792    624932     15.85    180152   1387888     13536
22:23:51      2268500   1674808     42.47      2088   1181796    630096     15.98    180152   1392828     13540
22:23:52      2267248   1676060     42.50      2088   1181812    633444     16.06    180152   1394184     13556
22:23:53      2265728   1677580     42.54      2088   1181812    632660     16.04    180152   1395548     10664
22:23:54      2199900   1743408     44.21      2088   1184420    695932     17.65    180152   1461016     13276
22:23:55      2270712   1672596     42.42      2088   1184488    625040     15.85    180152   1390420     13344
22:23:56      2268752   1674556     42.47      2088   1184492    625668     15.87    180152   1391652     13348
22:23:57      2268776   1674532     42.47      2088   1184508    625668     15.87    180152   1391600     13364
22:23:58      2261972   1681336     42.64      2088   1184512    633608     16.07    180152   1398684     13368
22:23:59      2259956   1683352     42.69      2088   1184528    638716     16.20    180152   1402108     10720
22:24:00      2257720   1685588     42.75      2088   1184528    640916     16.25    180152   1404288     10720
22:24:01      2242160   1701148     43.14      2088   1184528    654548     16.60    180152   1417568     10720
22:24:02      2105228   1838080     46.61      2088   1184536    788144     19.99    180152   1552696     10728
22:24:03      2263572   1679736     42.60      2088   1187208    628752     15.94    180152   1396472     13400
22:24:04      2263224   1680084     42.61      2088   1187216    629040     15.95    180152   1397564     13408
22:24:05      2260956   1682352     42.66      2088   1187232    632092     16.03    180152   1400432     13424
22:24:06      2246308   1697000     43.03      2088   1187232    646968     16.41    180152   1414188     13424
22:24:07      2249552   1693756     42.95      2088   1187232    644340     16.34    180152   1411516     13424
22:24:08      2246508   1696800     43.03      2088   1187248    644820     16.35    180152   1412100     13440
22:24:09      2245828   1697480     43.05      2088   1187248    650444     16.49    180152   1415884     10780
22:24:10      2240504   1702804     43.18      2088   1187248    654592     16.60    180152   1420436     10780
22:24:11      2200468   1742840     44.20      2088   1189860    690092     17.50    180152   1460316     13392
22:24:12      2256096   1687212     42.79      2088   1189936    633844     16.07    180152   1404596     13468
22:24:13      2253432   1689876     42.85      2088   1189948    637072     16.16    180152   1407756     13480
22:24:14      2255656   1687652     42.80      2088   1189960    633260     16.06    180152   1404240     10812
22:24:15      2246028   1697280     43.04      2088   1189964    645500     16.37    180152   1414616     10824
22:24:16      2243404   1699904     43.11      2088   1189964    650112     16.49    180152   1419056     10824
22:24:17      2173496   1769812     44.88      2088   1192640    715096     18.13    180152   1488040     13500
22:24:18      2250860   1692448     42.92      2088   1192640    635816     16.12    180152   1409380     13500
22:24:19      2251364   1691944     42.91      2088   1192652    635292     16.11    180152   1408896     10848
22:24:20      2251564   1691744     42.90      2088   1192652    635228     16.11    180152   1408956     10848
22:24:21      2248892   1694416     42.97      2088   1192656    638224     16.18    180152   1411912     10852
22:24:22      2236576   1706732     43.28      2088   1192660    651236     16.51    180152   1424400     10956
22:24:23      2239436   1703872     43.21      2088   1192672    649380     16.47    180152   1420764     10976
22:24:24      2234204   1709104     43.34      2088   1192676    655368     16.62    180152   1426868     10780
22:24:25      2235080   1708228     43.32      2088   1192676    652900     16.56    180152   1425908     10788
22:24:26      2139336   1803972     45.75      2088   1195352    743928     18.87    180152   1520204     13464
22:24:27      2243192   1700116     43.11      2088   1195352    640080     16.23    180152   1416648     13464
22:24:28      2242292   1701016     43.14      2088   1195372    642664     16.30    180152   1418964     13484
22:24:29      2232228   1711080     43.39      2088   1195372    652752     16.55    180152   1428896     10820
22:24:30      2234436   1708872     43.34      2088   1195388    652252     16.54    180152   1426656     10836
22:24:31      2228624   1714684     43.48      2088   1195400    652476     16.55    180152   1427540     10848
22:24:32      2143752   1799556     45.64      2088   1198004    738980     18.74    180152   1517048     13452
22:24:33      2239196   1704112     43.22      2088   1198072    641988     16.28    180152   1421032     13520
22:24:34      2239512   1703796     43.21      2088   1198084    642084     16.28    180152   1421196     10932
22:24:35      2236740   1706568     43.28      2088   1198088    645280     16.36    180152   1424136     10872
22:24:36      2222140   1721168     43.65      2088   1198092    658828     16.71    180152   1438016     10876
22:24:37      2229872   1713436     43.45      2088   1198104    654568     16.60    180152   1432148     10888
22:24:38      2221552   1721756     43.66      2088   1198108    661004     16.76    180152   1438400     10892
22:24:39      2201800   1741508     44.16      2088   1200784    675380     17.13    180152   1458024     13568
22:24:40      2234952   1708356     43.32      2088   1200784    643292     16.31    180152   1426164     13564
22:24:41      2233988   1709320     43.35      2088   1200792    643524     16.32    180152   1426364     13576
22:24:42      2231788   1711520     43.40      2088   1200804    646800     16.40    180152   1429344     13588
22:24:43      2220808   1722500     43.68      2088   1200804    659380     16.72    180152   1440564     13588
22:24:44      2213008   1730300     43.88      2088   1200820    668676     16.96    180152   1447716     13604
22:24:45      2211640   1731668     43.91      2088   1200820    669032     16.97    180152   1448536     10928
22:24:46      2216000   1727308     43.80      2088   1200820    662672     16.80    180152   1444016     10936
22:24:47      2158244   1785064     45.27      2088   1203500    717092     18.19    180152   1501532     13616
22:24:48      2223816   1719492     43.61      2088   1203504    652268     16.54    180152   1437092     13620
22:24:49      2222236   1721072     43.65      2088   1203520    655256     16.62    180152   1439592     13636
22:24:50      2219524   1723784     43.71      2088   1203536    659344     16.72    180152   1441064     10988
22:24:51      2216248   1727060     43.80      2088   1203540    664464     16.85    180152   1445600     10992
22:24:52      2210904   1732404     43.93      2088   1206212    663280     16.82    180152   1449028     13664
22:24:53      2219264   1724044     43.72      2088   1206216    653556     16.57    180152   1440452     13668
22:24:54      2219768   1723540     43.71      2088   1206216    653520     16.57    180152   1440396     13668
22:24:55      2220020   1723288     43.70      2088   1206236    653028     16.56    180152   1440148     13348
22:24:56      2219296   1724012     43.72      2088   1206236    655592     16.63    180152   1442520     13348
22:24:57      2213156   1730152     43.88      2088   1206240    660148     16.74    180152   1447480     13360
22:24:58      2206664   1736644     44.04      2088   1206252    668872     16.96    180152   1454332     13372
22:24:59      2060000   1883308     47.76      2088   1206264    809180     20.52    180152   1595488     13384
22:25:00      2215224   1728084     43.82      2088   1208936    655424     16.62    180152   1444692     13392
22:25:01      2215160   1728148     43.82      2088   1208936    655420     16.62    180152   1444744     13392
22:25:02      2214972   1728336     43.83      2088   1208952    655744     16.63    180152   1445328     13412
22:25:03      2208908   1734400     43.98      2088   1208960    662524     16.80    180152   1451616     13420
22:25:04      2205900   1737408     44.06      2088   1208972    668120     16.94    180152   1455132     13432
22:25:05      2206588   1736720     44.04      2088   1208972    665240     16.87    180152   1454532     10832
22:25:06      2208916   1734392     43.98      2088   1211648    660252     16.74    180152   1452104     13444
22:25:07      2209260   1734048     43.97      2088   1211652    658260     16.69    180152   1450400     13448
22:25:08      2209672   1733636     43.96      2088   1211664    657860     16.68    180152   1450432     13460
22:25:09      2209420   1733888     43.97      2088   1211664    657956     16.69    180152   1450564     13460
22:25:10      2207404   1735904     44.02      2088   1211672    660972     16.76    180152   1453500     10804
22:25:11      2192496   1750812     44.40      2088   1211676    676364     17.15    180152   1467704     10808
22:25:12      2200600   1742708     44.19      2088   1211688    669644     16.98    180152   1460368     10820
22:25:13      2194048   1749260     44.36      2088   1211696    672976     17.07    180152   1465680     10828
22:25:14      2026156   1917152     48.62      2088   1214368    837648     21.24    180152   1633664     13500
22:25:15      2203060   1740248     44.13      2088   1214372    660592     16.75    180152   1456984     13496
22:25:16      2203312   1739996     44.13      2088   1214384    660164     16.74    180152   1456664     13508
22:25:17      2201852   1741456     44.16      2088   1214388    663616     16.83    180152   1459764     13512
22:25:18      2187992   1755316     44.51      2088   1214392    677448     17.18    180152   1472672     13516
22:25:19      2193280   1750028     44.38      2088   1214404    672700     17.06    180152   1467792     13528
22:25:20      2184368   1758940     44.61      2088   1214404    682444     17.31    180152   1475672     10848
22:25:21      2183480   1759828     44.63      2088   1214408    684044     17.35    180152   1477064     10860
22:25:22      2137144   1806164     45.80      2088   1214408    728608     18.48    180152   1523700     10860
22:25:23      2196608   1746700     44.30      2088   1217096    666572     16.90    180152   1464608     13548
22:25:24      2194840   1748468     44.34      2088   1217100    668532     16.95    180152   1466644     13552
22:25:25      2187868   1755440     44.52      2088   1217104    674020     17.09    180152   1471856     13556
22:25:26      2188040   1755268     44.51      2088   1217120    677844     17.19    180152   1473916     10704
22:25:27      2177144   1766164     44.79      2088   1217120    686568     17.41    180152   1483004     10704
22:25:28      2025168   1918140     48.64      2088   1219788    833220     21.13    180152   1634196     13372
22:25:29      2189996   1753312     44.46      2088   1219796    668432     16.95    180152   1469980     13384
22:25:30      2190300   1753008     44.46      2088   1219812    668084     16.94    180152   1469864     13400
22:25:31      2190300   1753008     44.46      2088   1219812    668084     16.94    180152   1469832     10724
22:25:32      2182636   1760672     44.65      2088   1219816    676000     17.14    180152   1477480     10728
22:25:33      2180672   1762636     44.70      2088   1219832    680460     17.26    180152   1479260     10744
22:25:34      2179836   1763472     44.72      2088   1219832    681672     17.29    180152   1480328     10744
22:25:35      2018648   1924660     48.81      2088   1222436    838068     21.25    180152   1640904     13348
22:25:36      2185236   1758072     44.58      2088   1222512    670676     17.01    180152   1474536     13416
22:25:37      2185488   1757820     44.58      2088   1222516    670816     17.01    180152   1474608     13420
22:25:38      2185488   1757820     44.58      2088   1222524    670716     17.01    180152   1474360     13428
22:25:39      2185488   1757820     44.58      2088   1222528    670944     17.01    180152   1474668     13432
22:25:40      2178136   1765172     44.76      2088   1222532    677740     17.19    180152   1481568     13436
22:25:41      2175408   1767900     44.83      2088   1222544    684480     17.36    180152   1484972     10784
22:25:42      2172132   1771176     44.92      2088   1222548    686044     17.40    180152   1488444     10788
22:25:43      2137860   1805448     45.79      2088   1225224    718316     18.22    180152   1523096     13464
22:25:44      2180700   1762608     44.70      2088   1225224    673968     17.09    180152   1479512     13464
22:25:45      2178884   1764424     44.74      2088   1225240    674596     17.11    180152   1480644     13488
22:25:46      2179440   1763868     44.73      2088   1225244    674756     17.11    180152   1480640     10828
22:25:47      2176916   1766392     44.79      2088   1225252    677580     17.18    180152   1483556     10836
22:25:48      2169044   1774264     44.99      2088   1225252    686336     17.41    180152   1491404     10836
22:25:49      2170084   1773224     44.97      2088   1225268    687596     17.44    180152   1491308     10852
22:25:50      2160288   1783020     45.22      2088   1225268    696812     17.67    180152   1500728     10852
22:25:51      2146400   1796908     45.57      2088   1227944    704548     17.87    180152   1513584     13512
22:25:52      2174080   1769228     44.87      2088   1227948    676828     17.16    180152   1485968     13524
22:25:53      2173540   1769768     44.88      2088   1227952    676680     17.16    180152   1486356     13528
22:25:54      2173636   1769672     44.88      2088   1227964    676680     17.16    180152   1486308     13540
22:25:55      2168596   1774712     45.01      2088   1227968    682884     17.32    180152   1492128     13544
22:25:56      2165760   1777548     45.08      2088   1227984    689256     17.48    180152   1495732     10764
22:25:57      2159448   1783860     45.24      2088   1227984    691864     17.55    180152   1500448     10684
22:25:58      2129464   1813844     46.00      2088   1230596    719124     18.24    180152   1530192     13296
22:25:59      2168336   1774972     45.01      2088   1230660    680204     17.25    180152   1492016     13360
22:26:00      2167832   1775476     45.03      2088   1230664    679932     17.24    180152   1491936     13364
22:26:01      2167832   1775476     45.03      2088   1230672    679932     17.24    180152   1491900     10704
22:26:02      2167832   1775476     45.03      2088   1230672    680536     17.26    180152   1492248     10704
22:26:03      2165816   1777492     45.08      2088   1230676    683256     17.33    180152   1494976     10708
22:26:04      2155484   1787824     45.34      2088   1230680    695044     17.63    180152   1506696     10712
22:26:05      2162004   1781304     45.17      2088   1230696    690080     17.50    180152   1500152     10728
22:26:06      2150888   1792420     45.45      2088   1230696    697804     17.70    180152   1509316     10728
22:26:07      2148428   1794880     45.52      2088   1230696    703268     17.83    180152   1512956      8064
22:26:08      2058204   1885104     47.81      2088   1233368    788172     19.99    180152   1602396     10736
22:26:09      2157672   1785636     45.28      2088   1233376    688000     17.45    180152   1502612     10744
22:26:10      2145456   1797852     45.59      2088   1233392    699648     17.74    180152   1513784     10760
22:26:11      2152452   1790856     45.42      2088   1233408    695552     17.64    180152   1507596     10776
22:26:12      2145892   1797416     45.58      2088   1233408    702744     17.82    180152   1515028     10776
22:26:13      1975444   1967864     49.90      2088   1236020    867272     21.99    180152   1683952     13388
22:26:14      2148088   1795220     45.53      2088   1236084    694156     17.60    180152   1511784     13452
22:26:15      2155408   1787900     45.34      2088   1236088    686968     17.42    180152   1504764     13456
22:26:16      2155208   1788100     45.35      2088   1236100    686936     17.42    180152   1504744     13468
22:26:17      2153444   1789864     45.39      2088   1236100    690064     17.50    180152   1507608     10796
22:26:18      2137568   1805740     45.79      2088   1236104    706804     17.92    180152   1523440     10812
22:26:19      2146892   1796416     45.56      2088   1236120    699404     17.74    180152   1514152     10828
22:26:20      2144876   1798432     45.61      2088   1236120    700608     17.77    180152   1515544     10828
22:26:21      2055668   1887640     47.87      2088   1236120    788652     20.00    180152   1605608     10828
22:26:22      2150664   1792644     45.46      2088   1238800    690160     17.50    180152   1510248     10836
22:26:23      2148804   1794504     45.51      2088   1238804    690676     17.52    180152   1511124     10848
22:26:24      2148396   1794912     45.52      2088   1238816    690628     17.51    180152   1511200     10860
22:26:25      2146276   1797032     45.57      2088   1238816    693708     17.59    180152   1514000     10860
22:26:26      2140828   1802480     45.71      2088   1238824    699560     17.74    180152   1519304     10976
22:26:27      2140576   1802732     45.72      2088   1238836    702292     17.81    180152   1519768     10792
22:26:28      2136320   1806988     45.82      2088   1238836    705260     17.88    180152   1522876     10792
22:26:29      2049788   1893520     48.02      2088   1241512    787412     19.97    180152   1609460     13468
22:26:30      2143932   1799376     45.63      2088   1241516    693632     17.59    180152   1515912     13472
22:26:31      2143836   1799472     45.63      2088   1241516    693808     17.59    180152   1516352     13472
22:26:32      2143836   1799472     45.63      2088   1241528    694016     17.60    180152   1516408     10820
22:26:33      2139960   1803348     45.73      2088   1241532    698516     17.71    180152   1520816     10824
22:26:34      2137020   1806288     45.81      2088   1241536    701344     17.79    180152   1523400     10828
22:26:35      2133724   1809584     45.89      2088   1241548    707116     17.93    180152   1527660     10840
22:26:36      1974532   1968776     49.93      2088   1241552    864492     21.92    180152   1687188     10844
22:26:37      2138324   1804984     45.77      2088   1244232    694700     17.62    180152   1521376     13524
22:26:38      2138228   1805080     45.78      2088   1244232    694824     17.62    180152   1521452     13524
22:26:39      2138072   1805236     45.78      2088   1244244    695276     17.63    180152   1521840     13536
22:26:40      2136372   1806936     45.82      2088   1244248    698400     17.71    180152   1524864     13540
22:26:41      2123188   1820120     46.16      2088   1244252    712988     18.08    180152   1537596     13544
22:26:42      2126732   1816576     46.07      2088   1244264    712692     18.07    180152   1534356     10956
22:26:43      2121932   1821376     46.19      2088   1244268    712864     18.08    180152   1538736     10896
22:26:44      1945728   1997580     50.66      2088   1246944    886500     22.48    180152   1714460     13572
22:26:45      2131984   1811324     45.93      2088   1246952    699472     17.74    180152   1527880     13580
22:26:46      2131260   1812048     45.95      2088   1246960    699888     17.75    180152   1528596     13588
22:26:47      2128420   1814888     46.02      2088   1246964    703096     17.83    180152   1531848     10988
22:26:48      2120928   1822380     46.21      2088   1246964    711336     18.04    180152   1539540     10916
22:26:49      2122388   1820920     46.18      2088   1246972    712152     18.06    180152   1537860     10924
22:26:50      2118596   1824712     46.27      2088   1246980    716440     18.17    180152   1541932     10944
22:26:51      1917036   2026272     51.39      2088   1249592    911636     23.12    180152   1742096     13556
22:26:52      2126716   1816592     46.07      2088   1249660    702748     17.82    180152   1533108     13624
22:26:53      2126212   1817096     46.08      2088   1249672    703376     17.84    180152   1534268     10956
22:26:54      2122928   1820380     46.16      2088   1249672    706584     17.92    180152   1537368     10964
22:26:55      2111792   1831516     46.45      2088   1249680    717276     18.19    180152   1547892     10972
22:26:56      2114968   1828340     46.37      2088   1249688    716568     18.17    180152   1545112     10980
22:26:57      2100248   1843060     46.74      2088   1249692    731584     18.55    180152   1560460     10984
22:26:58      2034720   1908588     48.40      2088   1252368    792748     20.10    180152   1625896     13348
22:26:59      2120592   1822716     46.22      2088   1252376    705848     17.90    180152   1539260     13356
22:27:00      2119896   1823412     46.24      2088   1252392    706500     17.92    180152   1540184     13372
22:27:01      2119896   1823412     46.24      2088   1252392    706500     17.92    180152   1540104     13372
22:27:02      2119896   1823412     46.24      2088   1252392    706500     17.92    180152   1540104     13372
22:27:03      2117564   1825744     46.30      2088   1252392    709900     18.00    180152   1543588     10772
22:27:04      2105008   1838300     46.62      2088   1252396    722336     18.32    180152   1555392     10712
22:27:05      2110792   1832516     46.47      2088   1252412    718412     18.22    180152   1549588     10728
22:27:06      2102460   1840848     46.68      2088   1252412    726936     18.43    180152   1558128     10728
22:27:07      1989312   1953996     49.55      2088   1252412    839776     21.30    180152   1672368     10728
22:27:08      2113800   1829508     46.40      2088   1255092    709788     18.00    180152   1545612     10744
22:27:09      2113748   1829560     46.40      2088   1255092    710076     18.01    180152   1546292     10744
22:27:10      2113800   1829508     46.40      2088   1255104    710076     18.01    180152   1546324     10756
22:27:11      2111028   1832280     46.47      2088   1255104    713444     18.09    180152   1549724     10756
22:27:12      2102908   1840400     46.67      2088   1255112    721976     18.31    180152   1557676     10764
22:27:13      2105232   1838076     46.61      2088   1255124    722388     18.32    180152   1556320     10776
22:27:14      2094820   1848488     46.88      2088   1255128    730072     18.51    180152   1565792     10780
22:27:15      1965036   1978272     50.17      2088   1257736    855828     21.70    180152   1694068     13388
22:27:16      2108500   1834808     46.53      2088   1257808    713028     18.08    180152   1551388     13460
22:27:17      2107240   1836068     46.56      2088   1257820    713432     18.09    180152   1552468     13472
22:27:18      2105508   1837800     46.61      2088   1257824    717116     18.19    180152   1556140     10812
22:27:19      2098420   1844888     46.79      2088   1257840    725288     18.39    180152   1561824     10828
22:27:20      2096332   1846976     46.84      2088   1257840    725292     18.39    180152   1563736     10828
22:27:21      1925240   2018068     51.18      2088   1257848    897396     22.76    180152   1735352     10836
22:27:22      2102684   1840624     46.68      2088   1260516    715964     18.16    180152   1557080     13504
22:27:23      2101844   1841464     46.70      2088   1260528    716320     18.17    180152   1557700     10916
22:27:24      2101688   1841620     46.70      2088   1260532    716576     18.17    180152   1558152     10844
22:27:25      2101436   1841872     46.71      2088   1260532    716672     18.17    180152   1558152     10844
22:27:26      2096664   1846644     46.83      2088   1260536    721860     18.31    180152   1563324     10848
22:27:27      2086572   1856736     47.09      2088   1260536    732056     18.56    180152   1573272     10848
22:27:28      2089588   1853720     47.01      2088   1260552    729628     18.50    180152   1570772      8068
22:27:29      1954072   1989236     50.45      2088   1260556    866200     21.97    180152   1707112      8008
22:27:30      2052548   1890760     47.95      2088   1263232    765084     19.40    180960   1607416     10684
