Linux 5.10.234-225.910.amzn2.x86_64 (ip-10-0-175-24.us-west-2.compute.internal) 	03/25/25 	_x86_64_	(2 CPU)

22:13:07        CPU     %user     %nice   %system   %iowait    %steal     %idle
22:13:08        all     66.83      0.00      4.46      1.49     26.73      0.50
22:13:09        all     35.96      0.00      4.43      0.00     19.21     40.39
22:13:10        all     44.00      0.00      5.50      0.00     13.50     37.00
22:13:11        all     40.59      0.00      2.48      0.00      7.43     49.50
22:13:12        all     42.42      0.00      2.02      0.00      5.56     50.00
22:13:13        all     42.16      0.00      4.41      0.00      7.35     46.08
22:13:14        all     41.29      0.00      4.48      0.00      7.46     46.77
22:13:15        all     35.64      0.00      5.94      0.00      9.90     48.51
22:13:16        all      0.00      0.00      0.00      0.00      0.00    100.00
22:13:17        all      0.00      0.00      0.00      0.00      0.00    100.00
22:13:18        all      0.00      0.00      0.00      0.00      0.00    100.00
22:13:19        all      0.00      0.00      1.00     16.00      1.50     81.50
22:13:20        all      1.98      0.00      0.50      0.99      2.48     94.06
22:13:21        all      3.48      0.00      2.49      0.00      2.49     91.54
22:13:22        all      0.00      0.00      0.00      0.00      0.00    100.00
22:13:23        all      6.37      0.00      2.94      0.00      4.90     85.78
22:13:24        all     14.78      0.00      8.37      0.00      5.42     71.43
22:13:25        all     14.15      0.00      7.80      0.00     10.73     67.32
22:13:26        all     12.50      0.00      6.00      0.00      8.50     73.00
22:13:27        all     16.99      0.00      8.74      0.00     19.90     54.37
22:13:28        all     14.78      0.00      5.91      0.00      7.39     71.92
22:13:29        all     24.26      0.00      8.91      6.93      8.91     50.99
22:13:30        all     40.50      0.00      1.00      2.00      9.00     47.50
22:13:31        all     43.00      0.00      1.50      0.00      6.50     49.00
22:13:32        all     19.50      0.00      1.50      0.00      3.00     76.00
22:13:33        all     21.78      0.00      3.47      0.00      7.92     66.83
22:13:34        all     19.90      0.00      7.77      0.00     17.96     54.37
22:13:35        all     17.56      0.00      7.32      5.85     12.68     56.59
22:13:36        all     16.59      0.00      6.34      0.00     10.24     66.83
22:13:37        all     10.50      0.00      5.50      0.00      6.00     78.00
22:13:38        all      7.92      0.00      4.46      0.00      8.91     78.71
22:13:39        all      8.87      0.00      2.46      0.00      5.42     83.25
22:13:40        all     14.78      0.00      6.90      0.49      8.37     69.46
22:13:41        all     13.43      0.00      5.47      0.00      5.47     75.62
22:13:42        all     27.94      0.00      6.37      0.00     14.71     50.98
22:13:43        all     16.26      0.00      6.40      0.00     13.30     64.04
22:13:44        all      6.97      0.00      2.49      0.00      3.48     87.06
22:13:45        all      0.50      0.00      0.50      0.00      0.50     98.51
22:13:46        all     44.06      0.00      9.41      0.00      1.49     45.05
22:13:47        all     23.00      0.00      2.50      0.00      4.00     70.50
22:13:48        all     15.12      0.00      5.85      0.00      9.76     69.27
22:13:49        all     18.32      0.00      0.99      0.00     10.89     69.80
22:13:50        all     13.30      0.00      5.42      0.00     11.33     69.95
22:13:51        all     16.75      0.00      3.45      0.00     13.79     66.01
22:13:52        all     17.16      0.00      4.41      0.00     11.27     67.16
22:13:53        all     13.17      0.00      4.88      0.00     11.22     70.73
22:13:54        all     15.12      0.00      5.37      0.00     11.22     68.29
22:13:55        all     12.75      0.00      6.37      0.98     13.73     66.18
22:13:56        all      4.95      0.00      3.47      0.00      4.95     86.63
22:13:57        all     31.68      0.00      8.42      0.00     13.86     46.04
22:13:58        all     18.41      0.00      1.99      0.00      7.96     71.64
22:13:59        all     29.90      0.00      2.45      0.00      8.82     58.82
22:14:00        all      7.46      0.00      3.48      0.00      6.47     82.59
22:14:01        all      9.36      0.00      3.94      0.00      7.88     78.82
22:14:02        all      6.28      0.00      3.38      0.00     26.57     63.77
22:14:03        all      1.49      0.00      1.99      0.00      1.99     94.53
22:14:04        all      4.90      0.00      1.47      0.00      5.39     88.24
22:14:05        all      6.50      0.00      1.50      0.00      2.50     89.50
22:14:06        all     20.69      0.00      4.93      0.49     13.30     60.59
22:14:07        all      2.48      0.00      1.49      0.00      2.48     93.56
22:14:08        all     21.46      0.00      9.27      0.00     13.66     55.61
22:14:09        all     18.14      0.00      6.86      0.00     18.63     56.37
22:14:10        all     10.84      0.00      4.93      0.00      9.85     74.38
22:14:11        all     21.67      0.00      4.93      0.49     14.29     58.62
22:14:12        all     19.81      0.00     10.14      0.00     16.91     53.14
22:14:13        all     21.36      0.00      4.37      0.00     13.59     60.68
22:14:14        all     14.85      0.00      5.45      0.00      7.43     72.28
22:14:15        all     20.30      0.00      5.45      0.00      8.42     65.84
22:14:16        all      4.93      0.00      2.46      0.00      3.94     88.67
22:14:17        all     14.43      0.00      3.48      0.00      3.98     78.11
22:14:18        all     36.00      0.00      2.00      0.00     11.50     50.50
22:14:19        all      7.92      0.00      1.98      0.00      2.48     87.62
22:14:20        all     13.50      0.00      7.00      0.00      8.00     71.50
22:14:21        all     18.91      0.00     10.45      0.00     12.94     57.71
22:14:22        all     19.40      0.00      4.48      0.00     12.44     63.68
22:14:23        all     20.30      0.00      6.93      0.00     11.88     60.89
22:14:24        all     39.00      0.00      2.00      0.00     12.50     46.50
22:14:25        all     40.20      0.00      1.51      0.00      8.54     49.75
22:14:26        all      8.87      0.00      3.45      0.49      2.96     84.24
22:14:27        all      1.99      0.00      1.49      0.00      1.00     95.52
22:14:28        all     20.69      0.00      3.94      0.00     16.26     59.11
22:14:29        all      5.03      0.00      1.51      0.00      1.51     91.96
22:14:30        all     19.80      0.00      7.92      0.00      7.43     64.85
22:14:31        all     26.73      0.00      6.93      0.00     14.85     51.49
22:14:32        all      1.51      0.00      0.50      0.00      1.01     96.98
22:14:33        all      5.97      0.00      1.49      0.00      2.49     90.05
22:14:34        all     14.78      0.00      9.36      0.00     13.79     62.07
22:14:35        all     19.90      0.00      3.48      0.00     13.43     63.18
22:14:36        all     21.67      0.00      9.85      0.00     14.29     54.19
22:14:37        all     12.00      0.00      1.00      0.00      7.00     80.00
22:14:38        all     33.33      0.00      2.99      0.00     14.93     48.76
22:14:39        all     12.32      0.00      3.94      0.00      4.43     79.31
22:14:40        all     20.81      0.00      2.54      0.00      7.11     69.54
22:14:41        all     22.39      0.00      5.97      0.00     11.94     59.70
22:14:42        all     10.84      0.00      2.46      0.49      4.93     81.28
22:14:43        all     26.47      0.00      4.41      0.00     15.20     53.92
22:14:44        all     11.88      0.00      6.93      0.00      7.43     73.76
22:14:45        all     23.76      0.00      4.95      0.00      7.92     63.37
22:14:46        all      3.48      0.00      1.00      0.00      2.99     92.54
22:14:47        all      7.00      0.00      3.50      0.00      5.50     84.00
22:14:48        all      8.87      0.00      1.48      0.00      8.37     81.28
22:14:49        all     32.18      0.00      7.43      0.00     13.37     47.03
22:14:50        all     12.81      0.00      2.46      0.00      8.37     76.35
22:14:51        all     19.40      0.00      6.97      0.00     12.44     61.19
22:14:52        all     19.70      0.00      3.94      0.00      8.37     67.98
22:14:53        all     23.15      0.00      7.88      0.00      7.88     61.08
22:14:54        all     20.20      0.00      3.45      0.00      4.93     71.43
22:14:55        all     16.50      0.00      5.50      0.00      7.00     71.00
22:14:56        all     12.81      0.00      2.96      0.00      2.96     81.28
22:14:57        all     26.73      0.00      9.41      0.50     10.89     52.48
22:14:58        all      9.50      0.00      2.50      0.00      3.50     84.50
22:14:59        all      3.50      0.00      1.00      0.00      3.00     92.50
22:15:00        all      7.96      0.00      4.48      0.00      7.96     79.60
22:15:01        all     17.41      0.00      0.00      0.00     23.38     59.20
22:15:02        all     10.58      0.00      3.85      0.00     37.50     48.08
22:15:03        all     17.37      0.00      9.39      0.00     30.99     42.25
22:15:04        all     12.87      0.00      1.49      0.00      4.95     80.69
22:15:05        all     13.50      0.00      5.00      0.00      5.00     76.50
22:15:06        all     23.88      0.00      4.48      0.00      4.98     66.67
22:15:07        all      3.48      0.00      1.49      0.00      1.49     93.53
22:15:08        all     41.29      0.00     11.94      0.00     12.44     34.33
22:15:09        all      6.37      0.00      2.45      0.00      8.33     82.84
22:15:10        all     13.73      0.00      5.88      0.00     13.24     67.16
22:15:11        all     22.06      0.00      3.43      0.00     13.24     61.27
22:15:12        all     17.24      0.00      4.93      0.99     11.82     65.02
22:15:13        all     26.00      0.00     10.00      0.00     15.00     49.00
22:15:14        all      5.45      0.00      3.47      0.00      4.95     86.14
22:15:15        all      5.00      0.00      2.50      0.00      3.00     89.50
22:15:16        all     20.50      0.00      2.50      0.00     11.00     66.00
22:15:17        all     11.88      0.00      4.46      0.50      4.95     78.22
22:15:18        all      8.00      0.00      3.00      0.00      2.00     87.00
22:15:19        all     13.43      0.00      2.99      0.00      7.96     75.62
22:15:20        all      6.40      0.00      2.46      0.00      2.96     88.18
22:15:21        all      3.48      0.00      1.49      0.00      1.00     94.03
22:15:22        all     16.92      0.00      1.00      0.50      4.48     77.11
22:15:23        all     16.26      0.00      6.90      0.00     10.34     66.50
22:15:24        all     10.40      0.00      1.98      0.00      8.91     78.71
22:15:25        all     12.44      0.00      6.47      0.00     10.95     70.15
22:15:26        all      3.96      0.00      2.97      0.00      2.97     90.10
22:15:27        all     23.76      0.00      5.45      0.00      9.90     60.89
22:15:28        all      5.00      0.00      1.00      0.50      2.00     91.50
22:15:29        all     27.14      0.00      8.54      0.00     11.06     53.27
22:15:30        all      9.45      0.00      1.99      0.00      5.97     82.59
22:15:31        all      6.90      0.00      4.93      0.00      5.91     82.27
22:15:32        all     21.89      0.00      2.49      0.00      4.48     71.14
22:15:33        all      4.50      0.00      1.00      0.00      2.50     92.00
22:15:34        all     28.57      0.00      6.40      0.00     10.34     54.68
22:15:35        all      7.00      0.00      2.00      0.00      3.00     88.00
22:15:36        all      0.99      0.00      0.50      0.00      0.50     98.02
22:15:37        all      3.02      0.00      1.51      0.00      1.01     94.47
22:15:38        all     19.31      0.00      3.96      0.50      7.92     68.32
22:15:39        all     13.57      0.00      3.52      0.00      7.04     75.88
22:15:40        all      7.92      0.00      3.96      0.00      3.96     84.16
22:15:41        all     24.63      0.00      8.87      0.00     11.33     55.17
22:15:42        all      1.02      0.00      0.00      0.00      0.51     98.48
22:15:43        all      5.94      0.00      1.98      0.00      4.46     87.62
22:15:44        all     21.08      0.00      4.90      0.00     11.76     62.25
22:15:45        all      7.00      0.00      3.50      0.00      4.00     85.50
22:15:46        all     23.38      0.00      5.47      0.00      3.48     67.66
22:15:47        all      5.94      0.00      2.48      0.00      1.98     89.60
22:15:48        all      1.00      0.00      0.00      0.50      1.00     97.51
22:15:49        all      6.97      0.00      3.98      0.00      4.48     84.58
22:15:50        all     10.95      0.00      2.49      0.00      6.47     80.10
22:15:51        all     21.89      0.00      6.97      0.00      9.95     61.19
22:15:52        all      3.96      0.00      0.99      0.00      1.98     93.07
22:15:53        all     19.90      0.00      3.98      0.50      5.47     70.15
22:15:54        all      1.01      0.00      0.50      0.00      1.01     97.49
22:15:55        all      5.88      0.00      3.43      0.00      8.82     81.86
22:15:56        all      2.49      0.00      2.99      0.00      2.99     91.54
22:15:57        all     27.86      0.00      6.97      0.00     13.43     51.74
22:15:58        all      3.50      0.00      0.50      0.00      3.00     93.00
22:15:59        all     25.50      0.00      8.00      0.00     13.50     53.00
22:16:00        all      0.50      0.00      0.00      0.00      0.50     98.99
22:16:01        all      1.49      0.00      0.50      0.00      0.50     97.51
22:16:02        all      3.47      0.00      1.98      0.00      8.91     85.64
22:16:03        all     14.63      0.00      3.90      0.49     13.17     67.80
22:16:04        all     11.00      0.00      4.50      0.00      8.00     76.50
22:16:05        all     11.44      0.00      3.98      0.00      4.98     79.60
22:16:06        all     15.35      0.00      3.47      0.00     11.88     69.31
22:16:07        all     13.79      0.00      6.90      0.00     11.33     67.98
22:16:08        all      2.97      0.00      0.50      0.00      0.99     95.54
22:16:09        all      3.00      0.00      3.00      0.00      1.50     92.50
22:16:10        all     15.92      0.00      2.49      0.00      5.97     75.62
22:16:11        all     15.27      0.00      4.43      0.00     11.33     68.97
22:16:12        all      6.00      0.00      1.50      0.00      3.00     89.50
22:16:13        all     26.37      0.00      7.96      0.00     12.44     53.23
22:16:14        all      1.98      0.00      0.99      0.50      1.49     95.05
22:16:15        all      1.00      0.00      0.00      0.00      0.50     98.51
22:16:16        all     18.91      0.00      6.47      0.00     11.94     62.69
22:16:17        all     14.43      0.00      1.00      0.00      5.47     79.10
22:16:18        all     12.20      0.00      6.34      0.00      7.32     74.15
22:16:19        all     24.75      0.00      6.06      0.51      5.05     63.64
22:16:20        all      1.99      0.00      0.50      0.00      0.50     97.01
22:16:21        all      2.01      0.00      0.00      0.00      0.50     97.49
22:16:22        all      5.47      0.00      2.99      0.00      3.48     88.06
22:16:23        all      2.96      0.00      2.46      0.00      1.97     92.61
22:16:24        all     22.39      0.00      1.99      0.50     10.45     64.68
22:16:25        all     12.38      0.00      6.44      0.00      9.90     71.29
22:16:26        all     11.94      0.00      1.99      0.00      7.96     78.11
22:16:27        all     14.50      0.00      5.50      0.00     10.50     69.50
22:16:28        all      1.99      0.00      1.00      0.00      1.99     95.02
22:16:29        all     10.78      0.00      5.39      0.00      7.84     75.98
22:16:30        all     24.63      0.00      5.42      0.00     17.73     52.22
22:16:31        all      9.76      0.00      2.44      0.00      6.34     81.46
22:16:32        all     13.57      0.00      1.51      0.00      6.53     78.39
22:16:33        all     12.50      0.00      3.50      0.00      4.00     80.00
22:16:34        all      3.00      0.00      0.50      0.00      1.50     95.00
22:16:35        all     30.69      0.00     10.89      0.00     13.37     45.05
22:16:36        all      4.50      0.00      1.00      0.00      3.50     91.00
22:16:37        all     30.00      0.00     11.00      0.00      8.50     50.50
22:16:38        all      5.00      0.00      2.00      0.00      1.50     91.50
22:16:39        all      2.01      0.00      1.01      0.50      0.00     96.48
22:16:40        all      4.48      0.00      2.49      0.00      4.98     88.06
22:16:41        all     20.00      0.00      3.50      0.00      7.00     69.50
22:16:42        all      9.80      0.00      4.41      0.00      4.90     80.88
22:16:43        all     23.88      0.00      8.46      0.00     13.43     54.23
22:16:44        all     10.00      0.00      4.00      0.00      6.50     79.50
22:16:45        all      1.51      0.00      0.50      0.00      1.01     96.98
22:16:46        all      3.47      0.00      2.48      0.00      2.48     91.58
22:16:47        all     24.26      0.00      4.46      0.00      8.42     62.87
22:16:48        all     11.11      0.00      3.54      0.00      2.02     83.33
22:16:49        all     29.90      0.00     12.75      0.49     13.24     43.63
22:16:50        all      1.01      0.00      0.00      0.00      1.01     97.99
22:16:51        all      1.00      0.00      0.50      0.00      1.00     97.50
22:16:52        all      7.43      0.00      4.46      0.00      4.95     83.17
22:16:53        all      6.97      0.00      1.49      0.00      4.48     87.06
22:16:54        all     23.88      0.00      5.47      0.00      7.46     63.18
22:16:55        all      5.47      0.00      1.00      0.00      2.49     91.04
22:16:56        all     24.14      0.00      5.42      0.00     10.34     60.10
22:16:57        all      1.51      0.00      0.00      0.00      0.00     98.49
22:16:58        all     18.23      0.00      3.45      0.00      8.87     69.46
22:16:59        all      8.91      0.00      1.49      0.00      2.97     86.63
22:17:00        all     14.15      0.00      6.83      0.49     12.68     65.85
22:17:01        all     23.56      0.00      8.17      0.00     25.48     42.79
22:17:02        all      4.90      0.00      3.92      0.00      7.35     83.82
22:17:03        all      1.01      0.00      0.00      0.00      1.01     97.99
22:17:04        all      1.99      0.00      1.00      0.00      1.49     95.52
22:17:05        all     11.44      0.00      3.98      0.00      6.47     78.11
22:17:06        all     18.81      0.00      1.49      0.00      8.91     70.79
22:17:07        all     15.05      0.00      5.83      0.00     11.65     67.48
22:17:08        all      6.47      0.00      1.99      0.00      5.47     86.07
22:17:09        all     17.82      0.00      6.44      0.00      8.91     66.83
22:17:10        all      3.48      0.00      0.50      0.50      2.49     93.03
22:17:11        all     18.14      0.00      5.88      0.00     15.20     60.78
22:17:12        all     10.40      0.00      0.99      0.00      5.94     82.67
22:17:13        all     22.44      0.00      9.27      0.00     14.63     53.66
22:17:14        all     16.34      0.00      5.94      0.00      3.47     74.26
22:17:15        all      2.00      0.00      0.50      0.00      0.50     97.00
22:17:16        all      2.50      0.00      1.00      0.00      1.00     95.50
22:17:17        all     26.37      0.00      5.47      0.00      9.45     58.71
22:17:18        all      7.88      0.00      3.45      0.00      5.42     83.25
22:17:19        all     20.20      0.00      4.93      0.00     11.82     63.05
22:17:20        all     18.63      0.00      6.86      0.49      9.80     64.22
22:17:21        all      1.50      0.00      0.50      0.00      1.00     97.00
22:17:22        all      2.99      0.00      0.50      0.00      1.99     94.53
22:17:23        all      6.44      0.00      3.47      0.00      8.42     81.68
22:17:24        all     21.18      0.00      3.94      0.00     16.75     58.13
22:17:25        all     12.87      0.00      5.45      0.00      9.41     72.28
22:17:26        all      7.46      0.00      1.99      0.00      4.48     86.07
22:17:27        all     18.32      0.00      4.46      0.00      7.43     69.80
22:17:28        all      9.41      0.00      3.96      0.00      4.46     82.18
22:17:29        all      2.97      0.00      1.98      0.00      2.48     92.57
22:17:30        all     22.39      0.00      4.48      0.00      9.45     63.68
22:17:31        all      9.41      0.00      2.97      0.00      4.95     82.67
22:17:32        all     27.09      0.00      8.37      0.00     16.75     47.78
22:17:33        all      3.98      0.00      1.99      0.00      2.99     91.04
22:17:34        all      1.50      0.00      0.00      0.00      0.50     98.00
22:17:35        all      2.99      0.00      0.50      0.00      2.99     93.53
22:17:36        all     24.88      0.00      5.47      0.00     13.93     55.72
22:17:37        all     15.42      0.00      5.47      0.00      5.47     73.63
22:17:38        all     17.91      0.00      5.47      0.00      5.47     71.14
22:17:39        all      6.47      0.00      2.99      0.00      1.99     88.56
22:17:40        all      1.01      0.00      0.00      0.00      0.00     98.99
22:17:41        all      4.46      0.00      1.98      0.50      1.98     91.09
22:17:42        all     24.50      0.00      3.50      0.00      6.50     65.50
22:17:43        all     12.50      0.00      4.00      0.00      4.00     79.50
22:17:44        all     28.71      0.00      5.94      0.00      3.47     61.88
22:17:45        all      3.02      0.00      2.01      0.00      0.50     94.47
22:17:46        all      0.50      0.00      1.00      0.50      0.50     97.50
22:17:47        all      3.54      0.00      1.01      0.00      1.01     94.44
22:17:48        all     26.87      0.00      4.48      0.00      4.48     64.18
22:17:49        all      5.47      0.00      1.00      0.00      1.99     91.54
22:17:50        all     34.17      0.00     10.55      0.00      9.55     45.73
22:17:51        all      9.90      0.00      3.47      0.00      1.98     84.65
22:17:52        all      2.99      0.00      1.00      0.00      3.48     92.54
22:17:53        all     18.75      0.00      9.62      0.00     18.75     52.88
22:17:54        all     15.35      0.00      1.49      0.00      9.41     73.76
22:17:55        all     16.92      0.00      5.47      0.00     13.93     63.68
22:17:56        all     25.37      0.00      5.47      0.00      9.95     59.20
22:17:57        all      4.48      0.00      1.99      0.00      2.49     91.04
22:17:58        all      0.50      0.00      0.00      0.00      1.51     97.99
22:17:59        all      1.00      0.00      0.50      0.00      0.50     98.01
22:18:00        all     14.36      0.00      4.46      0.00      7.92     73.27
22:18:01        all     15.92      0.00      1.49      0.50      6.47     75.62
22:18:02        all      1.98      0.00      0.99      0.00      2.48     94.55
22:18:03        all     13.43      0.00      4.48      0.00      8.96     73.13
22:18:04        all     25.12      0.00      6.40      0.00      8.87     59.61
22:18:05        all      3.48      0.00      1.49      0.00      2.49     92.54
22:18:06        all      2.51      0.00      0.50      0.00      3.02     93.97
22:18:07        all      1.00      0.00      0.50      0.00      1.00     97.50
22:18:08        all      6.40      0.00      1.48      0.00      5.42     86.70
22:18:09        all     20.60      0.00      3.02      0.00      8.54     67.84
22:18:10        all     11.39      0.00      5.94      0.00     10.89     71.78
22:18:11        all     28.22      0.00      8.91      0.00     13.86     49.01
22:18:12        all      8.04      0.00      3.52      0.00      5.03     83.42
22:18:13        all      2.49      0.00      1.00      0.00      1.99     94.53
22:18:14        all     23.00      0.00      6.50      0.00      3.50     67.00
22:18:15        all      8.50      0.00      1.00      0.00      2.00     88.50
22:18:16        all     16.42      0.00      3.98      0.00      4.48     75.12
22:18:17        all     24.26      0.00     11.39      0.50      7.92     55.94
22:18:18        all      3.02      0.00      1.01      0.00      1.51     94.47
22:18:19        all      2.49      0.00      1.00      0.00      1.49     95.02
22:18:20        all      8.91      0.00      4.95      0.00      3.96     82.18
22:18:21        all     17.41      0.00      1.00      0.00      3.98     77.61
22:18:22        all      7.58      0.00      4.04      0.00      5.05     83.33
22:18:23        all     27.72      0.00      7.92      0.00     13.37     50.99
22:18:24        all      8.50      0.00      3.50      0.00      6.00     82.00
22:18:25        all      2.48      0.00      1.49      0.00      4.46     91.58
22:18:26        all      9.80      0.00      6.86      0.00      9.31     74.02
22:18:27        all     16.92      0.00      1.00      0.50      5.47     76.12
22:18:28        all     13.24      0.00      5.88      0.00     16.18     64.71
22:18:29        all      4.95      0.00      1.98      0.00      2.48     90.59
22:18:30        all     23.76      0.00      6.44      0.00      8.91     60.89
22:18:31        all      9.90      0.00      2.97      0.00      3.47     83.66
22:18:32        all      6.97      0.00      3.98      0.00      4.48     84.58
22:18:33        all     22.77      0.00      2.97      0.00     13.86     60.40
22:18:34        all      9.50      0.00      5.00      0.00      7.50     78.00
22:18:35        all     24.39      0.00      6.83      0.00     11.22     57.56
22:18:36        all     13.50      0.00      2.50      0.00      1.50     82.50
22:18:37        all      2.99      0.00      1.00      0.50      1.49     94.03
22:18:38        all     14.56      0.00      7.77      0.00     11.17     66.50
22:18:39        all     16.50      0.00      1.00      0.00      5.00     77.50
22:18:40        all     17.91      0.00      7.96      0.00      6.47     67.66
22:18:41        all     23.00      0.00      6.00      0.00      5.00     66.00
22:18:42        all      2.99      0.00      1.00      0.00      2.49     93.53
22:18:43        all      8.50      0.00      3.00      0.00      2.50     86.00
22:18:44        all     18.32      0.00      0.99      0.00      5.94     74.75
22:18:45        all     16.83      0.00      5.45      0.00     11.88     65.84
22:18:46        all     20.20      0.00      3.03      0.00      6.57     70.20
22:18:47        all     11.27      0.00      5.39      0.49      2.94     79.90
22:18:48        all      3.00      0.00      0.00      0.00      2.00     95.00
22:18:49        all      3.45      0.00      3.45      0.00      2.46     90.64
22:18:50        all     24.88      0.00      3.48      0.00      7.96     63.68
22:18:51        all      9.41      0.00      3.47      0.00      4.46     82.67
22:18:52        all     22.89      0.00      6.47      0.00      6.47     64.18
22:18:53        all     11.50      0.00      4.00      0.00      4.00     80.50
22:18:54        all      1.00      0.00      0.50      0.00      0.50     98.00
22:18:55        all      2.48      0.00      0.99      0.00      1.49     95.05
22:18:56        all     13.93      0.00      4.48      0.00     10.45     71.14
22:18:57        all     18.00      0.00      0.00      0.00      6.50     75.50
22:18:58        all     19.90      0.00      9.95      0.00     15.42     54.73
22:18:59        all     24.00      0.00      8.00      0.00     14.50     53.50
22:19:00        all      3.48      0.00      0.50      0.00      1.49     94.53
22:19:01        all      6.37      0.00      3.92      0.00      7.35     82.35
22:19:02        all     12.38      0.00      3.96      0.00     17.82     65.84
22:19:03        all     16.34      0.00      3.96      0.99     16.34     62.38
22:19:04        all      7.43      0.00      4.46      0.00      7.92     80.20
22:19:05        all      4.00      0.00      2.50      0.00      3.00     90.50
22:19:06        all     10.50      0.00      2.00      0.00      7.00     80.50
22:19:07        all     17.91      0.00      6.47      0.00      5.47     70.15
22:19:08        all      2.51      0.00      0.50      0.00      1.51     95.48
22:19:09        all      9.90      0.00      3.47      0.00      7.92     78.71
22:19:10        all     19.80      0.00      2.48      0.00      5.94     71.78
22:19:11        all      7.96      0.00      2.49      0.00      3.98     85.57
22:19:12        all      5.97      0.00      1.99      0.00      2.49     89.55
22:19:13        all     13.50      0.00      2.50      0.00      9.50     74.50
22:19:14        all     16.50      0.00      6.50      0.00      9.00     68.00
22:19:15        all      1.51      0.00      0.50      0.00      0.50     97.49
22:19:16        all     24.00      0.00      4.50      0.00      7.00     64.50
22:19:17        all      3.96      0.00      0.99      0.00      1.49     93.56
22:19:18        all     28.71      0.00      9.41      0.50     13.86     47.52
22:19:19        all     15.42      0.00      5.47      0.00      9.95     69.15
22:19:20        all      4.43      0.00      2.46      0.00      2.96     90.15
22:19:21        all     10.55      0.00      2.01      0.00      5.03     82.41
22:19:22        all     20.69      0.00      4.43      0.00     10.34     64.53
22:19:23        all      6.03      0.00      2.01      0.00      3.02     88.94
22:19:24        all     34.15      0.00      9.76      0.00     16.59     39.51
22:19:25        all     12.50      0.00      3.00      0.00      3.00     81.50
22:19:26        all      1.49      0.00      0.50      0.00      1.00     97.01
22:19:27        all     26.11      0.00      6.40      0.00      9.36     58.13
22:19:28        all      6.47      0.00      2.49      0.00      1.49     89.55
22:19:29        all     14.78      0.00      6.40      0.00      5.42     73.40
22:19:30        all     28.00      0.00      6.50      0.00     10.50     55.00
22:19:31        all      8.91      0.00      2.97      0.00      7.43     80.69
22:19:32        all      1.00      0.00      1.00      0.00      1.49     96.52
22:19:33        all      2.99      0.00      2.99      0.50      3.98     89.55
22:19:34        all      6.86      0.00      3.43      0.00      4.90     84.80
22:19:35        all     18.09      0.00      1.51      0.00      6.53     73.87
22:19:36        all     12.38      0.00      4.46      0.00      4.46     78.71
22:19:37        all     12.94      0.00      3.48      0.00     10.45     73.13
22:19:38        all     28.36      0.00      6.97      0.00     10.45     54.23
22:19:39        all      1.01      0.00      0.00      0.00      0.51     98.48
22:19:40        all      2.00      0.00      0.00      0.00      1.00     97.00
22:19:41        all     25.63      0.00      6.53      0.00      8.54     59.30
22:19:42        all      8.46      0.00      3.98      0.00      5.47     82.09
22:19:43        all     34.80      0.00     10.78      0.00     11.76     42.65
22:19:44        all     10.00      0.00      5.00      0.00      1.50     83.50
22:19:45        all      2.00      0.00      0.50      0.00      0.50     97.00
22:19:46        all      1.51      0.00      0.50      0.00      1.01     96.98
22:19:47        all     24.02      0.00      4.90      0.00      9.80     61.27
22:19:48        all      8.00      0.00      3.00      0.00      3.00     86.00
22:19:49        all     25.25      0.00      7.43      0.50     11.39     55.45
22:19:50        all     12.87      0.00      5.94      0.00      5.94     75.25
22:19:51        all      1.00      0.00      0.50      0.00      0.50     98.00
22:19:52        all      0.50      0.00      0.50      0.00      0.50     98.49
22:19:53        all     10.45      0.00      8.46      0.00      8.46     72.64
22:19:54        all     12.44      0.00      0.50      0.00      5.47     81.59
22:19:55        all     23.88      0.00      5.97      0.00      4.98     65.17
22:19:56        all      4.98      0.00      1.00      0.00      3.98     90.05
22:19:57        all     34.33      0.00      8.46      0.00      8.46     48.76
22:19:58        all      1.50      0.00      0.00      0.00      1.00     97.50
22:19:59        all      0.50      0.00      0.00      0.50      0.50     98.51
22:20:00        all      7.39      0.00      4.93      0.00     10.84     76.85
22:20:01        all     20.30      0.00      0.99      0.00     14.36     64.36
22:20:02        all      5.47      0.00      1.49      0.00      7.46     85.57
22:20:03        all      5.88      0.00      4.41      0.00     21.57     68.14
22:20:04        all      8.65      0.00      6.25      0.48     18.27     66.35
22:20:05        all     17.00      0.00      5.00      0.00     10.50     67.50
22:20:06        all     14.00      0.00      3.50      0.00      4.00     78.50
22:20:07        all      1.49      0.00      0.00      0.00      1.00     97.51
22:20:08        all     27.00      0.00      4.50      0.00     11.00     57.50
22:20:09        all      3.02      0.00      1.01      0.00      2.51     93.47
22:20:10        all     28.02      0.00      6.28      0.00     21.26     44.44
22:20:11        all     24.50      0.00     12.00      0.00     16.50     47.00
22:20:12        all      1.49      0.00      1.00      0.00      1.00     96.52
22:20:13        all      0.00      0.00      0.00      0.00      0.00    100.00
22:20:14        all      2.48      0.00      0.99      0.50      3.47     92.57
22:20:15        all     13.11      0.00      5.83      0.00     15.53     65.53
22:20:16        all     16.83      0.00      2.97      0.00      9.41     70.79
22:20:17        all     10.34      0.00      5.91      0.00      6.40     77.34
22:20:18        all     17.59      0.00      4.52      0.00      6.53     71.36
22:20:19        all     15.27      0.00      6.40      0.00      4.43     73.89
22:20:20        all      3.43      0.00      2.94      0.00      7.35     86.27
22:20:21        all     27.23      0.00      4.46      0.00      8.91     59.41
22:20:22        all      5.97      0.00      1.99      0.00      1.99     90.05
22:20:23        all     12.32      0.00      4.43      0.00      7.39     75.86
22:20:24        all      9.55      0.00      1.01      0.00      4.52     84.92
22:20:25        all     24.75      0.00      7.43      0.00     12.87     54.95
22:20:26        all      1.00      0.00      0.50      0.00      1.00     97.51
22:20:27        all     25.25      0.00      9.09      0.00     12.12     53.54
22:20:28        all      9.41      0.00      0.99      0.00      5.94     83.66
22:20:29        all      7.00      0.00      1.50      0.00      5.00     86.50
22:20:30        all     17.24      0.00      6.90      0.00      8.37     67.49
22:20:31        all     22.28      0.00      8.91      0.00      8.91     59.90
22:20:32        all      2.50      0.00      0.50      0.00      0.50     96.50
22:20:33        all     19.80      0.00      4.95      0.00     11.39     63.86
22:20:34        all      7.96      0.00      1.00      0.00      2.49     88.56
22:20:35        all     29.56      0.00     10.84      0.49     14.78     44.33
22:20:36        all     20.69      0.00      8.37      0.00     14.78     56.16
22:20:37        all      2.99      0.00      1.49      0.00      5.47     90.05
22:20:38        all      1.00      0.00      0.00      0.00      0.00     99.00
22:20:39        all      0.50      0.00      0.50      0.00      1.00     98.01
22:20:40        all     23.38      0.00      4.98      0.00      6.97     64.68
22:20:41        all      6.97      0.00      1.49      0.00      2.49     89.05
22:20:42        all     26.24      0.00      8.91      0.00      9.41     55.45
22:20:43        all     19.21      0.00      8.87      0.00     11.33     60.59
22:20:44        all      2.50      0.00      0.00      0.00      1.50     96.00
22:20:45        all      0.50      0.00      0.50      0.50      0.00     98.50
22:20:46        all      9.45      0.00      5.47      0.00      8.46     76.62
22:20:47        all     19.31      0.00      1.49      0.00      5.45     73.76
22:20:48        all     16.34      0.00      5.45      0.00      8.42     69.80
22:20:49        all     13.07      0.00      1.01      0.00      3.52     82.41
22:20:50        all     25.74      0.00      9.90      0.50     10.89     52.97
22:20:51        all      1.98      0.00      0.50      0.00      0.50     97.03
22:20:52        all      0.50      0.00      0.50      0.00      0.00     98.99
22:20:53        all     11.17      0.00      5.83      0.00      6.80     76.21
22:20:54        all     19.10      0.00      1.01      0.00      3.52     76.38
22:20:55        all     12.56      0.00      5.03      0.00      5.03     77.39
22:20:56        all      6.37      0.00      2.45      0.00      2.94     88.24
22:20:57        all     10.05      0.00      0.00      0.00      5.03     84.92
22:20:58        all     22.28      0.00     10.40      0.00     11.88     55.45
22:20:59        all      1.01      0.00      0.50      0.00      0.50     97.99
22:21:00        all      9.31      0.00      4.90      0.00     10.29     75.49
22:21:01        all     18.50      0.00      1.00      0.00      5.50     75.00
22:21:02        all      6.37      0.00      3.43      0.00     21.08     69.12
22:21:03        all     13.30      0.00      4.93      0.00      8.87     72.91
22:21:04        all     28.86      0.00      9.95      0.00     16.42     44.78
22:21:05        all      5.45      0.00      1.98      0.50      2.48     89.60
22:21:06        all      0.50      0.00      0.50      0.00      1.00     98.00
22:21:07        all      5.94      0.00      2.48      0.00      4.95     86.63
22:21:08        all     17.50      0.00      5.00      0.00      3.50     74.00
22:21:09        all     13.79      0.00      3.45      0.00      2.96     79.80
22:21:10        all      4.98      0.00      1.99      0.00      2.49     90.55
22:21:11        all     31.53      0.00     11.33      0.00     19.70     37.44
22:21:12        all      9.90      0.00      3.96      0.00      9.41     76.73
22:21:13        all      2.51      0.00      0.00      0.00      5.03     92.46
22:21:14        all      2.96      0.00      2.46      0.00      8.37     86.21
22:21:15        all      7.32      0.00      3.41      0.00      8.78     80.49
22:21:16        all     22.00      0.00      2.50      0.50     11.50     63.50
22:21:17        all     12.25      0.00      5.39      0.00      8.82     73.53
22:21:18        all      8.91      0.00      2.48      0.00      7.43     81.19
22:21:19        all     26.73      0.00     10.40      0.00     15.35     47.52
22:21:20        all      4.48      0.00      2.49      0.00      2.49     90.55
22:21:21        all      7.43      0.00      5.94      0.50      7.92     78.22
22:21:22        all     12.63      0.00      0.51      0.00      8.08     78.79
22:21:23        all     24.26      0.00      6.44      0.00     17.82     51.49
22:21:24        all      3.00      0.00      0.50      0.00      1.50     95.00
22:21:25        all     16.34      0.00      3.96      0.00      5.45     74.26
22:21:26        all     18.00      0.00      6.50      0.00      5.50     70.00
22:21:27        all      1.99      0.00      0.50      0.00      1.49     96.02
22:21:28        all     22.66      0.00      6.90      0.00     13.79     56.65
22:21:29        all     10.40      0.00      1.49      0.00      2.97     85.15
22:21:30        all     24.88      0.00      5.97      0.00      3.98     65.17
22:21:31        all     23.38      0.00     10.45      0.00     11.44     54.73
22:21:32        all      3.48      0.00      1.00      0.00      0.50     95.02
22:21:33        all      1.00      0.00      0.00      0.00      0.50     98.51
22:21:34        all     11.88      0.00      4.46      0.00      4.46     79.21
22:21:35        all     16.92      0.00      1.49      0.00      6.47     75.12
22:21:36        all     13.93      0.00      6.97      0.50     11.94     66.67
22:21:37        all     20.30      0.00      4.46      0.00     11.39     63.86
22:21:38        all     25.74      0.00      8.42      0.00      7.43     58.42
22:21:39        all      2.46      0.00      0.49      0.00      0.99     96.06
22:21:40        all      1.01      0.00      0.00      0.00      0.50     98.49
22:21:41        all     18.72      0.00      3.45      0.00      7.39     70.44
22:21:42        all     11.44      0.00      2.99      0.00      3.98     81.59
22:21:43        all     19.31      0.00      6.44      0.00      7.92     66.34
22:21:44        all     21.78      0.00      8.42      0.00      7.43     62.38
22:21:45        all      4.02      0.00      1.51      0.00      2.51     91.96
22:21:46        all      0.00      0.00      0.00      0.00      0.00    100.00
22:21:47        all      1.00      0.00      0.00      0.00      0.50     98.50
22:21:48        all      5.47      0.00      3.48      0.00      3.48     87.56
22:21:49        all     19.90      0.00      1.99      0.00      5.47     72.64
22:21:50        all     16.00      0.00      6.00      0.00      6.50     71.50
22:21:51        all     13.86      0.00      1.98      0.00      5.45     78.71
22:21:52        all     26.37      0.00      8.96      0.50      4.48     59.70
22:21:53        all      1.99      0.00      0.00      0.00      0.50     97.51
22:21:54        all     29.21      0.00      4.95      0.00      5.45     60.40
22:21:55        all      5.47      0.00      2.49      0.00      1.49     90.55
22:21:56        all     33.33      0.00     11.94      0.00      6.97     47.76
22:21:57        all     20.40      0.00      6.97      0.50      3.98     68.16
22:21:58        all      1.51      0.00      0.00      0.00      0.50     97.99
22:21:59        all      1.00      0.00      0.50      0.00      0.00     98.51
22:22:00        all      5.39      0.00      3.43      0.00      5.39     85.78
22:22:01        all     25.25      0.00      2.97      0.00     14.85     56.93
22:22:02        all      4.48      0.00      2.49      0.00      8.46     84.58
22:22:03        all     11.44      0.00      2.99      0.00     10.95     74.63
22:22:04        all     25.25      0.00      7.92      0.00     21.29     45.54
22:22:05        all     20.98      0.00     13.17      0.00     13.66     52.20
22:22:06        all      1.51      0.00      0.00      0.00      1.01     97.49
22:22:07        all      1.00      0.00      0.00      0.00      0.00     99.00
22:22:08        all     28.36      0.00      5.97      0.00     13.43     52.24
22:22:09        all      8.46      0.00      2.49      0.00      1.99     87.06
22:22:10        all     29.15      0.00      9.05      0.00     10.05     51.76
22:22:11        all     11.33      0.00      4.43      0.00      2.96     81.28
22:22:12        all      0.50      0.00      0.00      0.50      1.00     98.01
22:22:13        all      1.01      0.00      0.00      0.00      0.50     98.49
22:22:14        all     10.78      0.00      6.37      0.00     12.25     70.59
22:22:15        all     21.29      0.00      4.95      0.00     14.85     58.91
22:22:16        all     11.06      0.00      4.52      0.00      5.03     79.40
22:22:17        all      6.44      0.00      2.48      0.50      2.97     87.62
22:22:18        all     19.40      0.00      3.48      0.00     12.44     64.68
22:22:19        all     21.29      0.00      5.94      0.00     10.89     61.88
22:22:20        all      1.00      0.00      0.00      0.00      0.50     98.51
22:22:21        all     34.00      0.00     10.50      0.00     17.00     38.50
22:22:22        all      2.96      0.00      1.48      0.00      3.45     92.12
22:22:23        all     25.74      0.00      8.91      0.00     16.34     49.01
22:22:24        all     28.00      0.00     11.50      0.00      4.00     56.50
22:22:25        all      1.51      0.00      0.00      0.00      0.50     97.99
22:22:26        all      1.00      0.00      0.50      0.00      0.00     98.50
22:22:27        all      7.88      0.00      4.43      0.49      7.88     79.31
22:22:28        all      9.90      0.00      2.97      0.00      9.41     77.72
22:22:29        all     32.18      0.00      5.45      0.00     12.38     50.00
22:22:30        all      5.50      0.00      1.50      0.00      4.50     88.50
22:22:31        all      4.93      0.00      1.97      0.00      2.46     90.64
22:22:32        all     30.35      0.00     10.45      0.00      9.95     49.25
22:22:33        all      3.50      0.00      0.50      0.00      1.00     95.00
22:22:34        all     19.10      0.00      3.02      0.00      7.04     70.85
22:22:35        all     13.86      0.00      5.45      0.00      4.95     75.74
22:22:36        all      8.08      0.00      1.52      0.00      6.57     83.84
22:22:37        all     30.30      0.00     11.62      0.00     16.16     41.92
22:22:38        all     17.24      0.00      7.39      0.49     10.34     64.53
22:22:39        all      1.00      0.00      0.50      0.00      0.50     98.01
22:22:40        all      1.00      0.00      0.00      0.00      0.50     98.50
22:22:41        all      5.47      0.00      4.48      0.00      6.97     83.08
22:22:42        all     16.83      0.00      2.97      0.00      9.41     70.79
22:22:43        all     15.08      0.00      3.52      0.00      7.04     74.37
22:22:44        all      8.37      0.00      3.94      0.00      3.94     83.74
22:22:45        all      2.49      0.00      1.49      0.00      1.49     94.53
22:22:46        all     32.34      0.00      9.95      0.00      9.45     48.26
22:22:47        all      1.49      0.00      0.50      0.00      0.99     97.03
22:22:48        all      9.09      0.00      5.05      0.00      2.53     83.33
22:22:49        all     17.41      0.00      1.00      0.00      2.99     78.61
22:22:50        all     17.41      0.00      5.97      0.00      5.47     71.14
22:22:51        all     30.35      0.00      5.47      0.00     15.92     48.26
22:22:52        all     14.07      0.00      5.03      0.00      2.01     78.89
22:22:53        all      1.00      0.00      0.00      0.50      1.00     97.51
22:22:54        all      0.50      0.00      0.00      0.00      0.00     99.50
22:22:55        all      3.94      0.00      3.45      0.00      6.40     86.21
22:22:56        all      2.49      0.00      2.49      0.00      3.48     91.54
22:22:57        all     20.40      0.00      1.00      0.00      5.47     73.13
22:22:58        all     10.50      0.00      4.00      0.00      5.50     80.00
22:22:59        all      6.47      0.00      2.49      0.00      1.99     89.05
22:23:00        all     29.65      0.00      7.04      0.00     12.06     51.26
22:23:01        all      7.88      0.00      2.96      0.00      3.45     85.71
22:23:02        all      1.00      0.00      0.00      0.00      1.49     97.51
22:23:03        all     15.05      0.00      6.31      0.49     13.11     65.05
22:23:04        all     13.93      0.00      0.50      0.00      3.98     81.59
22:23:05        all     12.32      0.00      3.94      0.00      5.42     78.33
22:23:06        all     26.73      0.00     11.88      0.00     16.34     45.05
22:23:07        all     14.43      0.00      4.98      0.00      3.98     76.62
22:23:08        all      1.49      0.00      1.49      0.00      1.49     95.52
22:23:09        all      1.00      0.00      0.00      0.00      0.50     98.50
22:23:10        all      6.00      0.00      3.00      0.00      7.00     84.00
22:23:11        all     17.24      0.00      2.96      0.00      7.88     71.92
22:23:12        all     17.24      0.00      5.42      0.00     10.34     67.00
22:23:13        all      3.50      0.00      1.00      0.00      1.00     94.50
22:23:14        all     17.91      0.00      3.48      0.00      8.96     69.65
22:23:15        all     20.60      0.00      8.54      0.00     10.55     60.30
22:23:16        all      1.00      0.00      0.50      0.00      0.50     98.00
22:23:17        all      9.90      0.00      7.92      0.00     11.39     70.79
22:23:18        all     18.50      0.00      1.50      0.00      8.00     72.00
22:23:19        all     16.92      0.00      6.97      0.50     14.43     61.19
22:23:20        all      1.49      0.00      0.50      0.00      1.00     97.01
22:23:21        all     10.78      0.00      0.98      0.00     18.63     69.61
22:23:22        all     28.08      0.00     10.84      0.00     10.84     50.25
22:23:23        all      1.50      0.00      0.00      0.00      0.00     98.50
22:23:24        all     29.44      0.00      7.61      0.51      4.06     58.38
22:23:25        all      4.95      0.00      1.49      0.00      2.48     91.09
22:23:26        all     28.86      0.00      9.45      0.00     10.95     50.75
22:23:27        all     25.63      0.00      9.05      0.00      4.52     60.80
22:23:28        all      2.99      0.00      1.99      0.00      1.99     93.03
22:23:29        all      3.98      0.00      2.99      0.00      2.49     90.55
22:23:30        all      4.50      0.00      2.00      0.00      2.50     91.00
22:23:31        all     21.39      0.00      2.49      0.00      9.45     66.67
22:23:32        all     10.05      0.00      2.51      0.00      7.04     80.40
22:23:33        all      1.51      0.00      1.01      0.00      1.01     96.48
22:23:34        all     28.22      0.00      6.44      0.00      4.46     60.89
22:23:35        all     15.50      0.00      5.00      0.00      3.00     76.50
22:23:36        all      0.50      0.00      0.50      0.00      0.50     98.50
22:23:37        all     24.63      0.00      5.91      0.00      4.93     64.53
22:23:38        all      3.48      0.00      1.49      0.00      1.49     93.53
22:23:39        all     28.86      0.00      8.96      0.50      5.97     55.72
22:23:40        all     24.26      0.00      9.90      0.00      6.93     58.91
22:23:41        all      3.00      0.00      1.00      0.00      1.50     94.50
22:23:42        all      0.50      0.00      0.00      0.00      0.50     99.00
22:23:43        all      1.00      0.00      0.00      0.00      1.00     98.00
22:23:44        all      7.43      0.00      3.47      0.00      4.95     84.16
22:23:45        all     16.00      0.00      1.00      0.00      5.50     77.50
22:23:46        all     15.00      0.00      5.50      0.00      4.00     75.50
22:23:47        all      4.00      0.00      1.00      0.00      0.50     94.50
22:23:48        all      3.52      0.00      0.50      0.00      0.50     95.48
22:23:49        all     19.50      0.00      4.00      0.50      2.50     73.50
22:23:50        all     19.40      0.00      4.98      0.00      2.99     72.64
22:23:51        all      2.94      0.00      0.98      0.00      0.98     95.10
22:23:52        all     23.88      0.00      3.98      0.00      3.48     68.66
22:23:53        all      7.92      0.00      2.48      0.00      4.46     85.15
22:23:54        all     38.50      0.00     13.50      0.00     11.00     37.00
22:23:55        all     18.00      0.00      6.50      0.00      7.00     68.50
22:23:56        all      1.96      0.00      0.98      0.00      2.94     94.12
22:23:57        all      1.00      0.00      0.00      0.00      0.00     99.00
22:23:58        all      0.50      0.00      0.50      0.00      0.00     98.99
22:23:59        all     31.68      0.00      5.94      0.00     10.89     51.49
22:24:00        all      1.49      0.00      1.00      0.50      1.99     95.02
22:24:01        all     12.94      0.00      5.47      0.00      6.97     74.63
22:24:02        all     17.24      0.00      1.48      0.00     20.69     60.59
22:24:03        all     27.94      0.00     10.29      0.00     17.16     44.61
22:24:04        all      4.43      0.00      0.99      0.00      0.99     93.60
22:24:05        all      1.00      0.00      0.00      0.00      0.00     99.00
22:24:06        all      4.43      0.00      1.48      0.00      4.43     89.66
22:24:07        all     31.68      0.00      5.94      0.00     12.87     49.50
22:24:08        all      2.99      0.00      1.00      0.00      2.49     93.53
22:24:09        all     28.86      0.00      4.98      0.00     20.40     45.77
22:24:10        all     27.36      0.00     13.93      0.50     16.92     41.29
22:24:11        all     11.39      0.00      5.94      0.00      5.45     77.23
22:24:12        all      1.99      0.00      0.50      0.00      1.99     95.52
22:24:13        all      1.50      0.00      0.00      0.00      1.50     97.00
22:24:14        all      4.46      0.00      1.98      0.00      4.46     89.11
22:24:15        all      4.95      0.00      2.48      0.00      3.96     88.61
22:24:16        all     27.72      0.00      2.97      0.00     10.89     58.42
22:24:17        all      2.97      0.00      1.49      0.00      4.46     91.09
22:24:18        all      6.37      0.00      2.94      0.00      6.37     84.31
22:24:19        all      5.47      0.00      0.00      0.00      1.99     92.54
22:24:20        all     27.14      0.00     11.06      0.00      2.01     59.80
22:24:21        all      1.01      0.00      0.00      0.00      0.00     98.99
22:24:22        all      5.88      0.00      3.43      0.00      7.84     82.84
22:24:23        all     21.29      0.00      2.97      0.00      8.91     66.83
22:24:24        all     14.29      0.00      4.93      0.00     11.82     68.97
22:24:25        all      4.48      0.00      1.99      0.50      1.99     91.04
22:24:26        all     28.00      0.00      8.50      0.00      8.00     55.50
22:24:27        all     12.00      0.00      4.50      0.00      4.00     79.50
22:24:28        all      1.49      0.00      0.50      0.00      0.50     97.51
22:24:29        all      7.46      0.00      5.97      0.00      4.48     82.09
22:24:30        all     20.79      0.00      2.97      0.00      7.92     68.32
22:24:31        all      9.00      0.00      3.50      0.00     10.50     77.00
22:24:32        all      8.00      0.00      3.00      0.00      3.50     85.50
22:24:33        all     26.50      0.00      9.50      0.00     12.00     52.00
22:24:34        all     13.93      0.00      6.47      0.00      6.97     72.64
22:24:35        all      1.98      0.00      0.50      0.50      0.50     96.53
22:24:36        all      6.97      0.00      2.49      0.00      7.46     83.08
22:24:37        all     21.29      0.00      2.97      0.00     12.38     63.37
22:24:38        all      9.95      0.00      2.49      0.00      6.47     81.09
22:24:39        all     12.38      0.00      5.45      0.00      7.92     74.26
22:24:40        all     19.40      0.00      3.98      0.00     14.93     61.69
22:24:41        all     26.00      0.00     10.50      0.00      9.50     54.00
22:24:42        all      1.98      0.00      0.99      0.00      0.50     96.53
22:24:43        all      7.43      0.00      5.45      0.00      2.97     84.16
22:24:44        all     19.50      0.00      1.50      0.00      9.00     70.00
22:24:45        all     12.87      0.00      5.45      0.00      6.93     74.75
22:24:46        all      6.44      0.00      4.95      0.00      3.96     84.65
22:24:47        all     25.00      0.00      7.00      0.00     10.50     57.50
22:24:48        all     16.50      0.00      4.50      0.00      5.50     73.50
22:24:49        all      2.01      0.00      0.50      0.00      1.01     96.48
22:24:50        all     15.35      0.00      3.47      0.00      8.42     72.77
22:24:51        all     21.89      0.00      3.48      0.50      5.97     68.16
22:24:52        all      3.50      0.00      2.00      0.00      1.00     93.50
22:24:53        all     18.50      0.00      6.00      0.00      5.50     70.00
22:24:54        all     27.00      0.00      9.50      0.00     12.00     51.50
22:24:55        all      1.00      0.00      0.50      0.00      0.50     98.01
22:24:56        all      0.99      0.00      0.50      0.00      1.49     97.03
22:24:57        all     13.37      0.00      5.45      0.00     14.85     66.34
22:24:58        all     16.83      0.00      1.49      0.00      3.47     78.22
22:24:59        all     16.50      0.00      6.50      0.00      7.00     70.00
22:25:00        all     15.20      0.00      2.45      0.00     14.71     67.65
22:25:01        all     20.90      0.00      9.45      0.00     20.90     48.76
22:25:02        all      7.96      0.00      3.98      0.00     17.41     70.65
22:25:03        all      2.49      0.00      0.50      0.00      3.48     93.53
22:25:04        all      8.54      0.00      3.52      0.00      8.04     79.90
22:25:05        all     19.21      0.00      0.99      0.00     10.84     68.97
22:25:06        all     14.78      0.00      6.90      0.49     10.34     67.49
22:25:07        all      8.50      0.00      1.00      0.00      5.00     85.50
22:25:08        all     26.50      0.00      9.00      0.00     21.00     43.50
22:25:09        all     13.07      0.00      5.03      0.00      7.04     74.87
22:25:10        all      1.98      0.00      0.00      0.00      1.49     96.53
22:25:11        all      2.48      0.00      1.98      0.50      3.47     91.58
22:25:12        all     25.00      0.00      7.84      0.00     17.16     50.00
22:25:13        all     11.39      0.00      3.47      0.00      6.44     78.71
22:25:14        all      7.00      0.00      2.50      0.00      2.50     88.00
22:25:15        all     18.50      0.00      5.00      0.00     10.00     66.50
22:25:16        all     22.89      0.00      8.96      0.00      8.96     59.20
22:25:17        all      1.00      0.00      1.00      0.00      0.50     97.50
22:25:18        all     17.33      0.00      3.96      0.00      7.43     71.29
22:25:19        all     11.00      0.00      1.50      0.00      4.50     83.00
22:25:20        all     18.32      0.00      5.45      0.00      7.43     68.81
22:25:21        all     32.51      0.00     11.33      0.00     13.79     42.36
22:25:22        all     15.69      0.00      6.37      0.00      9.31     68.63
22:25:23        all      1.00      0.00      0.00      0.00      0.50     98.51
22:25:24        all      0.00      0.00      0.00      0.00      0.50     99.50
22:25:25        all      1.00      0.00      1.00      0.00      1.00     97.01
22:25:26        all     20.30      0.00      6.93      0.00     16.34     56.44
22:25:27        all     11.50      0.00      1.50      0.50      7.00     79.50
22:25:28        all     21.57      0.00      7.35      0.00     11.27     59.80
22:25:29        all     24.14      0.00      9.36      0.00     20.20     46.31
22:25:30        all     15.76      0.00      7.88      0.00     10.34     66.01
22:25:31        all      1.49      0.00      0.00      0.00      3.98     94.53
22:25:32        all      1.00      0.00      0.50      0.50      0.50     97.51
22:25:33        all      6.44      0.00      5.94      0.00      6.44     81.19
22:25:34        all     12.32      0.00      1.97      0.00      9.36     76.35
22:25:35        all     24.38      0.00      5.47      0.00     11.44     58.71
22:25:36        all      4.48      0.00      1.49      0.00      3.48     90.55
22:25:37        all      4.98      0.00      1.49      0.00      1.99     91.54
22:25:38        all     18.00      0.00      4.50      0.00     10.50     67.00
22:25:39        all     22.50      0.00     10.00      0.00      7.50     60.00
22:25:40        all      1.01      0.00      0.00      0.00      0.50     98.49
22:25:41        all      6.90      0.00      4.43      0.00      2.46     86.21
22:25:42        all     24.24      0.00      2.53      0.00      4.04     69.19
22:25:43        all      6.03      0.00      2.01      0.00      1.01     90.95
22:25:44        all      5.50      0.00      1.50      0.00      2.00     91.00
22:25:45        all     27.00      0.00     10.50      0.00     11.00     51.50
22:25:46        all     16.92      0.00      5.97      0.00      5.97     71.14
22:25:47        all      0.50      0.00      0.00      0.50      0.50     98.50
22:25:48        all      1.00      0.00      1.00      0.00      1.00     97.00
22:25:49        all     28.22      0.00      6.44      0.00     14.85     50.50
22:25:50        all      3.00      0.00      1.00      0.00      1.00     95.00
22:25:51        all     31.19      0.00     10.40      0.00     15.35     43.07
22:25:52        all     29.00      0.00      9.50      0.00      8.00     53.50
22:25:53        all      5.00      0.00      2.00      0.00      2.50     90.50
22:25:54        all      1.00      0.00      0.00      0.00      0.50     98.50
22:25:55        all      0.50      0.00      1.00      0.00      0.00     98.51
22:25:56        all     18.32      0.00      6.93      0.00     11.39     63.37
22:25:57        all     13.57      0.00      3.52      0.00      8.04     74.87
22:25:58        all      7.39      0.00      5.42      0.00      7.39     79.80
22:25:59        all      3.00      0.00      0.50      0.00      2.00     94.50
22:26:00        all     16.34      0.00      3.96      0.00      8.42     71.29
22:26:01        all     22.17      0.00     10.34      0.00     18.72     48.77
22:26:02        all      8.46      0.00      2.99      0.50     11.94     76.12
22:26:03        all      1.00      0.00      0.00      0.00      1.49     97.51
22:26:04        all      9.60      0.00      4.55      0.00      0.00     85.86
22:26:05        all     20.50      0.00      4.50      0.00      0.00     75.00
22:26:06        all     15.08      0.00      5.53      0.00      4.52     74.87
22:26:07        all     40.10      0.00     14.85      0.00     14.85     30.20
22:26:08        all     18.50      0.00      5.50      0.00      5.00     71.00
22:26:09        all      1.49      0.00      0.99      0.00      0.50     97.03
22:26:10        all      3.50      0.00      0.50      0.00      1.00     95.00
22:26:11        all     26.37      0.00      3.48      0.00     11.94     58.21
22:26:12        all      8.00      0.00      1.00      0.00      2.00     89.00
22:26:13        all     31.19      0.00      7.92      0.50     11.39     49.01
22:26:14        all     22.77      0.00      7.92      0.00      7.92     61.39
22:26:15        all      4.98      0.00      1.00      0.00      3.48     90.55
22:26:16        all      0.00      0.00      0.00      0.00      0.50     99.50
22:26:17        all      1.00      0.00      0.50      0.00      0.50     98.01
22:26:18        all      2.01      0.00      1.01      0.00      1.51     95.48
22:26:19        all     25.74      0.00      5.45      0.00     16.83     51.98
22:26:20        all      6.50      0.00      0.50      0.00      4.00     89.00
22:26:21        all     16.42      0.00      4.98      0.00      7.46     71.14
22:26:22        all     32.00      0.00     10.00      0.00     11.50     46.50
22:26:23        all     13.79      0.00      9.36      0.49     11.33     65.02
22:26:24        all      1.49      0.00      0.50      0.00      1.49     96.53
22:26:25        all      0.50      0.00      0.00      0.00      0.00     99.50
22:26:26        all      1.00      0.00      0.50      0.00      1.00     97.51
22:26:27        all     22.77      0.00      4.95      0.00     14.85     57.43
22:26:28        all      5.53      0.00      3.02      0.00      5.53     85.93
22:26:29        all     21.18      0.00      5.42      0.00     14.78     58.62
22:26:30        all     30.20      0.00     11.39      0.00     17.33     41.09
22:26:31        all     13.37      0.00      4.95      0.00      4.46     77.23
22:26:32        all      1.01      0.00      0.00      0.00      0.50     98.49
22:26:33        all      0.50      0.00      1.00      0.50      0.50     97.51
22:26:34        all     16.50      0.00      5.50      0.00      7.50     70.50
22:26:35        all     14.50      0.00      1.50      0.00      4.00     80.00
22:26:36        all     17.73      0.00      3.94      0.00     14.78     63.55
22:26:37        all     26.73      0.00     10.40      0.00     13.37     49.50
22:26:38        all     20.81      0.00     12.69      0.00      8.63     57.87
22:26:39        all      2.01      0.00      0.00      0.00      0.50     97.49
22:26:40        all      1.49      0.00      0.50      0.00      1.49     96.52
22:26:41        all      6.47      0.00      5.47      0.00      5.97     82.09
22:26:42        all     20.40      0.00      2.49      0.00      5.97     71.14
22:26:43        all     17.33      0.00      7.92      0.00     17.33     57.43
22:26:44        all     24.75      0.00      7.43      0.00     12.87     54.95
22:26:45        all     29.50      0.00     12.00      0.00     15.50     43.00
22:26:46        all      1.99      0.00      0.50      0.00      1.00     96.52
22:26:47        all      0.00      0.00      0.00      0.00      0.00    100.00
22:26:48        all      1.00      0.00      1.00      0.50      0.50     97.01
22:26:49        all     22.50      0.00      3.00      0.00      5.50     69.00
22:26:50        all      3.48      0.00      2.99      0.00      2.49     91.04
22:26:51        all     32.00      0.00      9.50      0.00     11.50     47.00
22:26:52        all     34.83      0.00     11.44      0.00     10.95     42.79
22:26:53        all      3.98      0.00      1.99      0.00      0.50     93.53
22:26:54        all      0.00      0.00      0.00      0.00      0.00    100.00
22:26:55        all      1.49      0.00      0.99      0.00      0.50     97.03
22:26:56        all     28.92      0.00      5.39      0.00     14.71     50.98
22:26:57        all      9.36      0.00      3.94      0.00      8.37     78.33
22:26:58        all     27.50      0.00      7.50      0.00     10.00     55.00
22:26:59        all     25.12      0.00      9.36      0.00     12.32     53.20
22:27:00        all      4.90      0.00      3.43      0.00      4.41     87.25
22:27:01        all      0.00      0.00      0.00      0.00      0.00    100.00
22:27:02        all      0.00      0.00      0.00      0.00      0.00    100.00
22:27:03        all      1.00      0.00      0.00      0.00      0.50     98.51
22:27:04        all      3.48      0.00      2.99      0.50      1.49     91.54
22:27:05        all     23.41      0.00      3.41      0.00     18.54     54.63
22:27:06        all     10.50      0.00      2.50      0.00     10.00     77.00
22:27:07        all     19.51      0.00      5.85      0.00     15.12     59.51
22:27:08        all     32.16      0.00     11.06      0.00      6.53     50.25
22:27:09        all      4.95      0.00      1.98      0.50      1.98     90.59
22:27:10        all      0.00      0.00      0.00      0.00      0.00    100.00
22:27:11        all      0.50      0.00      0.00      0.00      0.50     99.00
22:27:12        all      7.04      0.00      5.03      0.00      3.02     84.92
22:27:13        all     20.40      0.00      1.99      0.00      1.99     75.62
22:27:14        all     22.89      0.00      5.97      0.00      3.98     67.16
22:27:15        all     42.65      0.00     15.20      0.00      7.35     34.80
22:27:16        all     13.93      0.00      4.48      0.00      1.49     80.10
22:27:17        all      2.01      0.00      0.50      0.00      3.52     93.97
22:27:18        all      0.50      0.00      0.50      0.00      0.00     99.00
22:27:19        all     19.70      0.00      5.42      0.49     11.82     62.56
22:27:20        all     15.92      0.00      2.49      0.00     11.44     70.15
22:27:21        all     11.82      0.00      7.39      0.00      7.88     72.91
22:27:22        all     16.92      0.00      5.97      0.00      8.96     68.16
22:27:23        all     33.66      0.00     12.38      0.00     11.88     42.08
22:27:24        all      0.51      0.00      0.00      0.00      0.00     99.49
22:27:25        all      1.01      0.00      0.00      0.00      1.51     97.49
22:27:26        all      1.00      0.00      0.50      0.00      0.50     98.00
22:27:27        all     18.41      0.00      5.47      0.00     10.45     65.67
22:27:28        all     11.44      0.00      2.99      0.00      5.47     80.10
22:27:29        all     29.80      0.00      9.60      0.51     11.62     48.48
22:27:30        all     31.19      0.00      8.91      0.00     18.32     41.58
