Linux 5.10.234-225.910.amzn2.x86_64 (ip-10-0-175-24.us-west-2.compute.internal) 	03/25/25 	_x86_64_	(2 CPU)

22:13:07    kbmemfree kbmemused  %memused kbbuffers  kbcached  kbcommit   %commit  kbactive   kbinact   kbdirty
22:13:08      2814148   1129152     28.63      2088    901020    362084      9.18    170696    861668    298496
22:13:09      2745592   1197708     30.37      2088    901284    477404     12.11    176132    924104    298752
22:13:10      2739612   1203688     30.52      2088    914036    422144     10.71    179344    926516    311340
22:13:11      2677656   1265644     32.10      2088    914036    485072     12.30    179348    989448    311384
22:13:12      2654724   1288576     32.68      2088    914036    508200     12.89    179348   1012572    311384
22:13:13      2654220   1289080     32.69      2088    914036    509736     12.93    179348   1014176    311384
22:13:14      2652456   1290844     32.74      2088    914036    511244     12.96    179348   1015796    311384
22:13:15      2861108   1082192     27.44      2088    913984    297500      7.54    179880    804404    311388
22:13:16      2861224   1082076     27.44      2088    913968    297500      7.54    179920    804300    311428
22:13:17      2861224   1082076     27.44      2088    913968    297500      7.54    179920    804300    311428
22:13:18      2861224   1082076     27.44      2088    913968    297500      7.54    179920    804300    311428
22:13:19      2861224   1082076     27.44      2088    913968    297500      7.54    179920    804300    171228
22:13:20      2859388   1083912     27.49      2088    914124    305252      7.74    180100    806860    171168
22:13:21      2884340   1058960     26.85      2088    914124    277104      7.03    180200    781212    171468
22:13:22      2884384   1058916     26.85      2088    914164    277324      7.03    180252    781268    171552
22:13:23      2874988   1068312     27.09      2088    914184    287600      7.29    180252    790808    171572
22:13:24      2854640   1088660     27.61      2088    914196    311908      7.91    180252    812672    171564
22:13:25      2826904   1116396     28.31      2088    914200    337264      8.55    180252    838084    171568
22:13:26      2823336   1119964     28.40      2088    914208    344012      8.72    180252    844336    171576
22:13:27      2796940   1146360     29.07      2088    914216    367368      9.32    180252    866076    171584
22:13:28      2790792   1152508     29.23      2088    914216    377816      9.58    180252    876680    171584
22:13:29      2783000   1160300     29.42      2088    914220    379500      9.62    180252    880312     95812
22:13:30      2808964   1134336     28.77      2088    914240    353408      8.96    180252    854120     95768
22:13:31      2835668   1107632     28.09      2088    914272    326864      8.29    180252    827736     95800
22:13:32      2866108   1077192     27.32      2088    917880    296556      7.52    180252    799484     99408
22:13:33      2863408   1079892     27.39      2088    917896    297812      7.55    180252    800652     99424
22:13:34      2849980   1093320     27.73      2088    917896    310936      7.89    180252    812888     99424
22:13:35      2840284   1103016     27.97      2088    917908    319540      8.10    180252    820800     27212
22:13:36      2841228   1102072     27.95      2088    920580    316096      8.02    180252    820364     29884
22:13:37      2840780   1102520     27.96      2088    920588    316096      8.02    180252    820056     29892
22:13:38      2853632   1089668     27.63      2088    920612    301568      7.65    180252    806836     29936
22:13:39      2844832   1098468     27.86      2088    920616    310092      7.86    180252    815392     29940
22:13:40      2828920   1114380     28.26      2088    920624    329244      8.35    180252    832796      6640
22:13:41      2814036   1129264     28.64      2088    920624    342112      8.68    180252    846400      6652
22:13:42      2815468   1127832     28.60      2088    920636    343684      8.72    180252    846904      6664
22:13:43      2800644   1142656     28.98      2088    920644    357700      9.07    180252    862192      6672
22:13:44      2788904   1154396     29.27      2088    920648    368888      9.35    180252    872456      6676
22:13:45      2786520   1156780     29.34      2088    920652    371188      9.41    180252    874744      6692
22:13:46      2784984   1158316     29.37      2088    920676    373040      9.46    180340    877716      6716
22:13:47      2798804   1144496     29.02      2088    923340    355156      9.01    180340    861464      9380
22:13:48      2835684   1107616     28.09      2088    923396    320048      8.12    180340    825612      9436
22:13:49      2835652   1107648     28.09      2088    923408    321976      8.17    180340    825992      9448
22:13:50      2827304   1115996     28.30      2088    923408    332056      8.42    180340    833708      9440
22:13:51      2821044   1122256     28.46      2088    923408    335180      8.50    180340    840080      9440
22:13:52      2813940   1129360     28.64      2088    923420    340620      8.64    180340    846260      9452
22:13:53      2796104   1147196     29.09      2088    923432    360860      9.15    180340    865612      9464
22:13:54      2831388   1111912     28.20      2088    926136    320968      8.14    180340    829828     12168
22:13:55      2820336   1122964     28.48      2088    926144    334356      8.48    180340    841368     11764
22:13:56      2820076   1123224     28.48      2088    926148    334576      8.48    180340    842080     11768
22:13:57      2808248   1135052     28.78      2088    926164    344564      8.74    180340    851388     11784
22:13:58      2818364   1124936     28.53      2088    926180    334496      8.48    180340    843220     11800
22:13:59      2826112   1117188     28.33      2088    926196    327608      8.31    180340    835308     11816
22:14:00      2814396   1128904     28.63      2088    926200    337324      8.55    180340    845192     11820
22:14:01      2828676   1114624     28.27      2088    928880    321784      8.16    180340    833028     14500
22:14:02      2828676   1114624     28.27      2088    928880    321972      8.17    180340    832904     14500
22:14:03      2827824   1115476     28.29      2088    928888    321592      8.16    180340    832792     14508
22:14:04      2828432   1114868     28.27      2088    928892    321432      8.15    180340    832920     14512
22:14:05      2827896   1115404     28.29      2088    928896    322044      8.17    180340    833680     14516
22:14:06      2826888   1116412     28.31      2088    928912    323428      8.20    180340    833748     10980
22:14:07      2827944   1115356     28.28      2088    928916    324628      8.23    180340    835020     10984
22:14:08      2808792   1134508     28.77      2088    928920    345124      8.75    180340    854616     10988
22:14:09      2796688   1146612     29.08      2088    928928    354912      9.00    180340    864948     10996
22:14:10      2782776   1160524     29.43      2088    928932    369560      9.37    180340    878976     11000
22:14:11      2820636   1122664     28.47      2088    931636    327684      8.31    180340    841264     10712
22:14:12      2806012   1137288     28.84      2088    931648    343396      8.71    180340    855748     10728
22:14:13      2795076   1148224     29.12      2088    931652    355548      9.02    180340    867132     10732
22:14:14      2790936   1152364     29.22      2088    931664    358220      9.08    180340    869956     10744
22:14:15      2788840   1154460     29.28      2088    931672    359764      9.12    180340    873224     10752
22:14:16      2785836   1157464     29.35      2088    931676    364176      9.24    180340    876688     10740
22:14:17      2769988   1173312     29.75      2088    931676    377580      9.58    180340    891352     10752
22:14:18      2815296   1128004     28.61      2088    934316    329180      8.35    180340    845776     13392
22:14:19      2812464   1130836     28.68      2088    934400    331872      8.42    180340    848772     13476
22:14:20      2803248   1140052     28.91      2088    934408    343312      8.71    180340    858508     13484
22:14:21      2779064   1164236     29.52      2088    934416    367404      9.32    180340    883092     10828
22:14:22      2774984   1168316     29.63      2088    934432    372556      9.45    180340    887432     10844
22:14:23      2766612   1176688     29.84      2088    934432    377304      9.57    180340    894240     10844
22:14:24      2782256   1161044     29.44      2088    934444    362008      9.18    180340    878860     10856
22:14:25      2795812   1147488     29.10      2088    934472    349588      8.87    180340    866276     10884
22:14:26      2809980   1133320     28.74      2088    937156    331692      8.41    180340    851392     10968
22:14:27      2810720   1132580     28.72      2088    937172    332268      8.43    180340    852044     10920
22:14:28      2810464   1132836     28.73      2088    937184    331016      8.39    180340    850696     10932
22:14:29      2811044   1132256     28.71      2088    937192    334692      8.49    180340    852752     10940
22:14:30      2792540   1150760     29.18      2088    937196    350668      8.89    180340    869052     10944
22:14:31      2803424   1139876     28.91      2088    939880    334916      8.49    180340    857804     10964
22:14:32      2803424   1139876     28.91      2088    939892    335020      8.50    180340    857964     10976
22:14:33      2797880   1145420     29.05      2088    939896    341984      8.67    180340    864440     10980
22:14:34      2786784   1156516     29.33      2088    939900    355816      9.02    180340    876512     10984
22:14:35      2781300   1162000     29.47      2088    939916    361752      9.17    180340    881720     11000
22:14:36      2766912   1176388     29.83      2088    939920    374212      9.49    180340    894280     11004
22:14:37      2780192   1163108     29.50      2088    939920    358648      9.10    180340    880676     11004
22:14:38      2796152   1147148     29.09      2088    942924    340004      8.62    180340    865396     14008
22:14:39      2790288   1153012     29.24      2088    942932    346952      8.80    180340    871444     14016
22:14:40      2793088   1150212     29.17      2088    942948    346980      8.80    180340    870060     14032
22:14:41      2788000   1155300     29.30      2088    942952    347684      8.82    180340    873228     11036
22:14:42      2791796   1151504     29.20      2088    945636    340620      8.64    180340    869356     13656
22:14:43      2780936   1162364     29.48      2088    945660    353788      8.97    180340    879792     13684
22:14:44      2785828   1157472     29.35      2088    945660    350552      8.89    180340    876752     13792
22:14:45      2787332   1155968     29.31      2088    948352    342564      8.69    180340    873892     16484
22:14:46      2782796   1160504     29.43      2088    948352    347548      8.81    180340    878848     16484
22:14:47      2781804   1161496     29.45      2088    948356    350868      8.90    180340    880268     16488
22:14:48      2779772   1163528     29.51      2088    948360    351100      8.90    180340    880892     16492
22:14:49      2773980   1169320     29.65      2088    948360    359632      9.12    180340    887592     16492
22:14:50      2776888   1166412     29.58      2088    948380    354368      8.99    180340    883596     16512
22:14:51      2778688   1164612     29.53      2088    951076    350860      8.90    180340    882820     19208
22:14:52      2775956   1167344     29.60      2088    951092    353432      8.96    180340    885056     16548
22:14:53      2767276   1176024     29.82      2088    951092    363968      9.23    180340    894904     16548
22:14:54      2776984   1166316     29.58      2088    953784    348596      8.84    180340    884228     19240
22:14:55      2772332   1170968     29.70      2088    953792    354832      9.00    180340    889568     19248
22:14:56      2772448   1170852     29.69      2088    953812    356576      9.04    180340    889808     19268
22:14:57      2756932   1186368     30.09      2088    956468    368340      9.34    180340    905376     19260
22:14:58      2773432   1169868     29.67      2088    956508    350180      8.88    180340    888596     19300
22:14:59      2771668   1171632     29.71      2088    956508    351388      8.91    180340    889528     19300
22:15:00      2763036   1180264     29.93      2088    956508    360484      9.14    180340    897616     19300
22:15:01      2764792   1178508     29.89      2088    956516    359336      9.11    180340    896300     19308
22:15:02      2764604   1178696     29.89      2088    956524    360124      9.13    180340    896572     16652
22:15:03      2758132   1185168     30.06      2088    956528    369472      9.37    180340    905940     16656
22:15:04      2740428   1202872     30.50      2088    956528    385824      9.78    180340    923592     16656
22:15:05      2764780   1178520     29.89      2088    959224    356692      9.05    180340    896996     19352
22:15:06      2759824   1183476     30.01      2088    959240    363788      9.23    180340    902316     19380
22:15:07      2760780   1182520     29.99      2088    959240    363788      9.23    180340    902248     19380
22:15:08      2759084   1184216     30.03      2088    961900    360932      9.15    180340    903212     22040
22:15:09      2761220   1182080     29.98      2088    961936    357452      9.06    180340    900248     22076
22:15:10      2754508   1188792     30.15      2088    961944    365820      9.28    180340    908080     22084
22:15:11      2756608   1186692     30.09      2088    961956    365760      9.28    180340    906264     22096
22:15:12      2748452   1194848     30.30      2088    961964    366148      9.29    180340    909192     16132
22:15:13      2756264   1187036     30.10      2088    964636    359792      9.12    180340    904864     18804
22:15:14      2753744   1189556     30.17      2088    964652    362160      9.18    180340    907952     18820
22:15:15      2745880   1197420     30.37      2088    964656    369764      9.38    180340    915532     18824
22:15:16      2741396   1201904     30.48      2088    964668    376560      9.55    180340    920180     18836
22:15:17      2744436   1198864     30.40      2088    964668    375500      9.52    180340    918788     16136
22:15:18      2742524   1200776     30.45      2088    964672    373968      9.48    180340    919496     16060
22:15:19      2748536   1194764     30.30      2088    967356    364372      9.24    180340    912708     18744
22:15:20      2746552   1196748     30.35      2088    967368    367684      9.32    180340    916048     18756
22:15:21      2740268   1203032     30.51      2088    967368    373396      9.47    180340    921564     18756
22:15:22      2743796   1199504     30.42      2088    967380    372888      9.46    180340    919448     16168
22:15:23      2737532   1205768     30.58      2088    967380    378696      9.60    180340    925036     16104
22:15:24      2737804   1205496     30.57      2088    967384    375452      9.52    180340    923700     16108
22:15:25      2742136   1201164     30.46      2088    970068    367896      9.33    180340    919112     18792
22:15:26      2737844   1205456     30.57      2088    970076    373480      9.47    180340    923968     18800
22:15:27      2735112   1208188     30.64      2088    970092    378120      9.59    180340    927692     18816
22:15:28      2735112   1208188     30.64      2088    970096    378160      9.59    180340    927960     13492
22:15:29      2700588   1242712     31.51      2088    970096    411372     10.43    180340    961940     13492
22:15:30      2737492   1205808     30.58      2088    972772    370652      9.40    180340    924576     16168
22:15:31      2730448   1212852     30.76      2088    972792    378604      9.60    180340    931832     16188
22:15:32      2732740   1210560     30.70      2088    972808    378108      9.59    180340    929728     16208
22:15:33      2729336   1213964     30.79      2088    972812    378824      9.61    180340    930676     16212
22:15:34      2734444   1208856     30.66      2088    975484    371596      9.42    180340    928028     18884
22:15:35      2733884   1209416     30.67      2088    975488    371020      9.41    180340    927828     18888
22:15:36      2733064   1210236     30.69      2088    975508    372100      9.44    180340    928952     18908
22:15:37      2728836   1214464     30.80      2088    975508    375040      9.51    180340    932008     18908
22:15:38      2727488   1215812     30.83      2088    975524    373492      9.47    180340    930856     16248
22:15:39      2714244   1229056     31.17      2088    975524    391760      9.93    180340    946956     16248
22:15:40      2720424   1222876     31.01      2088    975528    384444      9.75    180340    941484     16252
22:15:41      2724708   1218592     30.90      2088    978208    376848      9.56    180340    936016     18932
22:15:42      2725052   1218248     30.89      2088    978212    377288      9.57    180340    936668     18936
22:15:43      2722596   1220704     30.96      2088    978228    380580      9.65    180340    939596     16012
22:15:44      2719164   1224136     31.04      2088    978240    386708      9.81    180340    943696     16024
22:15:45      2716292   1227008     31.12      2088    978244    389648      9.88    180340    945984     16028
22:15:46      2721356   1221944     30.99      2088    980856    378168      9.59    180340    940432     18640
22:15:47      2721556   1221744     30.98      2088    980928    377404      9.57    180340    939536     18712
22:15:48      2721416   1221884     30.99      2088    980936    378624      9.60    180340    940616     16044
22:15:49      2711408   1231892     31.24      2088    980940    389204      9.87    180340    950348     16052
22:15:50      2710108   1233192     31.27      2088    980940    388036      9.84    180340    949080     16052
22:15:51      2707376   1235924     31.34      2088    980956    396400     10.05    180340    955340     16068
22:15:52      2707124   1236176     31.35      2088    980956    396896     10.07    180340    955872     16068
22:15:53      2715124   1228176     31.15      2088    983576    383044      9.71    180340    946644     16188
22:15:54      2715060   1228240     31.15      2088    983648    382756      9.71    180340    946652     16108
22:15:55      2706108   1237192     31.37      2088    983652    391792      9.94    180340    954912     16112
22:15:56      2703764   1239536     31.43      2088    983652    394720     10.01    180340    957920     16112
22:15:57      2699440   1243860     31.54      2088    983668    399548     10.13    180340    961616     16128
22:15:58      2702280   1241020     31.47      2088    983668    399528     10.13    180340    961524     13464
22:15:59      2707244   1236056     31.35      2088    986280    387624      9.83    180340    953944     16076
22:16:00      2707312   1235988     31.34      2088    986360    387432      9.83    180340    953832     16156
22:16:01      2707060   1236240     31.35      2088    986364    388164      9.84    180340    954864     16160
22:16:02      2702776   1240524     31.46      2088    986364    393108      9.97    180340    959164     16160
22:16:03      2701476   1241824     31.49      2088    986368    393764      9.99    180340    959820     13496
22:16:04      2693452   1249848     31.70      2088    986380    406276     10.30    180340    970396     13508
22:16:05      2693644   1249656     31.69      2088    986380    403544     10.23    180340    967772     13508
22:16:06      2668252   1275048     32.33      2088    986384    426972     10.83    180340    992880     13512
22:16:07      2699656   1243644     31.54      2088    989064    392992      9.97    180340    961832     16192
22:16:08      2700948   1242352     31.51      2088    989076    392284      9.95    180340    961092     16204
22:16:09      2697232   1246068     31.60      2088    989080    396792     10.06    180340    965628     13544
22:16:10      2692632   1250668     31.72      2088    989084    396284     10.05    180340    965356     13548
22:16:11      2684948   1258352     31.91      2088    989096    407628     10.34    180340    975264     13560
22:16:12      2689420   1253880     31.80      2088    989100    405688     10.29    180340    973568     13564
22:16:13      2692432   1250868     31.72      2088    991708    395808     10.04    180340    968204     16172
22:16:14      2693436   1249864     31.70      2088    991788    394548     10.01    180340    967080     13352
22:16:15      2693192   1250108     31.70      2088    991796    395724     10.04    180340    968172     13360
22:16:16      2687648   1255652     31.84      2088    991796    403548     10.23    180340    974732     13360
22:16:17      2686748   1256552     31.87      2088    991812    405200     10.28    180340    974796     13376
22:16:18      2686320   1256980     31.88      2088    991812    403432     10.23    180340    974668     13376
22:16:19      2689840   1253460     31.79      2088    994488    397320     10.08    180340    971864     13376
22:16:20      2689136   1254164     31.80      2088    994504    396988     10.07    180340    971712     13400
22:16:21      2688536   1254764     31.82      2088    994504    397652     10.08    180340    972568     13400
22:16:22      2681996   1261304     31.99      2088    994512    403840     10.24    180340    978656     13408
22:16:23      2680068   1263232     32.03      2088    994516    407496     10.33    180340    981772     13412
22:16:24      2679868   1263432     32.04      2088    994528    409584     10.39    180340    981144     10744
22:16:25      2673312   1269988     32.21      2088    994528    416192     10.55    180340    988100     10744
22:16:26      2675500   1267800     32.15      2088    994528    410148     10.40    180340    983792     10744
22:16:27      2682632   1260668     31.97      2088    997216    401396     10.18    180340    978004     13444
22:16:28      2678496   1264804     32.07      2088    997224    405652     10.29    180340    982284     13452
22:16:29      2673560   1269740     32.20      2088    997228    411184     10.43    180340    988084     13456
22:16:30      2667440   1275860     32.36      2088    997240    417888     10.60    180340    993784     13468
22:16:31      2667732   1275568     32.35      2088    997248    418960     10.62    180340    994692     13476
22:16:32      2662976   1280324     32.47      2088    997248    421812     10.70    180340    999472     13476
22:16:33      2675988   1267312     32.14      2088    999940    404876     10.27    180340    985140     16168
22:16:34      2676408   1266892     32.13      2088    999944    404872     10.27    180340    985152     13572
22:16:35      2670276   1273024     32.28      2088    999960    413624     10.49    180340    991216     13632
22:16:36      2671504   1271796     32.25      2088    999960    413488     10.49    180340    991136     13632
22:16:37      2671772   1271528     32.25      2088   1002624    408388     10.36    180340    990500     16296
22:16:38      2671772   1271528     32.25      2088   1002648    406844     10.32    180340    989084     16320
22:16:39      2671268   1272032     32.26      2088   1002652    407620     10.34    180340    990168     13724
22:16:40      2660676   1282624     32.53      2088   1002660    418444     10.61    180340   1000744     13668
22:16:41      2665204   1278096     32.41      2088   1002660    414108     10.50    180340    996256     13668
22:16:42      2662432   1280868     32.48      2088   1002676    419736     10.64    180340   1000588     13684
22:16:43      2650840   1292460     32.78      2088   1002676    429488     10.89    180340   1011772     13684
22:16:44      2665416   1277884     32.41      2088   1005356    410072     10.40    180340    995672     13524
22:16:45      2664944   1278356     32.42      2088   1005368    410788     10.42    180340    996480     13468
22:16:46      2663684   1279616     32.45      2088   1005376    412672     10.47    180340    998132     13476
22:16:47      2657620   1285680     32.60      2088   1005392    420644     10.67    180340   1003912     13492
22:16:48      2654100   1289200     32.69      2088   1005392    423992     10.75    180340   1007376     13492
22:16:49      2660116   1283184     32.54      2088   1008068    412500     10.46    180340   1000368     13504
22:16:50      2660524   1282776     32.53      2088   1008072    411776     10.44    180340   1000204     13508
22:16:51      2660712   1282588     32.53      2088   1008088    412952     10.47    180340   1001220     13524
22:16:52      2650596   1292704     32.78      2088   1008088    423684     10.74    180340   1011400     13524
22:16:53      2650284   1293016     32.79      2088   1008092    422432     10.71    180340   1010252     13528
22:16:54      2648076   1295224     32.85      2088   1008104    429224     10.88    180340   1015100     13540
22:16:55      2644800   1298500     32.93      2088   1008104    431456     10.94    180340   1017320     13524
22:16:56      2653360   1289940     32.71      2088   1010792    416940     10.57    180340   1007160     16220
22:16:57      2653952   1289348     32.70      2088   1010800    417480     10.59    180340   1008048     16228
22:16:58      2648312   1294988     32.84      2088   1010812    422148     10.71    180340   1012552     16240
22:16:59      2648004   1295296     32.85      2088   1010816    424528     10.77    180340   1013256     16244
22:17:00      2639460   1303840     33.06      2088   1010820    434284     11.01    180340   1022848     13572
22:17:01      2628768   1314532     33.34      2088   1013492    440912     11.18    180340   1033324     16244
22:17:02      2645816   1297484     32.90      2088   1013500    422208     10.71    180340   1015100     16252
22:17:03      2647516   1295784     32.86      2088   1013512    420212     10.66    180340   1013208     16264
22:17:04      2645864   1297436     32.90      2088   1013516    421240     10.68    180340   1014136     16268
22:17:05      2640964   1302336     33.03      2088   1013520    429084     10.88    180340   1021484     13608
22:17:06      2641720   1301580     33.01      2088   1013532    428956     10.88    180340   1019768     13620
22:17:07      2635672   1307628     33.16      2088   1013532    435080     11.03    180340   1025956     13620
22:17:08      2631356   1311944     33.27      2088   1013532    438056     11.11    180340   1029448     13620
22:17:09      2639696   1303604     33.06      2088   1016216    425236     10.78    180340   1021292     16304
22:17:10      2640544   1302756     33.04      2088   1016228    425256     10.78    180340   1021452     13580
22:17:11      2632124   1311176     33.25      2088   1016228    433264     10.99    180340   1028560     13544
22:17:12      2635352   1307948     33.17      2088   1016244    431520     10.94    180340   1026572     13560
22:17:13      2631068   1312232     33.28      2088   1016244    433548     10.99    180340   1029152     13560
22:17:14      2636780   1306520     33.13      2088   1018920    426000     10.80    180340   1023960     16236
22:17:15      2637160   1306140     33.12      2088   1018936    425844     10.80    180340   1024104     13364
22:17:16      2637596   1305704     33.11      2088   1018940    426872     10.83    180340   1025056     13348
22:17:17      2628024   1315276     33.35      2088   1018944    437112     11.08    180340   1033400     13352
22:17:18      2626260   1317040     33.40      2088   1018956    438208     11.11    180340   1034668     13364
22:17:19      2563276   1380024     35.00      2088   1018956    494720     12.55    180340   1092696     13364
22:17:20      2630600   1312700     33.29      2088   1021636    429036     10.88    180340   1030400     13380
22:17:21      2631356   1311944     33.27      2088   1021652    427800     10.85    180340   1029136     13396
22:17:22      2630160   1313140     33.30      2088   1021656    429776     10.90    180340   1031096     13400
22:17:23      2625464   1317836     33.42      2088   1021660    435696     11.05    180340   1036620     13404
22:17:24      2621980   1321320     33.51      2088   1021664    435540     11.05    180340   1036460     13408
22:17:25      2616424   1326876     33.65      2088   1021676    446316     11.32    180340   1045092     13420
22:17:26      2613780   1329520     33.72      2088   1021676    449368     11.40    180340   1048356     13420
22:17:27      2623520   1319780     33.47      2088   1024352    434080     11.01    180340   1038032     16096
22:17:28      2623268   1320032     33.48      2088   1024364    434312     11.01    180340   1038468     16108
22:17:29      2619652   1323648     33.57      2088   1024376    437228     11.09    180340   1041408     16120
22:17:30      2616480   1326820     33.65      2088   1024388    443864     11.26    180340   1045516     13536
22:17:31      2609812   1333488     33.82      2088   1024396    449384     11.40    180340   1051200     13468
22:17:32      2592200   1351100     34.26      2088   1027072    463124     11.74    180340   1068684     16144
22:17:33      2617700   1325600     33.62      2088   1027076    436824     11.08    180340   1043328     16148
22:17:34      2618236   1325064     33.60      2088   1027088    437068     11.08    180340   1043496     16160
22:17:35      2617732   1325568     33.62      2088   1027092    438960     11.13    180340   1044676     16164
22:17:36      2614552   1328748     33.70      2088   1027108    441224     11.19    180340   1046772     13516
22:17:37      2611440   1331860     33.78      2088   1027108    441456     11.20    180340   1049080     13516
22:17:38      2615080   1328220     33.68      2088   1029784    436412     11.07    180340   1046672     16192
22:17:39      2613724   1329576     33.72      2088   1029796    437348     11.09    180340   1046584     16204
22:17:40      2613000   1330300     33.74      2088   1029800    438492     11.12    180340   1048064     16208
22:17:41      2608356   1334944     33.85      2088   1029804    442924     11.23    180340   1052300     13548
22:17:42      2607476   1335824     33.88      2088   1029816    446228     11.32    180340   1054192     13560
22:17:43      2596384   1346916     34.16      2088   1029820    456900     11.59    180340   1065368     13564
22:17:44      2609228   1334072     33.83      2088   1032496    438908     11.13    180340   1051816     16240
22:17:45      2608924   1334376     33.84      2088   1032512    438408     11.12    180340   1051812     16256
22:17:46      2607488   1335812     33.88      2088   1032512    440528     11.17    180340   1053612     13332
22:17:47      2606956   1336344     33.89      2088   1032516    441656     11.20    180340   1054440     13348
22:17:48      2599804   1343496     34.07      2088   1032532    451264     11.44    180340   1062120     13364
22:17:49      2599700   1343600     34.07      2088   1032532    452328     11.47    180340   1062676     13364
22:17:50      2532812   1410488     35.77      2088   1035136    514968     13.06    180340   1128940     15968
22:17:51      2604732   1338568     33.95      2088   1035220    441788     11.20    180340   1056464     13388
22:17:52      2602904   1340396     33.99      2088   1035228    443900     11.26    180340   1058712     13396
22:17:53      2590832   1352468     34.30      2088   1035232    455488     11.55    180340   1069708     13400
22:17:54      2588320   1354980     34.36      2088   1035244    460812     11.69    180340   1073212     13412
22:17:55      2586332   1356968     34.41      2088   1035248    463824     11.76    180340   1075368     13416
22:17:56      2600592   1342708     34.05      2088   1037856    443680     11.25    180340   1061092     16024
22:17:57      2599952   1343348     34.07      2088   1037936    443320     11.24    180340   1061080     16104
22:17:58      2599648   1343652     34.07      2088   1037936    443296     11.24    180340   1061080     16104
22:17:59      2597180   1346120     34.14      2088   1037944    446248     11.32    180340   1064212     16112
22:18:00      2588284   1355016     34.36      2088   1037948    456472     11.58    180340   1074308     16116
22:18:01      2590848   1352452     34.30      2088   1037960    454932     11.54    180340   1071280     13456
22:18:02      2591856   1351444     34.27      2088   1037960    454932     11.54    180340   1071236     13460
22:18:03      2581152   1362148     34.54      2088   1037964    464752     11.79    180340   1080548     13464
22:18:04      2595120   1348180     34.19      2088   1040572    446740     11.33    180340   1066776     16072
22:18:05      2593636   1349664     34.23      2088   1040644    447576     11.35    180340   1067788     16144
22:18:06      2593076   1350224     34.24      2088   1040652    447128     11.34    180340   1067428     13488
22:18:07      2590560   1352740     34.30      2088   1040656    450008     11.41    180340   1070372     13492
22:18:08      2582776   1360524     34.50      2088   1040660    458760     11.63    180340   1078696     13496
22:18:09      2587060   1356240     34.39      2088   1040676    456676     11.58    180340   1074780     13512
22:18:10      2574436   1368864     34.71      2088   1040676    467916     11.87    180340   1086144     13512
22:18:11      2575400   1367900     34.69      2088   1043284    464496     11.78    180340   1087248     13520
22:18:12      2588688   1354612     34.35      2088   1043360    450228     11.42    180340   1073396     13532
22:18:13      2586012   1357288     34.42      2088   1043372    452872     11.48    180340   1076176     13544
22:18:14      2580476   1362824     34.56      2088   1043376    457516     11.60    180340   1080340     13548
22:18:15      2577516   1365784     34.64      2088   1043388    462624     11.73    180340   1083972     13560
22:18:16      2571920   1371380     34.78      2088   1043392    465204     11.80    180340   1089088     13564
22:18:17      2582028   1361272     34.52      2088   1046068    452524     11.48    180340   1078848     13356
22:18:18      2581776   1361524     34.53      2088   1046080    452756     11.48    180340   1079244     13368
22:18:19      2578500   1364800     34.61      2088   1046080    456036     11.56    180340   1082540     13368
22:18:20      2566152   1377148     34.92      2088   1046088    469360     11.90    180340   1095656     13376
22:18:21      2572452   1370848     34.76      2088   1046104    464428     11.78    180340   1089064     13392
22:18:22      2564084   1379216     34.98      2088   1046104    474920     12.04    180340   1097456     10716
22:18:23      2564776   1378524     34.96      2088   1048776    467872     11.86    180340   1095868     13388
22:18:24      2576176   1367124     34.67      2088   1048784    456740     11.58    180340   1084572     13396
22:18:25      2573436   1369864     34.74      2088   1048800    460112     11.67    180340   1088400     13412
22:18:26      2559056   1384244     35.10      2088   1048804    473900     12.02    180340   1101648     13416
22:18:27      2568296   1375004     34.87      2088   1048804    464968     11.79    180340   1092952     10752
22:18:28      2550844   1392456     35.31      2088   1048816    482552     12.24    180340   1107780     10764
22:18:29      2557764   1385536     35.14      2088   1048816    478956     12.15    180340   1105068     10764
22:18:30      2554688   1388612     35.21      2088   1051492    474932     12.04    180340   1106120     13448
22:18:31      2566112   1377188     34.92      2088   1051512    464048     11.77    180340   1094984     13468
22:18:32      2550432   1392868     35.32      2088   1051516    480672     12.19    180340   1111304     13568
22:18:33      2558180   1385120     35.13      2088   1051524    473816     12.02    180340   1103032     13584
22:18:34      2550696   1392604     35.32      2088   1051532    482664     12.24    180340   1109932     13592
22:18:35      2473132   1470168     37.28      2088   1051532    559020     14.18    180340   1189344     13592
22:18:36      2561964   1381336     35.03      2088   1054212    465140     11.80    180340   1098852     16276
22:18:37      2559828   1383472     35.08      2088   1054232    468256     11.87    180340   1101576     13632
22:18:38      2549468   1393832     35.35      2088   1054232    478596     12.14    180340   1111960     13632
22:18:39      2555008   1388292     35.21      2088   1054248    476048     12.07    180340   1107784     13648
22:18:40      2541620   1401680     35.55      2088   1054248    488296     12.38    180340   1120204     13648
22:18:41      2556732   1386568     35.16      2088   1056928    467724     11.86    180340   1104140     16328
22:18:42      2554864   1388436     35.21      2088   1056944    469924     11.92    180340   1106776     13680
22:18:43      2539332   1403968     35.60      2088   1056948    485932     12.32    180340   1121880     13684
22:18:44      2548348   1394952     35.38      2088   1056948    476732     12.09    180340   1112932     13684
22:18:45      2537112   1406188     35.66      2088   1056960    486668     12.34    180340   1122372     13696
22:18:46      2463288   1480012     37.53      2088   1056964    562136     14.26    180340   1199592     13700
22:18:47      2551488   1391812     35.30      2088   1059644    468804     11.89    180340   1109332     13460
22:18:48      2549496   1393804     35.35      2088   1059656    472104     11.97    180340   1112244     13472
22:18:49      2540304   1402996     35.58      2088   1059660    481508     12.21    180340   1120944     13476
22:18:50      2541660   1401640     35.54      2088   1059676    481824     12.22    180340   1119008     13492
22:18:51      2535812   1407488     35.69      2088   1059676    487288     12.36    180344   1124540     13492
22:18:52      2503852   1439448     36.50      2088   1062348    516564     13.10    180340   1157744     16164
22:18:53      2543920   1399380     35.49      2088   1062356    475840     12.07    180340   1117548     16172
22:18:54      2545936   1397364     35.44      2088   1062368    472760     11.99    180340   1114980     16184
22:18:55      2543164   1400136     35.51      2088   1062372    475900     12.07    180340   1118120     16188
22:18:56      2533312   1409988     35.76      2088   1062372    486824     12.35    180340   1128408     16188
22:18:57      2531792   1411508     35.80      2088   1062388    490056     12.43    180340   1129592     13604
22:18:58      2522964   1420336     36.02      2088   1062388    498564     12.64    180340   1137844     13540
22:18:59      2538668   1404632     35.62      2088   1065000    478076     12.12    180340   1121976     16152
22:19:00      2537100   1406200     35.66      2088   1065084    480644     12.19    180340   1124944     16236
22:19:01      2528280   1415020     35.88      2088   1065084    488456     12.39    180340   1132940     16236
22:19:02      2525996   1417304     35.94      2088   1065088    489828     12.42    180340   1134632     16240
22:19:03      2525204   1418096     35.96      2088   1065100    492448     12.49    180340   1135084     13464
22:19:04      2520940   1422360     36.07      2088   1065100    498256     12.64    180340   1140964     13468
22:19:05      2517948   1425352     36.15      2088   1065108    501104     12.71    180340   1143956     13476
22:19:06      2518200   1425100     36.14      2088   1065116    500460     12.69    180340   1145008     13484
22:19:07      2529276   1414024     35.86      2088   1067792    484228     12.28    180340   1132016     16160
22:19:08      2526492   1416808     35.93      2088   1067804    488048     12.38    180340   1135004     13516
22:19:09      2521520   1421780     36.06      2088   1067804    492532     12.49    180340   1140352     13516
22:19:10      2516648   1426652     36.18      2088   1067820    498416     12.64    180340   1144304     13532
22:19:11      2515072   1428228     36.22      2088   1067820    501488     12.72    180340   1147016     13532
22:19:12      2507728   1435572     36.41      2088   1067824    505448     12.82    180340   1151336     13536
22:19:13      2447632   1495668     37.93      2088   1067828    566804     14.37    180340   1213912     10876
22:19:14      2523224   1420076     36.01      2088   1070512    487052     12.35    180340   1137424     13560
22:19:15      2523476   1419824     36.01      2088   1070520    488504     12.39    180340   1138804     13568
22:19:16      2516412   1426888     36.19      2088   1070524    496280     12.59    180340   1145304     13572
22:19:17      2517420   1425880     36.16      2088   1070536    494232     12.53    180340   1144876     13584
22:19:18      2482392   1460908     37.05      2088   1070536    529280     13.42    180340   1179060     10688
22:19:19      2518924   1424376     36.12      2088   1073212    488904     12.40    180340   1141832     13364
22:19:20      2517316   1425984     36.16      2088   1073228    491260     12.46    180340   1144456     13380
22:19:21      2508332   1434968     36.39      2088   1073236    494444     12.54    180340   1147200     13388
22:19:22      2510860   1432440     36.33      2088   1073248    498664     12.65    180340   1150296     13400
22:19:23      2508088   1435212     36.40      2088   1073248    501664     12.72    180340   1153236     10800
22:19:24      2494204   1449096     36.75      2088   1075924    511140     12.96    180340   1166088     13412
22:19:25      2514124   1429176     36.24      2088   1075928    491660     12.47    180340   1146960     13416
22:19:26      2512080   1431220     36.29      2088   1075948    494672     12.54    180340   1149972     13436
22:19:27      2505812   1437488     36.45      2088   1075948    498524     12.64    180340   1153444     13436
22:19:28      2503528   1439772     36.51      2088   1075964    504376     12.79    180340   1157500     13452
22:19:29      2493952   1449348     36.75      2088   1075964    512236     12.99    180340   1167612     13452
22:19:30      2461676   1481624     37.57      2088   1078576    541968     13.74    180340   1199928     16064
22:19:31      2506580   1436720     36.43      2088   1078648    495392     12.56    180340   1154040     16136
22:19:32      2504496   1438804     36.49      2088   1078660    497920     12.63    180340   1156364     16148
22:19:33      2496692   1446608     36.69      2088   1078660    505644     12.82    180340   1164108     13484
22:19:34      2493448   1449852     36.77      2088   1078664    510612     12.95    180340   1168892     13488
22:19:35      2490928   1452372     36.83      2088   1078676    513364     13.02    180340   1170108     13500
22:19:36      2488652   1454648     36.89      2088   1078680    515120     13.06    180340   1172856     13504
22:19:37      2491356   1451944     36.82      2088   1078680    510400     12.94    180340   1169924     13504
22:19:38      2496892   1446408     36.68      2088   1081360    501156     12.71    180340   1163464     13496
22:19:39      2498324   1444976     36.64      2088   1081376    500316     12.69    180340   1162572     13516
22:19:40      2494164   1449136     36.75      2088   1081380    504836     12.80    180340   1166872     13532
22:19:41      2491400   1451900     36.82      2088   1081392    510224     12.94    180340   1169460     13544
22:19:42      2488724   1454576     36.89      2088   1081392    513500     13.02    180340   1172316     13544
22:19:43      2454596   1488704     37.75      2088   1084060    545376     13.83    180340   1206820     16212
22:19:44      2495628   1447672     36.71      2088   1084072    500872     12.70    180340   1164424     16224
22:19:45      2495928   1447372     36.70      2088   1084088    501468     12.72    180340   1165484     16240
22:19:46      2491080   1452220     36.83      2088   1084088    505032     12.81    180340   1169140     16240
22:19:47      2487108   1456192     36.93      2088   1084108    512324     12.99    180340   1174072     16260
22:19:48      2485248   1458052     36.98      2088   1084108    515484     13.07    180340   1177088     16260
22:19:49      2447220   1496080     37.94      2088   1086784    547496     13.88    180340   1213236     13356
22:19:50      2489904   1453396     36.86      2088   1086788    504220     12.79    180340   1170468     13360
22:19:51      2489872   1453428     36.86      2088   1086804    504080     12.78    180340   1170436     13376
22:19:52      2487684   1455616     36.91      2088   1086808    507076     12.86    180340   1173304     13380
22:19:53      2473912   1469388     37.26      2088   1086808    520660     13.20    180340   1186808     13380
22:19:54      2479976   1463324     37.11      2088   1086812    514816     13.06    180340   1181024     13384
22:19:55      2469060   1474240     37.39      2088   1086824    527476     13.38    180340   1191824     13396
22:19:56      2465972   1477328     37.46      2088   1086832    529400     13.43    180340   1193376     13404
22:19:57      2481044   1462256     37.08      2088   1089444    509788     12.93    180340   1178772     16016
22:19:58      2481732   1461568     37.06      2088   1089512    509376     12.92    180340   1178424     16084
22:19:59      2480792   1462508     37.09      2088   1089528    510020     12.93    180340   1179224     13436
22:20:00      2468948   1474352     37.39      2088   1089532    522636     13.25    180340   1191600     13440
22:20:01      2472728   1470572     37.29      2088   1089548    520200     13.19    180340   1187452     13456
22:20:02      2470404   1472896     37.35      2088   1089592    522200     13.24    180472   1190708     13692
22:20:03      2467636   1475664     37.42      2088   1089592    526632     13.36    180472   1193380     13692
22:20:04      2458968   1484332     37.64      2088   1089592    534216     13.55    180472   1200916     11028
22:20:05      2369680   1573620     39.91      2088   1092196    619396     15.71    180472   1290600     13632
22:20:06      2475808   1467492     37.21      2088   1092280    512328     12.99    180472   1184132     13716
22:20:07      2475776   1467524     37.22      2088   1092292    514540     13.05    180472   1186176     13728
22:20:08      2467736   1475564     37.42      2088   1092292    520832     13.21    180472   1192552     13728
22:20:09      2459680   1483620     37.62      2088   1092308    531336     13.47    180472   1201408     11144
22:20:10      2466724   1476576     37.45      2088   1092308    523084     13.27    180472   1194708     11072
22:20:11      2468996   1474304     37.39      2088   1094988    517428     13.12    180472   1191800     13752
22:20:12      2470508   1472792     37.35      2088   1095000    515200     13.07    180472   1189708     13764
22:20:13      2470508   1472792     37.35      2088   1095000    515200     13.07    180472   1189708     13764
22:20:14      2464912   1478388     37.49      2088   1095004    521120     13.22    180472   1195796     11088
22:20:15      2460156   1483144     37.61      2088   1095008    526352     13.35    180472   1200580     11092
22:20:16      2454372   1488928     37.76      2088   1095020    534724     13.56    180472   1207236     11104
22:20:17      2455340   1487960     37.73      2088   1095024    534404     13.55    180472   1206768     11108
22:20:18      2365148   1578152     40.02      2088   1095024    621604     15.76    180472   1295716     11108
22:20:19      2464500   1478800     37.50      2088   1097708    518172     13.14    180472   1195672     13572
22:20:20      2454356   1488944     37.76      2088   1097720    529552     13.43    180472   1206648     13584
22:20:21      2454340   1488960     37.76      2088   1097736    530980     13.47    180472   1206136     13600
22:20:22      2451820   1491480     37.82      2088   1097736    533436     13.53    180472   1208884     13600
22:20:23      2443000   1500300     38.05      2088   1097736    542120     13.75    180472   1218056     13600
22:20:24      2448292   1495008     37.91      2088   1097744    535028     13.57    180472   1212548     10944
22:20:25      2457540   1485760     37.68      2088   1100364    520824     13.21    180472   1202148     13564
22:20:26      2457600   1485700     37.68      2088   1100436    520632     13.20    180472   1202208     13636
22:20:27      2449788   1493512     37.87      2088   1100436    531348     13.47    180472   1210868     13636
22:20:28      2450464   1492836     37.86      2088   1100448    533536     13.53    180472   1211196     13648
22:20:29      2440136   1503164     38.12      2088   1100452    542792     13.76    180472   1220796     13664
22:20:30      2440888   1502412     38.10      2088   1100452    539364     13.68    180472   1219176     11000
22:20:31      2450512   1492788     37.86      2088   1103128    527384     13.37    180472   1210052     13676
22:20:32      2451320   1491980     37.84      2088   1103144    527400     13.37    180472   1210436     13692
22:20:33      2442132   1501168     38.07      2088   1103148    533932     13.54    180472   1216536     13700
22:20:34      2443944   1499356     38.02      2088   1103164    536764     13.61    180472   1217788     13716
22:20:35      2414020   1529280     38.78      2088   1103164    565340     14.34    180472   1247444     13480
22:20:36      2447724   1495576     37.93      2088   1105844    527588     13.38    180472   1212396     16160
22:20:37      2447528   1495772     37.93      2088   1105856    527256     13.37    180472   1212648     16172
22:20:38      2447276   1496024     37.94      2088   1105856    527208     13.37    180472   1212672     16172
22:20:39      2446016   1497284     37.97      2088   1105860    530156     13.44    180472   1215596     16176
22:20:40      2439128   1504172     38.15      2088   1105864    535232     13.57    180472   1221024     13504
22:20:41      2439052   1504248     38.15      2088   1105876    538508     13.66    180472   1222444     13524
22:20:42      2372936   1570364     39.82      2088   1105884    600584     15.23    180472   1285752     13532
22:20:43      2442476   1500824     38.06      2088   1108560    529744     13.43    180472   1217868     16208
22:20:44      2442680   1500620     38.05      2088   1108572    529668     13.43    180472   1217916     16220
22:20:45      2439392   1503908     38.14      2088   1108576    532684     13.51    180472   1220864     13560
22:20:46      2425344   1517956     38.49      2088   1108584    547320     13.88    180472   1234984     13568
22:20:47      2431896   1511404     38.33      2088   1108584    543972     13.79    180472   1229880     13568
22:20:48      2417020   1526280     38.71      2088   1108600    557156     14.13    180472   1244536     13584
22:20:49      2425516   1517784     38.49      2088   1108600    547412     13.88    180472   1235128     13584
22:20:50      2433400   1509900     38.29      2088   1111280    535832     13.59    180472   1226652     13356
22:20:51      2435416   1507884     38.24      2088   1111296    533612     13.53    180472   1224556     13372
22:20:52      2434312   1508988     38.27      2088   1111296    536368     13.60    180472   1226972     13372
22:20:53      2419696   1523604     38.64      2088   1111300    550368     13.96    180472   1240872     13376
22:20:54      2423604   1519696     38.54      2088   1111316    548580     13.91    180472   1237236     13392
22:20:55      2414688   1528612     38.76      2088   1111316    557544     14.14    180472   1246572     10728
22:20:56      2411320   1531980     38.85      2088   1111316    560860     14.22    180472   1249500     10728
22:20:57      2417464   1525836     38.69      2088   1111316    552064     14.00    180472   1243020     10728
22:20:58      2426588   1516712     38.46      2088   1114004    539560     13.68    180472   1233504     13416
22:20:59      2425076   1518224     38.50      2088   1114012    541252     13.73    180472   1235268     13424
22:21:00      2415196   1528104     38.75      2088   1114016    551140     13.98    180472   1244756     13412
22:21:01      2417392   1525908     38.70      2088   1114032    549600     13.94    180472   1241540     13440
22:21:02      2418428   1524872     38.67      2088   1114036    551664     13.99    180472   1243432     13444
22:21:03      2411688   1531612     38.84      2088   1114036    555480     14.09    180472   1248704     13444
22:21:04      2338308   1604992     40.70      2088   1116648    626340     15.88    180472   1321804     16056
22:21:05      2421728   1521572     38.59      2088   1116724    541800     13.74    180472   1238012     13532
22:21:06      2419264   1524036     38.65      2088   1116732    544656     13.81    180472   1240760     13472
22:21:07      2410948   1532352     38.86      2088   1116732    553040     14.02    180472   1248672     13472
22:21:08      2413496   1529804     38.80      2088   1116732    551432     13.98    180472   1247080     13472
22:21:09      2406524   1536776     38.97      2088   1116748    559668     14.19    180472   1254012     13488
22:21:10      2405112   1538188     39.01      2088   1116748    562612     14.27    180472   1256860     13488
22:21:11      2417132   1526168     38.70      2088   1119428    543908     13.79    180472   1243404     13488
22:21:12      2417296   1526004     38.70      2088   1119428    543340     13.78    180472   1243088     13496
22:21:13      2414932   1528368     38.76      2088   1119444    546204     13.85    180472   1245760     13512
22:21:14      2403844   1539456     39.04      2088   1119448    555900     14.10    180472   1255040     13516
22:21:15      2403528   1539772     39.05      2088   1119448    558984     14.18    180472   1257264     13516
22:21:16      2392252   1551048     39.33      2088   1119460    567496     14.39    180472   1264700     10864
22:21:17      2399212   1544088     39.16      2088   1119464    565772     14.35    180472   1262440     10868
22:21:18      2397768   1545532     39.19      2088   1119464    563472     14.29    180472   1261960     10868
22:21:19      2306060   1637240     41.52      2088   1122136    653944     16.58    180472   1355072     13540
22:21:20      2408120   1535180     38.93      2088   1122152    551176     13.98    180472   1252556     13556
22:21:21      2397252   1546048     39.21      2088   1122160    560816     14.22    180472   1262296     10680
22:21:22      2401048   1542252     39.11      2088   1122164    558244     14.16    180472   1259660     10684
22:21:23      2390580   1552720     39.38      2088   1122176    569304     14.44    180472   1268428     10696
22:21:24      2393780   1549520     39.30      2088   1122176    569148     14.43    180472   1268380     10696
22:21:25      2332260   1611040     40.86      2088   1122176    628296     15.93    180472   1329360     10696
22:21:26      2402812   1540488     39.07      2088   1124864    553180     14.03    180472   1257292     13384
22:21:27      2402372   1540928     39.08      2088   1124872    554928     14.07    180472   1259132     13392
22:21:28      2391168   1552132     39.36      2088   1124880    564556     14.32    180472   1268476     13400
22:21:29      2392000   1551300     39.34      2088   1124888    566444     14.36    180472   1268660     13408
22:21:30      2393976   1549324     39.29      2088   1124892    563052     14.28    180472   1266968     13412
22:21:31      2398828   1544472     39.17      2088   1127572    554644     14.07    180472   1261480     13492
22:21:32      2398072   1545228     39.19      2088   1127584    554156     14.05    180472   1261772     13440
22:21:33      2396308   1546992     39.23      2088   1127584    556916     14.12    180472   1264472     13440
22:21:34      2386672   1556628     39.48      2088   1127592    565796     14.35    180472   1272972     13448
22:21:35      2388748   1554552     39.42      2088   1127604    566728     14.37    180472   1271828     13460
22:21:36      2378668   1564632     39.68      2088   1127608    575152     14.59    180472   1280388     10788
22:21:37      2257668   1685632     42.75      2088   1127608    692328     17.56    180472   1398732     10788
22:21:38      2392732   1550568     39.32      2088   1130288    557020     14.13    180472   1267032     13468
22:21:39      2393216   1550084     39.31      2088   1130296    556740     14.12    180472   1266960     13476
22:21:40      2390888   1552412     39.37      2088   1130308    559544     14.19    180472   1269708     13488
22:21:41      2387616   1555684     39.45      2088   1130312    559668     14.19    180472   1269980     10892
22:21:42      2386472   1556828     39.48      2088   1130328    565292     14.34    180472   1274280     10844
22:21:43      2379164   1564136     39.67      2088   1130328    573556     14.55    180472   1282884     10844
22:21:44      2387972   1555328     39.44      2088   1133004    559352     14.18    180472   1271852     13520
22:21:45      2387724   1555576     39.45      2088   1133024    560216     14.21    180472   1272908     13548
22:21:46      2387472   1555828     39.45      2088   1133024    560216     14.21    180472   1273020     13548
22:21:47      2384952   1558348     39.52      2088   1133028    563228     14.28    180472   1276228     13544
22:21:48      2374116   1569184     39.79      2088   1133028    575020     14.58    180472   1287340     13544
22:21:49      2369076   1574224     39.92      2088   1133044    580184     14.71    180472   1291284     13560
22:21:50      2366556   1576744     39.99      2088   1133044    584068     14.81    180472   1295300     13564
22:21:51      2366556   1576744     39.99      2088   1133044    581300     14.74    180472   1294104     13564
22:21:52      2379904   1563396     39.65      2088   1135732    565744     14.35    180472   1281288     13360
22:21:53      2379904   1563396     39.65      2088   1135744    567104     14.38    180472   1282696     13372
22:21:54      2371764   1571536     39.85      2088   1135744    574172     14.56    180472   1288640     13372
22:21:55      2369236   1574064     39.92      2088   1135760    577252     14.64    180472   1291016     13388
22:21:56      2294444   1648856     41.81      2088   1135772    651532     16.52    180472   1367000     13400
22:21:57      2375060   1568240     39.77      2088   1138440    566028     14.35    180472   1285036     13404
22:21:58      2375312   1567988     39.76      2088   1138452    565804     14.35    180472   1285024     13416
22:21:59      2373452   1569848     39.81      2088   1138456    568880     14.43    180472   1287892     13420
22:22:00      2363328   1579972     40.07      2088   1138456    579576     14.70    180472   1297880     13420
22:22:01      2366208   1577092     39.99      2088   1138472    580424     14.72    180472   1296224     13436
22:22:02      2363064   1580236     40.07      2088   1138472    582444     14.77    180472   1298016     10772
22:22:03      2362884   1580416     40.08      2088   1138476    581712     14.75    180472   1298920     10776
22:22:04      2363192   1580108     40.07      2088   1141148    578236     14.66    180472   1298336     13448
22:22:05      2370516   1572784     39.88      2088   1141152    568096     14.41    180472   1289840     13452
22:22:06      2370164   1573136     39.89      2088   1141164    568520     14.42    180472   1290524     13464
22:22:07      2370264   1573036     39.89      2088   1141168    568752     14.42    180472   1290640     13468
22:22:08      2364216   1579084     40.04      2088   1141180    577460     14.64    180472   1296780     13480
22:22:09      2356644   1586656     40.24      2088   1141184    585816     14.86    180472   1304444     13484
22:22:10      2296892   1646408     41.75      2088   1143788    641520     16.27    180472   1363932     16088
22:22:11      2364688   1578612     40.03      2088   1143864    572892     14.53    180472   1296184     16164
22:22:12      2363932   1579368     40.05      2088   1143868    573084     14.53    180472   1296576     13568
22:22:13      2362324   1580976     40.09      2088   1143872    576224     14.61    180472   1299636     13508
22:22:14      2347552   1595748     40.47      2088   1143876    590320     14.97    180472   1312636     13512
22:22:15      2338796   1604504     40.69      2088   1143892    599284     15.20    180472   1319996     13528
22:22:16      2342072   1601228     40.61      2088   1143892    596856     15.14    180472   1318028     13528
22:22:17      2340780   1602520     40.64      2088   1143892    600064     15.22    180472   1320988     10844
22:22:18      2262692   1680608     42.62      2088   1143904    675860     17.14    180472   1398816     10860
22:22:19      2354412   1588888     40.29      2088   1146584    579044     14.68    180472   1305604     13540
22:22:20      2354916   1588384     40.28      2088   1146588    578932     14.68    180472   1305536     13544
22:22:21      2346432   1596868     40.50      2088   1146592    590212     14.97    180472   1313888     13548
22:22:22      2348600   1594700     40.44      2088   1146604    587144     14.89    180472   1312276     10676
22:22:23      2342056   1601244     40.61      2088   1146604    592772     15.03    180472   1318180     10676
22:22:24      2350468   1592832     40.39      2088   1149280    581248     14.74    180472   1309464     13352
22:22:25      2350372   1592928     40.40      2088   1149284    581172     14.74    180472   1309740     13356
22:22:26      2349268   1594032     40.42      2088   1149300    583928     14.81    180472   1312572     13372
22:22:27      2337772   1605528     40.72      2088   1149300    594856     15.09    180472   1323392     10708
22:22:28      2334420   1608880     40.80      2088   1149304    597508     15.15    180472   1325668     10712
22:22:29      2330456   1612844     40.90      2088   1149320    602864     15.29    180472   1329700     10728
22:22:30      2327424   1615876     40.98      2088   1149320    605820     15.36    180472   1332628     10728
22:22:31      2331632   1611668     40.87      2088   1149320    600936     15.24    180472   1329620     10728
22:22:32      2254504   1688796     42.83      2088   1151996    673424     17.08    180472   1405352     13404
22:22:33      2340024   1603276     40.66      2088   1152012    587964     14.91    180472   1319952     13420
22:22:34      2340192   1603108     40.65      2088   1152028    588588     14.93    180472   1319904     13548
22:22:35      2336292   1607008     40.75      2088   1152032    594280     15.07    180472   1323920     13552
22:22:36      2328968   1614332     40.94      2088   1152032    603384     15.30    180472   1332892     13552
22:22:37      2335696   1607604     40.77      2088   1154700    590252     14.97    180472   1324404     16220
22:22:38      2335416   1607884     40.78      2088   1154716    590496     14.97    180472   1324476     13576
22:22:39      2335512   1607788     40.77      2088   1154720    590544     14.98    180472   1324792     13580
22:22:40      2334400   1608900     40.80      2088   1154724    591576     15.00    180472   1325876     13584
22:22:41      2328400   1614900     40.95      2088   1154728    597608     15.16    180472   1331832     13588
22:22:42      2326676   1616624     41.00      2088   1154728    599376     15.20    180472   1333136     13588
22:22:43      2320896   1622404     41.14      2088   1154744    608240     15.42    180472   1340012     10940
22:22:44      2318072   1625228     41.21      2088   1154744    610944     15.49    180472   1342916     10940
22:22:45      2320812   1622488     41.15      2088   1154744    606400     15.38    180472   1340332     10944
22:22:46      2316028   1627272     41.27      2088   1157420    607652     15.41    180472   1344344     13620
22:22:47      2327928   1615372     40.96      2088   1157440    596468     15.13    180472   1333464     13640
22:22:48      2319752   1623548     41.17      2088   1157440    605108     15.35    180472   1341564     13628
22:22:49      2319976   1623324     41.17      2088   1157456    605672     15.36    180472   1340396     13652
22:22:50      2312020   1631280     41.37      2088   1157460    612712     15.54    180472   1347840     13656
22:22:51      2323548   1619752     41.08      2088   1160068    596920     15.14    180472   1336416     16264
22:22:52      2323320   1619980     41.08      2088   1160140    597460     15.15    180472   1337112     16336
22:22:53      2323552   1619748     41.08      2088   1160156    596744     15.13    180472   1336588     13452
22:22:54      2323352   1619948     41.08      2088   1160160    597744     15.16    180472   1337724     13460
22:22:55      2318312   1624988     41.21      2088   1160160    603500     15.30    180472   1342752     13468
22:22:56      2314280   1629020     41.31      2088   1160164    606760     15.39    180472   1346356     13472
22:22:57      2313472   1629828     41.33      2088   1160176    609396     15.45    180472   1347640     13484
22:22:58      2309932   1633368     41.42      2088   1160176    611932     15.52    180472   1350740     10884
22:22:59      2305616   1637684     41.53      2088   1160176    616580     15.64    180472   1355140     10820
22:23:00      2213724   1729576     43.86      2088   1162852    704272     17.86    180472   1447168     13496
22:23:01      2316740   1626560     41.25      2088   1162860    599948     15.21    180472   1343284     13504
22:23:02      2317800   1625500     41.22      2088   1162872    600976     15.24    180472   1344204     13516
22:23:03      2307408   1635892     41.49      2088   1162876    610740     15.49    180472   1352384     10856
22:23:04      2308788   1634512     41.45      2088   1162888    612032     15.52    180472   1351908     10868
22:23:05      2308704   1634596     41.45      2088   1162892    608860     15.44    180472   1351216     10872
22:23:06      2277252   1666048     42.25      2088   1165564    639840     16.23    180472   1384188     13544
22:23:07      2313288   1630012     41.34      2088   1165568    602276     15.27    180472   1347296     13548
22:23:08      2313288   1630012     41.34      2088   1165580    602108     15.27    180472   1347576     10784
22:23:09      2312028   1631272     41.37      2088   1165584    603140     15.30    180472   1348704     10788
22:23:10      2304232   1639068     41.57      2088   1165588    611416     15.51    180472   1356448     10792
22:23:11      2305200   1638100     41.54      2088   1165588    610612     15.48    180472   1355548     10792
22:23:12      2296144   1647156     41.77      2088   1165640    620248     15.73    180472   1364012     10808
22:23:13      2295604   1647696     41.78      2088   1165640    618920     15.70    180472   1364668     10804
22:23:14      2228080   1715220     43.50      2088   1165648    688052     17.45    180472   1433776     10812
22:23:15      2304776   1638524     41.55      2088   1168328    606316     15.38    180472   1355048     13492
22:23:16      2305844   1637456     41.53      2088   1168336    607104     15.40    180472   1355904     13500
22:23:17      2294096   1649204     41.82      2088   1168340    619248     15.70    180472   1366824     13504
22:23:18      2296332   1646968     41.77      2088   1168352    619580     15.71    180472   1365540     13516
22:23:19      2284208   1659092     42.07      2088   1168352    629352     15.96    180472   1374972     10836
22:23:20      2286512   1656788     42.02      2088   1168352    629352     15.96    180472   1374984     10844
22:23:21      2289468   1653832     41.94      2088   1168360    623084     15.80    180472   1370768     10852
22:23:22      2297124   1646176     41.75      2088   1170980    611284     15.50    180472   1362556     13472
22:23:23      2298096   1645204     41.72      2088   1171052    610372     15.48    180472   1361780     13544
22:23:24      2293560   1649740     41.84      2088   1171052    617168     15.65    180472   1367052     10680
22:23:25      2292268   1651032     41.87      2088   1171064    621276     15.76    180472   1369444     10692
22:23:26      2289184   1654116     41.95      2088   1171068    620088     15.73    180472   1370732     10696
22:23:27      2292544   1650756     41.86      2088   1173744    614364     15.58    180472   1367540     13376
22:23:28      2291716   1651584     41.88      2088   1173752    615216     15.60    180472   1368756     13384
22:23:29      2287316   1655984     41.99      2088   1173768    619404     15.71    180472   1372448     13392
22:23:30      2283788   1659512     42.08      2088   1173768    625380     15.86    180472   1378244     13392
22:23:31      2278748   1664552     42.21      2088   1173784    630524     15.99    180472   1381824     13408
22:23:32      2279252   1664048     42.20      2088   1173784    630600     15.99    180472   1381484     13408
22:23:33      2281236   1662064     42.15      2088   1173784    628552     15.94    180472   1380484     13408
22:23:34      2209120   1734180     43.98      2088   1176460    694888     17.62    180472   1450900     13420
22:23:35      2285276   1658024     42.05      2088   1176476    618204     15.68    180472   1374372     13436
22:23:36      2286504   1656796     42.02      2088   1176480    619232     15.70    180472   1375424     13440
22:23:37      2283732   1659568     42.09      2088   1176484    622500     15.79    180472   1376560     13444
22:23:38      2282924   1660376     42.11      2088   1176500    622576     15.79    180472   1376508     13460
22:23:39      2229568   1713732     43.46      2088   1176504    675868     17.14    180472   1431192     10800
22:23:40      2280996   1662304     42.16      2088   1179176    620364     15.73    180472   1378724     13472
22:23:41      2281168   1662132     42.15      2088   1179188    619748     15.72    180472   1378800     13484
22:23:42      2280968   1662332     42.16      2088   1179188    619700     15.72    180472   1378712     13484
22:23:43      2280652   1662648     42.16      2088   1179192    620452     15.73    180472   1379452     13488
22:23:44      2271748   1671552     42.39      2088   1179196    630280     15.98    180472   1388760     13500
22:23:45      2272380   1670920     42.37      2088   1179196    629732     15.97    180472   1388256     13500
22:23:46      2266792   1676508     42.52      2088   1179212    636232     16.13    180472   1393772     13516
22:23:47      2264936   1678364     42.56      2088   1179212    639136     16.21    180472   1396724     13516
22:23:48      2264256   1679044     42.58      2088   1179212    637316     16.16    180472   1396488     13516
22:23:49      2115640   1827660     46.35      2088   1179212    786432     19.94    180472   1545640     10916
22:23:50      2273172   1670128     42.35      2088   1181900    625636     15.87    180472   1388032     13540
22:23:51      2273792   1669508     42.34      2088   1181912    625324     15.86    180472   1387684     13552
22:23:52      2266296   1677004     42.53      2088   1181912    632608     16.04    180472   1392980     13552
22:23:53      2266068   1677232     42.53      2088   1181928    635420     16.11    180472   1394572     13568
22:23:54      2110012   1833288     46.49      2088   1184536    785304     19.91    180472   1549432     13268
22:23:55      2269344   1673956     42.45      2088   1184604    626568     15.89    180472   1391016     13348
22:23:56      2269092   1674208     42.46      2088   1184608    626676     15.89    180472   1391228     13352
22:23:57      2269092   1674208     42.46      2088   1184620    626636     15.89    180472   1391116     13364
22:23:58      2269432   1673868     42.45      2088   1184624    627384     15.91    180472   1391836     13368
22:23:59      2259616   1683684     42.70      2088   1184640    637948     16.18    180472   1399892     13384
22:24:00      2255224   1688076     42.81      2088   1184640    644732     16.35    180472   1405032     10716
22:24:01      2254712   1688588     42.82      2088   1184640    643564     16.32    180472   1405448     10716
22:24:02      2245136   1698164     43.06      2088   1184640    649864     16.48    180472   1413156     10716
22:24:03      2228484   1714816     43.49      2088   1187320    666408     16.90    180472   1432804     13396
22:24:04      2264376   1678924     42.58      2088   1187320    628684     15.94    180472   1395904     13396
22:24:05      2263676   1679624     42.59      2088   1187340    629684     15.97    180472   1396820     10752
22:24:06      2260696   1682604     42.67      2088   1187340    632236     16.03    180472   1398616     10752
22:24:07      2252940   1690360     42.87      2088   1187356    643380     16.32    180472   1407784     10768
22:24:08      2255260   1688040     42.81      2088   1187356    639276     16.21    180472   1405380     10768
22:24:09      2238084   1705216     43.24      2088   1187364    656480     16.65    180472   1422532     10776
22:24:10      2106580   1836720     46.58      2088   1190036    784624     19.90    180472   1553488     10784
22:24:11      2259044   1684256     42.71      2088   1190036    631152     16.01    180472   1400548     10784
22:24:12      2260556   1682744     42.67      2088   1190056    629672     15.97    180472   1399388     10804
22:24:13      2259704   1683596     42.70      2088   1190056    631008     16.00    180472   1400632     10804
22:24:14      2252240   1691060     42.88      2088   1190060    638948     16.20    180472   1408328     10808
22:24:15      2247704   1695596     43.00      2088   1190064    644260     16.34    180472   1413388     10816
22:24:16      2237120   1706180     43.27      2088   1190076    656832     16.66    180472   1423808     10828
22:24:17      2247440   1695860     43.01      2088   1190076    643676     16.32    180472   1413384     10828
22:24:18      2241152   1702148     43.17      2088   1190076    651596     16.52    180472   1419668     10828
22:24:19      2245680   1697620     43.05      2088   1190080    645152     16.36    180472   1415096     10832
22:24:20      2253152   1690148     42.86      2088   1192764    633824     16.07    180472   1406632     10852
22:24:21      2253656   1689644     42.85      2088   1192772    634736     16.10    180472   1407584     10860
22:24:22      2245176   1698124     43.06      2088   1192776    644036     16.33    180472   1416124     10864
22:24:23      2245136   1698164     43.06      2088   1192776    644780     16.35    180472   1415544     10864
22:24:24      2238104   1705196     43.24      2088   1192788    651848     16.53    180472   1422644     10876
22:24:25      2234968   1708332     43.32      2088   1192792    655056     16.61    180472   1425588      8028
22:24:26      2230268   1713032     43.44      2088   1195400    655100     16.61    180472   1430680     10628
22:24:27      2242300   1701000     43.14      2088   1195472    641924     16.28    180472   1417720     10700
22:24:28      2246552   1696748     43.03      2088   1195484    638304     16.19    180472   1414088     10712
22:24:29      2232788   1710512     43.38      2088   1195488    653400     16.57    180472   1428192     10716
22:24:30      2239340   1703960     43.21      2088   1195504    649376     16.47    180472   1422336     10732
22:24:31      2237576   1705724     43.26      2088   1195504    650576     16.50    180472   1423924     10732
22:24:32      2227188   1716112     43.52      2088   1195504    659724     16.73    180472   1432884     10732
22:24:33      2204228   1739072     44.10      2088   1198116    677552     17.18    180472   1455240     13344
22:24:34      2240940   1702360     43.17      2088   1198188    641400     16.27    180472   1419164     13416
22:24:35      2241096   1702204     43.17      2088   1198200    641432     16.27    180472   1419280     10764
22:24:36      2229308   1713992     43.47      2088   1198204    653308     16.57    180472   1430860     10768
22:24:37      2231944   1711356     43.40      2088   1198204    650384     16.49    180472   1427664     10768
22:24:38      2229360   1713940     43.46      2088   1198216    655532     16.62    180472   1430744     10780
22:24:39      2214636   1728664     43.84      2088   1198220    669976     16.99    180472   1445620     10784
22:24:40      2166000   1777300     45.07      2088   1198220    718240     18.21    180472   1495532      8184
22:24:41      2232720   1710580     43.38      2088   1200908    647048     16.41    180472   1427272     10808
22:24:42      2235064   1708236     43.32      2088   1200920    645284     16.36    180472   1425812     10820
22:24:43      2223164   1720136     43.62      2088   1200924    657052     16.66    180472   1437412     10824
22:24:44      2223648   1719652     43.61      2088   1200936    658752     16.71    180472   1437052     10952
22:24:45      2219416   1723884     43.72      2088   1200940    663964     16.84    180472   1441564     10956
22:24:46      2214564   1728736     43.84      2088   1200940    668356     16.95    180472   1446576     10944
22:24:47      2175292   1768008     44.84      2088   1203552    702732     17.82    180472   1485596     13556
22:24:48      2229236   1714064     43.47      2088   1203628    647804     16.43    180472   1431008     13644
22:24:49      2227180   1716120     43.52      2088   1203636    649200     16.46    180472   1432260     13652
22:24:50      2219352   1723948     43.72      2088   1203644    657588     16.68    180472   1440772     13660
22:24:51      2211100   1732200     43.93      2088   1203656    666432     16.90    180472   1448212     11008
22:24:52      2215856   1727444     43.81      2088   1203656    663624     16.83    180472   1445536     11008
22:24:53      2044732   1898568     48.15      2088   1206264    827428     20.98    180472   1613924     13616
22:24:54      2225168   1718132     43.57      2088   1206336    649656     16.47    180472   1435652     13688
22:24:55      2224668   1718632     43.58      2088   1206344    649484     16.47    180472   1435708     13696
22:24:56      2224156   1719144     43.60      2088   1206348    650512     16.50    180472   1436672     13452
22:24:57      2209996   1733304     43.96      2088   1206348    665100     16.87    180472   1450224     13460
22:24:58      2215588   1727712     43.81      2088   1206364    662136     16.79    180472   1445656     13476
22:24:59      2204260   1739040     44.10      2088   1206368    670608     17.01    180472   1454968     13480
22:25:00      2200720   1742580     44.19      2088   1206376    671396     17.03    180472   1457328     13488
22:25:01      2104700   1838600     46.63      2088   1209048    766484     19.44    180472   1555820     13560
22:25:02      2218856   1724444     43.73      2088   1209060    651068     16.51    180472   1440872     13508
22:25:03      2218352   1724948     43.74      2088   1209076    652672     16.55    180472   1442236     13524
22:25:04      2205192   1738108     44.08      2088   1209080    666416     16.90    180472   1454980     13528
22:25:05      2210756   1732544     43.94      2088   1209092    663288     16.82    180472   1449820     13540
22:25:06      2199316   1743984     44.23      2088   1209092    672164     17.05    180472   1459592     10876
22:25:07      2203616   1739684     44.12      2088   1209092    666856     16.91    180472   1455892     10876
22:25:08      2195932   1747368     44.31      2088   1211704    672972     17.07    180472   1464716     13488
22:25:09      2209856   1733444     43.96      2088   1211780    658340     16.70    180472   1450252     13564
22:25:10      2211556   1731744     43.92      2088   1211788    657628     16.68    180472   1449172     13572
22:25:11      2204336   1738964     44.10      2088   1211788    662780     16.81    180472   1454316     10972
22:25:12      2206032   1737268     44.06      2088   1211792    664292     16.85    180472   1454792     10912
22:25:13      2199208   1744092     44.23      2088   1211808    672468     17.05    180472   1461380     10928
22:25:14      2190352   1752948     44.45      2088   1211808    678164     17.20    180472   1467696     10928
22:25:15      2062372   1880928     47.70      2088   1211808    807952     20.49    180472   1598776     10928
22:25:16      2204996   1738304     44.08      2088   1214492    660144     16.74    180472   1454288     13496
22:25:17      2205940   1737360     44.06      2088   1214504    661244     16.77    180472   1455248     13508
22:25:18      2198420   1744880     44.25      2088   1214512    665840     16.89    180472   1459544     13516
22:25:19      2200744   1742556     44.19      2088   1214524    668508     16.95    180472   1460384     13528
22:25:20      2194156   1749144     44.36      2088   1214524    670840     17.01    180472   1465272     13528
22:25:21      2099652   1843648     46.75      2088   1217136    764772     19.39    180472   1561504     13540
22:25:22      2201680   1741620     44.17      2088   1217204    660172     16.74    180472   1458156     13524
22:25:23      2201964   1741336     44.16      2088   1217216    659776     16.73    180472   1457784     13536
22:25:24      2201964   1741336     44.16      2088   1217216    660020     16.74    180472   1457852     13536
22:25:25      2200576   1742724     44.19      2088   1217220    662520     16.80    180472   1460376     13540
22:25:26      2194596   1748704     44.35      2088   1217224    669244     16.97    180472   1465760     13544
22:25:27      2191632   1751668     44.42      2088   1217236    674496     17.10    180472   1469052     10660
22:25:28      2186636   1756664     44.55      2088   1217240    676832     17.16    180472   1472848     10672
22:25:29      2140524   1802776     45.72      2088   1219852    722396     18.32    180472   1520572     13284
22:25:30      2190672   1752628     44.45      2088   1219916    669316     16.97    180472   1468916     13348
22:25:31      2194200   1749100     44.36      2088   1219932    665668     16.88    180472   1465352     13364
22:25:32      2193656   1749644     44.37      2088   1219932    668120     16.94    180472   1467552     10764
22:25:33      2180592   1762708     44.70      2088   1219936    680756     17.26    180472   1479552     10708
22:25:34      2183544   1759756     44.63      2088   1219936    677748     17.19    180472   1477068     10708
22:25:35      2176188   1767112     44.81      2088   1219952    686372     17.41    180472   1484036     10724
22:25:36      2170704   1772596     44.95      2088   1219952    691796     17.54    180472   1489416     10724
22:25:37      2171072   1772228     44.94      2088   1219952    691560     17.54    180472   1489412     10736
22:25:38      2056260   1887040     47.85      2088   1219952    805024     20.41    180472   1604288     10736
22:25:39      2187704   1755596     44.52      2088   1222640    669284     16.97    180472   1471740     13424
22:25:40      2187852   1755448     44.52      2088   1222648    671112     17.02    180472   1473524     13432
22:25:41      2170716   1772584     44.95      2088   1222652    688124     17.45    180472   1490208     13436
22:25:42      2175476   1767824     44.83      2088   1222664    683904     17.34    180472   1484140     10784
22:25:43      2171660   1771640     44.93      2088   1222668    689580     17.49    180472   1489940     10788
22:25:44      2167112   1776188     45.04      2088   1222668    692728     17.57    180472   1492796     10788
22:25:45      2131496   1811804     45.95      2088   1225280    722708     18.33    180472   1527584     13400
22:25:46      2181292   1762008     44.68      2088   1225356    673116     17.07    180472   1478336     13476
22:25:47      2181792   1761508     44.67      2088   1225360    672524     17.05    180472   1477840     10880
22:25:48      2180944   1762356     44.69      2088   1225368    674768     17.11    180472   1480152     10824
22:25:49      2173032   1770268     44.89      2088   1225380    683112     17.32    180472   1486428     10836
22:25:50      2170204   1773096     44.96      2088   1225380    685528     17.38    180472   1490560     10836
22:25:51      2125096   1818204     46.11      2088   1225384    731832     18.56    180472   1536708     10840
22:25:52      2177756   1765544     44.77      2088   1228064    674000     17.09    180472   1481956     10920
22:25:53      2176812   1766488     44.80      2088   1228068    674828     17.11    180472   1482628     10860
22:25:54      2177000   1766300     44.79      2088   1228084    674432     17.10    180472   1482332     10876
22:25:55      2175928   1767372     44.82      2088   1228088    677316     17.18    180472   1485232     10880
22:25:56      2169152   1774148     44.99      2088   1228088    683928     17.34    180472   1491284     10880
22:25:57      2155548   1787752     45.34      2088   1228104    700064     17.75    180472   1505272     10700
22:25:58      2160564   1782736     45.21      2088   1228104    694900     17.62    180472   1500256     10692
22:25:59      2159840   1783460     45.23      2088   1228108    694592     17.61    180472   1500440     10696
22:26:00      2138484   1804816     45.77      2088   1228108    715804     18.15    180472   1522468     10696
22:26:01      2045236   1898064     48.13      2088   1230780    804904     20.41    180472   1614740     13368
22:26:02      2169724   1773576     44.98      2088   1230792    679684     17.24    180472   1489924     10736
22:26:03      2169724   1773576     44.98      2088   1230800    679480     17.23    180472   1489760     10712
22:26:04      2164432   1778868     45.11      2088   1230800    685244     17.38    180472   1495260     10712
22:26:05      2163424   1779876     45.14      2088   1230812    689372     17.48    180472   1497724     10724
22:26:06      2157052   1786248     45.30      2088   1230816    692440     17.56    180472   1502468     10728
22:26:07      2044416   1898884     48.15      2088   1233488    800796     20.31    180472   1614552     13400
22:26:08      2163416   1779884     45.14      2088   1233488    681876     17.29    180472   1496148     13400
22:26:09      2163416   1779884     45.14      2088   1233504    681748     17.29    180472   1496112     13416
22:26:10      2160288   1783012     45.22      2088   1233508    685884     17.39    180472   1499824     13420
22:26:11      2157064   1786236     45.30      2088   1233524    690972     17.52    180472   1502788     13436
22:26:12      2153588   1789712     45.39      2088   1233524    694704     17.62    180472   1506144     13436
22:26:13      1966100   1977200     50.14      2088   1233528    881304     22.35    180472   1694136     10776
22:26:14      2159072   1784228     45.25      2088   1236204    684792     17.37    180472   1500432     13452
22:26:15      2159132   1784168     45.25      2088   1236216    684224     17.35    180472   1500696     13464
22:26:16      2159132   1784168     45.25      2088   1236216    684224     17.35    180472   1500696     13464
22:26:17      2156920   1786380     45.30      2088   1236220    686920     17.42    180472   1503332     13468
22:26:18      2154720   1788580     45.36      2088   1236220    688844     17.47    180472   1505228     10804
22:26:19      2153808   1789492     45.38      2088   1236224    691208     17.53    180472   1506656     10808
22:26:20      2149680   1793620     45.49      2088   1236236    696604     17.67    180472   1510304     10820
22:26:21      2142132   1801168     45.68      2088   1236240    701108     17.78    180472   1516960     10824
22:26:22      2072632   1870668     47.44      2088   1238848    769508     19.51    180472   1587756     13432
22:26:23      2153272   1790028     45.39      2088   1238916    687188     17.43    180472   1506144     10836
22:26:24      2153272   1790028     45.39      2088   1238928    687012     17.42    180472   1506216     10848
22:26:25      2153020   1790280     45.40      2088   1238932    687140     17.43    180472   1506308     10852
22:26:26      2151980   1791320     45.43      2088   1238932    690152     17.50    180472   1509256     10852
22:26:27      2147652   1795648     45.54      2088   1238936    691116     17.53    180472   1509616     10856
22:26:28      2144420   1798880     45.62      2088   1238952    697908     17.70    180472   1514376     10772
22:26:29      2140168   1803132     45.73      2088   1238952    700060     17.75    180472   1518812     10680
22:26:30      2093036   1850264     46.92      2088   1241628    745736     18.91    180472   1567488     13356
22:26:31      2146208   1797092     45.57      2088   1241636    690848     17.52    180472   1513072     13364
22:26:32      2146460   1796840     45.57      2088   1241648    690628     17.51    180472   1512628     13376
22:26:33      2145104   1798196     45.60      2088   1241652    693836     17.60    180472   1515816     10708
22:26:34      2135600   1807700     45.84      2088   1241652    702112     17.81    180472   1523356     10712
22:26:35      2138560   1804740     45.77      2088   1241668    700784     17.77    180472   1521888     10728
22:26:36      2138664   1804636     45.76      2088   1241668    701224     17.78    180472   1521824     10728
22:26:37      2010368   1932932     49.02      2088   1244344    827128     20.98    180472   1650164     13404
22:26:38      2139696   1803604     45.74      2088   1244344    695392     17.63    180472   1519352     10728
22:26:39      2140108   1803192     45.73      2088   1244348    694884     17.62    180472   1519092     10732
22:26:40      2138184   1805116     45.78      2088   1244364    698272     17.71    180472   1522120     10760
22:26:41      2124828   1818472     46.12      2088   1244364    712140     18.06    180472   1535524     10760
22:26:42      2131380   1811920     45.95      2088   1244380    707832     17.95    180472   1529760     10776
22:26:43      2112716   1830584     46.42      2088   1244380    725224     18.39    180472   1546696     10776
22:26:44      1956476   1986824     50.38      2088   1244384    880988     22.34    180472   1704392     10780
22:26:45      2131008   1812292     45.96      2088   1247064    701648     17.79    180472   1528352     13460
22:26:46      2132588   1810712     45.92      2088   1247064    699240     17.73    180472   1526544     13460
22:26:47      2132616   1810684     45.92      2088   1247080    699240     17.73    180472   1526340     13476
22:26:48      2131332   1811968     45.95      2088   1247084    702044     17.80    180472   1528912     10980
22:26:49      2124528   1818772     46.12      2088   1247100    710444     18.02    180472   1535372     10948
22:26:50      2129544   1813756     46.00      2088   1247100    703688     17.85    180472   1530588     10948
22:26:51      2077344   1865956     47.32      2088   1247104    756520     19.18    180472   1583048     10952
22:26:52      2076060   1867240     47.35      2088   1249776    753812     19.12    180472   1583408     13624
22:26:53      2127788   1815512     46.04      2088   1249792    701728     17.80    180472   1531872     13640
22:26:54      2127788   1815512     46.04      2088   1249792    701696     17.79    180472   1531988     10976
22:26:55      2121740   1821560     46.19      2088   1249796    708236     17.96    180472   1538272     10980
22:26:56      2119472   1823828     46.25      2088   1249812    712564     18.07    180472   1539988     10996
22:26:57      2112100   1831200     46.44      2088   1249812    719448     18.24    180472   1546840     10996
22:26:58      1955664   1987636     50.41      2088   1249812    876516     22.23    180472   1705688     10996
22:26:59      2123524   1819776     46.15      2088   1252492    703900     17.85    180472   1535820     13468
22:27:00      2122732   1820568     46.17      2088   1252508    704580     17.87    180472   1537064     13484
22:27:01      2122732   1820568     46.17      2088   1252508    704580     17.87    180472   1537064     13484
22:27:02      2122732   1820568     46.17      2088   1252508    704580     17.87    180472   1537064     13484
22:27:03      2119772   1823528     46.24      2088   1252508    707596     17.94    180472   1540108     13484
22:27:04      2114732   1828568     46.37      2088   1252512    714204     18.11    180472   1545756     10816
22:27:05      2115392   1827908     46.35      2088   1252512    712180     18.06    180472   1543816     10820
22:27:06      2109388   1833912     46.51      2088   1252524    720252     18.27    180472   1550180     10832
22:27:07      2110952   1832348     46.47      2088   1252528    719156     18.24    180472   1550780     10836
22:27:08      2117532   1825768     46.30      2088   1255144    707360     17.94    180472   1541676     13452
22:27:09      2116436   1826864     46.33      2088   1255212    707828     17.95    180472   1542928     10920
22:27:10      2116740   1826560     46.32      2088   1255224    707700     17.95    180472   1542812     10868
22:27:11      2114976   1828324     46.37      2088   1255224    710436     18.02    180472   1545480     10868
22:27:12      2102064   1841236     46.69      2088   1255228    722404     18.32    180472   1557400     10872
22:27:13      2109180   1834120     46.51      2088   1255244    718624     18.22    180472   1551832     10888
22:27:14      2109608   1833692     46.50      2088   1255252    716052     18.16    180472   1550844     10884
22:27:15      2062780   1880520     47.69      2088   1257920    759424     19.26    180472   1597468     13552
22:27:16      2112464   1830836     46.43      2088   1257920    708992     17.98    180472   1547108     13552
22:27:17      2111668   1831632     46.45      2088   1257936    709640     18.00    180472   1547992     13568
22:27:18      2109848   1833452     46.50      2088   1257936    712688     18.07    180472   1550692     13568
22:27:19      2104568   1838732     46.63      2088   1257940    717732     18.20    180472   1555340     10792
22:27:20      2102580   1840720     46.68      2088   1257956    722168     18.31    180472   1557388     10808
22:27:21      2093740   1849560     46.90      2088   1257956    730472     18.52    180472   1565736     10808
22:27:22      1980644   1962656     49.77      2088   1257956    843692     21.40    180472   1680412     10808
22:27:23      2086348   1856952     47.09      2088   1260632    732992     18.59    180472   1573140     13484
22:27:24      2102164   1841136     46.69      2088   1260636    717184     18.19    180472   1557528     10888
22:27:25      2104368   1838932     46.63      2088   1260648    714748     18.13    180472   1555148     10836
22:27:26      2103360   1839940     46.66      2088   1260652    717184     18.19    180472   1557660     10840
22:27:27      2098048   1845252     46.79      2088   1260656    720980     18.28    180472   1561156     10844
22:27:28      2091012   1852288     46.97      2088   1260668    731512     18.55    180472   1569576     10856
22:27:29      1985904   1957396     49.64      2088   1260672    835544     21.19    180472   1675044      8012
22:27:30      2069552   1873748     47.52      2088   1263344    748880     18.99    180476   1590708     10688
