Linux 5.10.234-225.910.amzn2.x86_64 (ip-10-0-140-163.us-west-2.compute.internal) 	03/25/25 	_x86_64_	(2 CPU)

22:13:13    kbmemfree kbmemused  %memused kbbuffers  kbcached  kbcommit   %commit  kbactive   kbinact   kbdirty
22:13:14      2809704   1133596     28.75      2088    900960    374580      9.50    179716    856720    172696
22:13:15      2697552   1245748     31.59      2088    905652    516936     13.11    179804    968412    165352
22:13:16      2694356   1248944     31.67      2088    913928    464436     11.78    179848    970100    173592
22:13:17      2611640   1331660     33.77      2088    913928    547088     13.87    179844   1052844    173628
22:13:18      2650508   1292792     32.78      2088    913928    509708     12.93    179844   1015176    175052
22:13:19      2649500   1293800     32.81      2088    913928    510476     12.95    179844   1016012    175052
22:13:20      2648240   1295060     32.84      2088    913928    511720     12.98    179844   1017120    172652
22:13:21      2645812   1297488     32.90      2088    914084    518460     13.15    180092   1018724    172572
22:13:22      2882932   1060368     26.89      2088    914048    277484      7.04    180248    783108    172984
22:13:23      2866724   1076576     27.30      2088    914048    296824      7.53    180248    800032    172984
22:13:24      2850584   1092716     27.71      2088    914076    315452      8.00    180248    816076    173012
22:13:25      2820816   1122484     28.47      2088    914076    344960      8.75    180248    845712    173012
22:13:26      2804492   1138808     28.88      2088    914084    361228      9.16    180248    861856    173016
22:13:27      2799916   1143384     29.00      2088    914096    366592      9.30    180248    866848    173028
22:13:28      2789244   1154056     29.27      2088    914104    376364      9.54    180248    878916    173036
22:13:29      2784068   1159232     29.40      2088    914108    379256      9.62    180248    882572    173040
22:13:30      2801592   1141708     28.95      2088    914128    360552      9.14    180248    863916    172400
22:13:31      2820984   1122316     28.46      2088    914144    341188      8.65    180248    844572    172416
22:13:32      2861096   1082204     27.44      2088    917700    299428      7.59    180248    804680    175972
22:13:33      2852056   1091244     27.67      2088    917760    310248      7.87    180248    814420    176060
22:13:34      2850584   1092716     27.71      2088    917776    313340      7.95    180248    816792    176076
22:13:35      2844324   1098976     27.87      2088    917780    316396      8.02    180248    820092    126912
22:13:36      2831872   1111428     28.19      2088    917788    329280      8.35    180248    832668    100916
22:13:37      2838496   1104804     28.02      2088    920464    319716      8.11    180248    825200    103596
22:13:38      2851088   1092212     27.70      2088    920492    304252      7.72    180248    811016    103624
22:13:39      2846712   1096588     27.81      2088    920492    309792      7.86    180248    816172    103624
22:13:40      2827832   1115468     28.29      2088    920508    329960      8.37    180248    835592    103640
22:13:41      2815888   1127412     28.59      2088    920520    340536      8.64    180248    845268     24380
22:13:42      2811608   1131692     28.70      2088    920520    338540      8.59    180248    844740     24380
22:13:43      2802312   1140988     28.93      2088    920536    353072      8.95    180248    857908     24396
22:13:44      2796748   1146552     29.08      2088    920548    359356      9.11    180248    864276     24408
22:13:45      2784376   1158924     29.39      2088    920548    370992      9.41    180248    875992     24408
22:13:46      2788792   1154508     29.28      2088    920552    365364      9.27    180248    871224      8212
22:13:47      2838292   1105008     28.02      2088    923264    312652      7.93    180336    821400     10828
22:13:48      2832624   1110676     28.17      2088    923264    318320      8.07    180336    827300     10828
22:13:49      2824216   1119084     28.38      2088    923288    328056      8.32    180336    835880     10852
22:13:50      2822128   1121172     28.43      2088    923288    329904      8.37    180336    836928     10852
22:13:51      2819680   1123620     28.49      2088    923288    329780      8.36    180336    839088      9448
22:13:52      2806668   1136632     28.82      2088    923296    346368      8.78    180336    853916      9412
22:13:53      2808020   1135280     28.79      2088    925980    341868      8.67    180336    852156     12108
22:13:54      2831048   1112252     28.21      2088    926008    317736      8.06    180336    829208     12136
22:13:55      2825044   1118256     28.36      2088    926012    323492      8.20    180336    834668     12140
22:13:56      2810724   1132576     28.72      2088    926020    339764      8.62    180336    851516     11712
22:13:57      2809448   1133852     28.75      2088    926032    342904      8.70    180336    852640     11724
22:13:58      2802476   1140824     28.93      2088    926032    336152      8.52    180336    848004     11724
22:13:59      2823064   1120236     28.41      2088    926064    324660      8.23    180336    837480     11756
22:14:00      2819136   1124164     28.51      2088    926068    330168      8.37    180336    842172     11760
22:14:01      2809208   1134092     28.76      2088    926072    340104      8.62    180336    852148     11764
22:14:02      2813748   1129552     28.64      2088    926076    334356      8.48    180336    846256     11768
22:14:03      2824888   1118412     28.36      2088    928764    321424      8.15    180336    835604     14456
22:14:04      2825384   1117916     28.35      2088    928772    321132      8.14    180336    835472     14464
22:14:05      2824504   1118796     28.37      2088    928780    322144      8.17    180336    836488     14472
22:14:06      2818488   1124812     28.52      2088    928796    329272      8.35    180336    841852     14488
22:14:07      2819224   1124076     28.51      2088    928800    329720      8.36    180336    842052     10940
22:14:08      2804096   1139204     28.89      2088    928804    343176      8.70    180336    856524     10944
22:14:09      2797460   1145840     29.06      2088    928812    351124      8.90    180336    864292     10952
22:14:10      2781528   1161772     29.46      2088    928812    366272      9.29    180336    880256     10952
22:14:11      2817864   1125436     28.54      2088    931804    324636      8.23    180336    842516     13944
22:14:12      2803392   1139908     28.91      2088    931808    340340      8.63    180336    857488     11348
22:14:13      2794420   1148880     29.13      2088    931832    347792      8.82    180336    865292     11304
22:14:14      2785600   1157700     29.36      2088    931840    361464      9.17    180336    877640     11312
22:14:15      2771996   1171304     29.70      2088    931840    373876      9.48    180336    890072     11312
22:14:16      2774256   1169044     29.65      2088    931844    371180      9.41    180336    887196     11316
22:14:17      2775268   1168032     29.62      2088    931860    371208      9.41    180336    887548     10972
22:14:18      2808780   1134520     28.77      2088    934464    331260      8.40    180336    851684     13584
22:14:19      2802664   1140636     28.93      2088    934564    336980      8.55    180336    857220     13684
22:14:20      2796464   1146836     29.08      2088    934580    345912      8.77    180336    864908     13700
22:14:21      2778096   1165204     29.55      2088    934592    363976      9.23    180336    882856     13712
22:14:22      2767260   1176040     29.82      2088    934600    375208      9.52    180336    893336     11056
22:14:23      2758392   1184908     30.05      2088    934604    385600      9.78    180336    904552     11060
22:14:24      2768904   1174396     29.78      2088    934604    373244      9.47    180336    892764     11060
22:14:25      2787216   1156084     29.32      2088    934644    353040      8.95    180336    873388     11100
22:14:26      2803572   1139728     28.90      2088    937336    335324      8.50    180336    858412     13792
22:14:27      2803004   1140296     28.92      2088    937336    335484      8.51    180336    858912     11192
22:14:28      2801752   1141548     28.95      2088    937352    334736      8.49    180336    857356     11128
22:14:29      2790180   1153120     29.24      2088    937368    347760      8.82    180336    871072     11144
22:14:30      2787860   1155440     29.30      2088    937372    351280      8.91    180336    872812     11148
22:14:31      2766700   1176600     29.84      2088    939972    368640      9.35    180336    894188     13748
22:14:32      2795736   1147564     29.10      2088    940068    338444      8.58    180336    864652     13844
22:14:33      2789772   1153528     29.25      2088    940068    344856      8.75    180336    870000     13844
22:14:34      2779292   1164008     29.52      2088    940076    357076      9.06    180336    880404     13852
22:14:35      2778096   1165204     29.55      2088    940092    361016      9.16    180336    884484     13868
22:14:36      2771048   1172252     29.73      2088    940092    365048      9.26    180336    890688     13868
22:14:37      2770692   1172608     29.74      2088    940092    364900      9.25    180336    890716     11204
22:14:38      2771528   1171772     29.72      2088    940124    367228      9.31    180336    891796     11236
22:14:39      2791900   1151400     29.20      2088    943104    339892      8.62    180336    868720     14216
22:14:40      2785548   1157752     29.36      2088    943116    347404      8.81    180336    876224     14228
22:14:41      2785632   1157668     29.36      2088    943120    346228      8.78    180336    875064     14232
22:14:42      2783312   1159988     29.42      2088    945812    344580      8.74    180336    876568     13976
22:14:43      2782500   1160800     29.44      2088    945812    345404      8.76    180336    876976     13976
22:14:44      2781632   1161668     29.46      2088    945828    347600      8.81    180336    879488     14100
22:14:45      2763416   1179884     29.92      2088    948440    361252      9.16    180336    896108     16712
22:14:46      2781364   1161936     29.47      2088    948524    344536      8.74    180336    879728     16796
22:14:47      2780340   1162960     29.49      2088    948528    348916      8.85    180336    880364     16800
22:14:48      2771656   1171644     29.71      2088    948540    362196      9.19    180336    891260     16408
22:14:49      2775952   1167348     29.60      2088    948544    353996      8.98    180336    885180     16420
22:14:50      2778616   1164684     29.54      2088    951236    347244      8.81    180336    881736     19112
22:14:51      2773800   1169500     29.66      2088    951236    354220      8.98    180336    888828     19112
22:14:52      2772996   1170304     29.68      2088    951256    356020      9.03    180336    888596     19132
22:14:53      2768712   1174588     29.79      2088    951260    360288      9.14    180336    893540     16472
22:14:54      2773312   1169988     29.67      2088    953864    350184      8.88    180336    886876     19076
22:14:55      2768496   1174804     29.79      2088    953952    356648      9.04    180336    893656     19164
22:14:56      2764732   1178568     29.89      2088    953976    361824      9.18    180336    897532     19188
22:14:57      2761896   1181404     29.96      2088    953976    365072      9.26    180336    900620     19188
22:14:58      2768504   1174796     29.79      2088    956672    351736      8.92    180336    892500     19220
22:14:59      2768440   1174860     29.79      2088    956672    352924      8.95    180336    893500     19220
22:15:00      2762456   1180844     29.95      2088    956676    360240      9.14    180336    899260     19224
22:15:01      2759380   1183920     30.02      2088    956692    363964      9.23    180336    901684     19240
22:15:02      2754368   1188932     30.15      2088    956696    367628      9.32    180336    905360     19244
22:15:03      2755572   1187728     30.12      2088    956696    365344      9.26    180336    904628     16644
22:15:04      2759244   1184056     30.03      2088    956696    362772      9.20    180336    901800     16580
22:15:05      2759868   1183432     30.01      2088    959384    358620      9.09    180336    900600     19268
22:15:06      2755028   1188272     30.13      2088    959396    362440      9.19    180336    904800     19280
22:15:07      2751088   1192212     30.23      2088    959408    368752      9.35    180336    908920     19292
22:15:08      2748840   1194460     30.29      2088    959412    371868      9.43    180336    912020     19296
22:15:09      2757840   1185460     30.06      2088    962092    358084      9.08    180336    903168     21976
22:15:10      2751164   1192136     30.23      2088    962092    365784      9.28    180336    909984     21976
22:15:11      2742028   1201272     30.46      2088    962124    379084      9.61    180336    921344     22008
22:15:12      2740768   1202532     30.50      2088    962124    377512      9.57    180336    921444     22008
22:15:13      2748012   1195288     30.31      2088    962128    368080      9.33    180336    913004     16376
22:15:14      2750240   1193060     30.26      2088    964812    362872      9.20    180336    910400     19060
22:15:15      2748696   1194604     30.29      2088    964832    365676      9.27    180336    911332     19092
22:15:16      2743400   1199900     30.43      2088    964840    370400      9.39    180336    916180     19100
22:15:17      2746080   1197220     30.36      2088    967440    363604      9.22    180336    914400     21700
22:15:18      2746496   1196804     30.35      2088    967524    363040      9.21    180336    914152     18712
22:15:19      2746548   1196752     30.35      2088    967528    363184      9.21    180336    914176     18680
22:15:20      2737684   1205616     30.57      2088    967536    373172      9.46    180336    923596     18688
22:15:21      2740680   1202620     30.50      2088    967536    372928      9.46    180336    921088     18688
22:15:22      2739924   1203376     30.52      2088    967552    373824      9.48    180336    921764     18704
22:15:23      2737352   1205948     30.58      2088    967552    373744      9.48    180336    923600     16104
22:15:24      2740984   1202316     30.49      2088    970236    367928      9.33    180336    920360     18716
22:15:25      2741752   1201548     30.47      2088    970240    366168      9.29    180336    919072     18720
22:15:26      2732880   1210420     30.70      2088    970240    375940      9.53    180336    929252     18720
22:15:27      2735360   1207940     30.63      2088    970248    373576      9.47    180336    925840     18728
22:15:28      2727056   1216244     30.84      2088    970264    384936      9.76    180336    935456     13444
22:15:29      2727324   1215976     30.84      2088    970264    384936      9.76    180336    935452     13416
22:15:30      2737208   1206092     30.59      2088    972944    368972      9.36    180336    924144     16096
22:15:31      2725888   1217412     30.87      2088    972960    380132      9.64    180336    934876     16112
22:15:32      2727884   1215416     30.82      2088    972976    380728      9.66    180336    933836     16128
22:15:33      2723820   1219480     30.93      2088    972976    383960      9.74    180336    937692     16128
22:15:34      2731908   1211392     30.72      2088    975656    370616      9.40    180336    929080     18808
22:15:35      2732076   1211224     30.72      2088    975656    370168      9.39    180336    928780     18808
22:15:36      2732160   1211140     30.71      2088    975672    370008      9.38    180336    928692     18824
22:15:37      2716684   1226616     31.11      2088    975672    384636      9.75    180336    943060     18824
22:15:38      2722580   1220720     30.96      2088    975688    383040      9.71    180336    938768     18840
22:15:39      2716520   1226780     31.11      2088    975696    386892      9.81    180336    943696     16184
22:15:40      2725584   1217716     30.88      2088    978372    373104      9.46    180336    934228     18860
22:15:41      2727040   1216260     30.84      2088    978376    372480      9.45    180336    933740     18864
22:15:42      2727044   1216256     30.84      2088    978384    372120      9.44    180336    933520     18872
22:15:43      2715180   1228120     31.14      2088    978388    386412      9.80    180336    946536     18876
22:15:44      2720012   1223288     31.02      2088    978392    380904      9.66    180336    941124     13580
22:15:45      2712032   1231268     31.22      2088    978408    391372      9.92    180336    950544     13568
22:15:46      2680784   1262516     32.02      2088    978412    421360     10.69    180336    981892     13572
22:15:47      2721784   1221516     30.98      2088    981092    375164      9.51    180336    939060     16252
22:15:48      2720036   1223264     31.02      2088    981108    376696      9.55    180336    940740     16268
22:15:49      2708716   1234584     31.31      2088    981108    390500      9.90    180336    953368     13412
22:15:50      2702408   1240892     31.47      2088    981124    394944     10.02    180336    958248     13356
22:15:51      2703372   1239928     31.44      2088    981124    395268     10.02    180336    956808     13356
22:15:52      2716072   1227228     31.12      2088    983740    378100      9.59    180336    944180     15972
22:15:53      2716232   1227068     31.12      2088    983804    377596      9.58    180336    944296     16036
22:15:54      2714392   1228908     31.16      2088    983816    379988      9.64    180336    946832     13436
22:15:55      2708252   1235048     31.32      2088    983824    386148      9.79    180336    952428     13384
22:15:56      2709684   1233616     31.28      2088    983836    388180      9.84    180336    952512     13396
22:15:57      2702860   1240440     31.46      2088    983840    391632      9.93    180336    958476     13400
22:15:58      2712944   1230356     31.20      2088    986448    378952      9.61    180336    948600     16008
22:15:59      2712436   1230864     31.21      2088    986520    379152      9.62    180336    948704     16080
22:16:00      2712488   1230812     31.21      2088    986532    378936      9.61    180336    948540     16092
22:16:01      2709716   1233584     31.28      2088    986532    381768      9.68    180336    951532     16092
22:16:02      2692784   1250516     31.71      2088    986536    397296     10.08    180336    966576     16096
22:16:03      2696864   1246436     31.61      2088    986536    393716      9.98    180336    964720     16108
22:16:04      2686028   1257272     31.88      2088    986536    405536     10.28    180336    975748     10844
22:16:05      2689804   1253496     31.79      2088    986544    401012     10.17    180336    970340     10788
22:16:06      2690816   1252484     31.76      2088    986552    402664     10.21    180336    971812     10796
22:16:07      2695856   1247444     31.63      2088    986552    398144     10.10    180336    967576     10796
22:16:08      2699532   1243768     31.54      2088    989240    388476      9.85    180336    960916     13484
22:16:09      2683948   1259352     31.94      2088    989240    405692     10.29    180336    977416     13484
22:16:10      2691564   1251736     31.74      2088    989252    398528     10.11    180336    970540     13496
22:16:11      2691260   1252040     31.75      2088    989256    399704     10.14    180336    970924     13500
22:16:12      2690792   1252508     31.76      2088    989264    397412     10.08    180336    968368     13508
22:16:13      2696084   1247216     31.63      2088    991952    390476      9.90    180336    964396     16196
22:16:14      2696284   1247016     31.62      2088    991960    390468      9.90    180336    964356     16204
22:16:15      2695288   1248012     31.65      2088    991968    391352      9.92    180336    965420     13548
22:16:16      2685516   1257784     31.90      2088    991968    402836     10.22    180336    976620     13548
22:16:17      2684188   1259112     31.93      2088    991972    398232     10.10    180336    972168     13552
22:16:18      2675636   1267664     32.15      2088    991988    411176     10.43    180336    983772     13568
22:16:19      2683112   1260188     31.96      2088    991988    403560     10.23    180336    977972     13568
22:16:20      2689492   1253808     31.80      2088    994676    394564     10.01    180336    971676     13368
22:16:21      2689492   1253808     31.80      2088    994680    394532     10.01    180336    971664     13372
22:16:22      2678404   1264896     32.08      2088    994684    406432     10.31    180336    982912     13376
22:16:23      2679656   1263644     32.05      2088    994700    406460     10.31    180336    981316     13392
22:16:24      2678452   1264848     32.08      2088    994700    407048     10.32    180336    983364     13392
22:16:25      2677368   1265932     32.10      2088    994700    405932     10.29    180336    982988     10716
22:16:26      2684440   1258860     31.92      2088    997316    396340     10.05    180336    976392     13340
22:16:27      2684188   1259112     31.93      2088    997384    396168     10.05    180336    976356     13408
22:16:28      2672592   1270708     32.22      2088    997392    402592     10.21    180336    982584     13416
22:16:29      2675160   1268140     32.16      2088    997412    409368     10.38    180336    986768     13436
22:16:30      2666796   1276504     32.37      2088    997412    416728     10.57    180336    994380     10836
22:16:31      2668768   1274532     32.32      2088   1000024    409152     10.38    180336    991800     13384
22:16:32      2679604   1263696     32.05      2088   1000096    397792     10.09    180336    980768     13456
22:16:33      2679684   1263616     32.04      2088   1000108    397944     10.09    180336    980800     13468
22:16:34      2665624   1277676     32.40      2088   1000108    412956     10.47    180336    994632     13468
22:16:35      2667088   1276212     32.36      2088   1000112    413252     10.48    180336    994988     13468
22:16:36      2657236   1286064     32.61      2088   1000128    419332     10.63    180336   1001404     13484
22:16:37      2658612   1284688     32.58      2088   1000132    421576     10.69    180336   1001832     13488
22:16:38      2674892   1268408     32.17      2088   1002812    400572     10.16    180336    985612     16272
22:16:39      2674924   1268376     32.17      2088   1002824    400052     10.15    180336    985556     16284
22:16:40      2661284   1282016     32.51      2088   1002828    416240     10.56    180336   1000884     13688
22:16:41      2665812   1277488     32.40      2088   1002844    412628     10.46    180336    995472     13640
22:16:42      2646432   1296868     32.89      2088   1002844    430284     10.91    180336   1013236     13640
22:16:43      2669876   1273424     32.29      2088   1005524    403092     10.22    180336    990680     16320
22:16:44      2670128   1273172     32.29      2088   1005536    402524     10.21    180336    990580     16332
22:16:45      2667576   1275724     32.35      2088   1005536    405620     10.29    180336    993892     13732
22:16:46      2656504   1286796     32.63      2088   1005544    415916     10.55    180336   1004704     13676
22:16:47      2660804   1282496     32.52      2088   1005556    414424     10.51    180336   1001500     13688
22:16:48      2647952   1295348     32.85      2088   1005560    427324     10.84    180336   1013720     13692
22:16:49      2664864   1278436     32.42      2088   1008168    404800     10.27    180336    995328     16300
22:16:50      2664860   1278440     32.42      2088   1008248    405044     10.27    180336    996052     13480
22:16:51      2663820   1279480     32.45      2088   1008252    406884     10.32    180336    997972     13456
22:16:52      2648604   1294696     32.83      2088   1008260    423400     10.74    180336   1013408     13464
22:16:53      2654244   1289056     32.69      2088   1008264    418356     10.61    180336   1006704     13468
22:16:54      2643744   1299556     32.96      2088   1008276    427960     10.85    180336   1016468     13480
22:16:55      2658508   1284792     32.58      2088   1010892    408864     10.37    180336   1002016     16096
22:16:56      2658268   1285032     32.59      2088   1010956    409384     10.38    180336   1002620     16156
22:16:57      2655904   1287396     32.65      2088   1010968    412480     10.46    180336   1005704     16168
22:16:58      2647444   1295856     32.86      2088   1010976    419920     10.65    180336   1013648     16176
22:16:59      2633020   1310280     33.23      2088   1010988    435516     11.04    180336   1026640     16188
22:17:00      2638552   1304748     33.09      2088   1010992    427816     10.85    180336   1021656     16192
22:17:01      2651676   1291624     32.75      2088   1013668    411628     10.44    180336   1008392     16196
22:17:02      2651848   1291452     32.75      2088   1013668    411628     10.44    180336   1008592     16200
22:17:03      2651424   1291876     32.76      2088   1013684    411756     10.44    180336   1008708     16216
22:17:04      2643360   1299940     32.97      2088   1013684    419708     10.64    180336   1016508     16216
22:17:05      2638548   1304752     33.09      2088   1013688    427848     10.85    180336   1023556     16220
22:17:06      2640260   1303040     33.04      2088   1013704    425944     10.80    180336   1020084     13636
22:17:07      2631800   1311500     33.26      2088   1013704    435676     11.05    180336   1030296     13560
22:17:08      2645904   1297396     32.90      2088   1016380    415376     10.53    180336   1013816     16248
22:17:09      2646604   1296696     32.88      2088   1016384    414800     10.52    180336   1013520     16252
22:17:10      2644596   1298704     32.93      2088   1016396    418288     10.61    180336   1016796     16264
22:17:11      2631532   1311768     33.27      2088   1016400    431360     10.94    180336   1029868     13500
22:17:12      2636056   1307244     33.15      2088   1016416    428516     10.87    180336   1025704     13516
22:17:13      2625712   1317588     33.41      2088   1016416    440360     11.17    180336   1037124     13516
22:17:14      2640752   1302548     33.03      2088   1019024    418772     10.62    180336   1019688     16124
22:17:15      2640068   1303232     33.05      2088   1019108    419192     10.63    180336   1020560     16208
22:17:16      2630744   1312556     33.29      2088   1019112    429156     10.88    180336   1030364     13548
22:17:17      2629424   1313876     33.32      2088   1019116    431016     10.93    180336   1031144     13552
22:17:18      2619876   1323424     33.56      2088   1019128    440124     11.16    180336   1039376     13564
22:17:19      2587368   1355932     34.39      2088   1019128    473208     12.00    180336   1074664     13564
22:17:20      2633896   1309404     33.21      2088   1021816    421376     10.69    180336   1026172     16252
22:17:21      2633728   1309572     33.21      2088   1021820    421320     10.68    180336   1026060     13356
22:17:22      2626672   1316628     33.39      2088   1021824    429852     10.90    180336   1034180     13348
22:17:23      2625912   1317388     33.41      2088   1021828    431888     10.95    180336   1034908     13352
22:17:24      2618736   1324564     33.59      2088   1021848    439036     11.13    180336   1040136     13372
22:17:25      2615092   1328208     33.68      2088   1021848    440788     11.18    180336   1043728     13372
22:17:26      2628996   1314304     33.33      2088   1024456    425416     10.79    180336   1031224     13380
22:17:27      2628744   1314556     33.34      2088   1024540    425548     10.79    180336   1031732     13400
22:17:28      2627928   1315372     33.36      2088   1024544    425508     10.79    180336   1032032     13404
22:17:29      2606936   1336364     33.89      2088   1024552    448208     11.37    180336   1053804     13412
22:17:30      2619356   1323944     33.57      2088   1024568    438532     11.12    180336   1042560     13428
22:17:31      2608332   1334968     33.85      2088   1024568    449120     11.39    180336   1053524     10764
22:17:32      2557420   1385880     35.15      2088   1024568    497224     12.61    180336   1102792     10764
22:17:33      2621672   1321628     33.52      2088   1027244    429780     10.90    180336   1038868     13440
22:17:34      2621672   1321628     33.52      2088   1027260    429320     10.89    180336   1038600     13456
22:17:35      2604044   1339256     33.96      2088   1027264    447996     11.36    180336   1056476     13460
22:17:36      2613644   1329656     33.72      2088   1027268    437336     11.09    180336   1046020     13456
22:17:37      2606880   1336420     33.89      2088   1027280    445552     11.30    180336   1054308     13472
22:17:38      2605844   1337456     33.92      2088   1029956    443704     11.25    180336   1055520     16148
22:17:39      2615704   1327596     33.67      2088   1029960    432300     10.96    180336   1044256     16152
22:17:40      2615672   1327628     33.67      2088   1029976    432160     10.96    180336   1044396     16168
22:17:41      2602032   1341268     34.01      2088   1029980    449360     11.40    180336   1060240     16172
22:17:42      2607860   1335440     33.87      2088   1029992    444560     11.27    180336   1053824     13504
22:17:43      2596520   1346780     34.15      2088   1029992    455344     11.55    180336   1065324     13504
22:17:44      2611128   1332172     33.78      2088   1032672    434104     11.01    180336   1048660     16184
22:17:45      2610812   1332488     33.79      2088   1032672    434252     11.01    180336   1049420     16184
22:17:46      2611128   1332172     33.78      2088   1032688    434228     11.01    180336   1049392     16200
22:17:47      2593908   1349392     34.22      2088   1032688    453380     11.50    180336   1066992     13600
22:17:48      2600796   1342504     34.05      2088   1032708    448012     11.36    180336   1060068     13556
22:17:49      2587496   1355804     34.38      2088   1032708    459536     11.65    180336   1072016     13556
22:17:50      2593972   1349328     34.22      2088   1035380    448988     11.39    180336   1066164     16228
22:17:51      2604568   1338732     33.95      2088   1035388    438312     11.12    180336   1055708     16236
22:17:52      2600944   1342356     34.04      2088   1035392    441360     11.19    180336   1059420     13328
22:17:53      2588692   1354608     34.35      2088   1035408    456348     11.57    180336   1073020     13344
22:17:54      2591212   1352088     34.29      2088   1035420    453824     11.51    180336   1068844     13356
22:17:55      2586060   1357240     34.42      2088   1035424    460588     11.68    180336   1076172     13360
22:17:56      2550556   1392744     35.32      2088   1038032    489480     12.41    180336   1109308     15980
22:17:57      2598904   1344396     34.09      2088   1038100    441000     11.18    180336   1061624     13448
22:17:58      2599000   1344300     34.09      2088   1038116    440644     11.17    180336   1061284     13396
22:17:59      2595724   1347576     34.17      2088   1038116    444300     11.27    180336   1064784     13396
22:18:00      2583156   1360144     34.49      2088   1038120    458992     11.64    180336   1078068     13400
22:18:01      2589236   1354064     34.34      2088   1038136    454444     11.52    180336   1072356     13416
22:18:02      2580572   1362728     34.56      2088   1038136    461896     11.71    180336   1080784     13416
22:18:03      2570580   1372720     34.81      2088   1038136    471256     11.95    180336   1090456     13416
22:18:04      2522700   1420600     36.03      2088   1038136    518644     13.15    180336   1139332     13416
22:18:05      2592984   1350316     34.24      2088   1040820    443620     11.25    180336   1067392     16100
22:18:06      2593488   1349812     34.23      2088   1040832    443296     11.24    180336   1067172     16112
22:18:07      2590180   1353120     34.31      2088   1040832    446744     11.33    180336   1070540     13512
22:18:08      2578580   1364720     34.61      2088   1040840    460132     11.67    180336   1082632     13456
22:18:09      2574784   1368516     34.70      2088   1040840    464240     11.77    180336   1083892     13456
22:18:10      2574840   1368460     34.70      2088   1040852    465832     11.81    180336   1086532     13468
22:18:11      2577016   1366284     34.65      2088   1040856    462480     11.73    180336   1084476     13472
22:18:12      2586684   1356616     34.40      2088   1043524    447928     11.36    180336   1073260     13540
22:18:13      2583156   1360144     34.49      2088   1043548    451160     11.44    180336   1076980     13500
22:18:14      2571028   1372272     34.80      2088   1043548    464620     11.78    180336   1089780     13500
22:18:15      2566776   1376524     34.91      2088   1043564    472828     11.99    180336   1093732     13516
22:18:16      2564632   1378668     34.96      2088   1043564    472384     11.98    180336   1096060     13516
22:18:17      2563716   1379584     34.99      2088   1046172    468704     11.89    180336   1096772     13624
22:18:18      2580156   1363144     34.57      2088   1046256    451412     11.45    180336   1079536     13544
22:18:19      2577888   1365412     34.63      2088   1046260    454588     11.53    180336   1082796     13548
22:18:20      2564800   1378500     34.96      2088   1046268    468908     11.89    180336   1096536     13556
22:18:21      2573324   1369976     34.74      2088   1046268    460424     11.68    180336   1088136     13556
22:18:22      2559148   1384152     35.10      2088   1046284    477172     12.10    180336   1103252     13572
22:18:23      2562496   1380804     35.02      2088   1046284    471200     11.95    180336   1099208     10688
22:18:24      2573840   1369460     34.73      2088   1048952    455424     11.55    180336   1086456     13356
22:18:25      2571816   1371484     34.78      2088   1048964    457984     11.61    180336   1089372     13368
22:18:26      2559184   1384116     35.10      2088   1048980    471556     11.96    180336   1102376     13384
22:18:27      2565328   1377972     34.94      2088   1048996    468216     11.87    180336   1097360     13400
22:18:28      2547912   1395388     35.39      2088   1048996    481948     12.22    180336   1111708     10792
22:18:29      2569352   1373948     34.84      2088   1051676    457072     11.59    180336   1090976     13412
22:18:30      2569052   1374248     34.85      2088   1051684    457296     11.60    180336   1091516     13524
22:18:31      2568848   1374452     34.86      2088   1051688    457392     11.60    180336   1091632     13528
22:18:32      2553072   1390228     35.26      2088   1051692    475316     12.05    180336   1108536     13532
22:18:33      2559020   1384280     35.10      2088   1051708    470928     11.94    180336   1102380     13548
22:18:34      2546112   1397188     35.43      2088   1051712    483580     12.26    180336   1115444     13552
22:18:35      2496996   1446304     36.68      2088   1051712    532600     13.51    180336   1165944     13552
22:18:36      2562508   1380792     35.02      2088   1054392    461640     11.71    180336   1098236     16232
22:18:37      2553688   1389612     35.24      2088   1054400    471052     11.95    180336   1107744     16240
22:18:38      2549396   1393904     35.35      2088   1054408    472788     11.99    180336   1108932     13576
22:18:39      2543860   1399440     35.49      2088   1054424    482300     12.23    180336   1116812     13596
22:18:40      2540080   1403220     35.58      2088   1054424    486460     12.34    180336   1121556     13596
22:18:41      2535032   1408268     35.71      2088   1057100    486660     12.34    180336   1125856     16272
22:18:42      2553428   1389872     35.25      2088   1057120    467452     11.85    180336   1107364     16292
22:18:43      2541300   1402000     35.55      2088   1057124    482112     12.23    180336   1120456     13632
22:18:44      2546412   1396888     35.42      2088   1057124    473380     12.00    180336   1111896     13632
22:18:45      2534004   1409296     35.74      2088   1057140    489564     12.42    180336   1127020     13648
22:18:46      2539400   1403900     35.60      2088   1057140    482416     12.23    180336   1121436     13648
22:18:47      2545560   1397740     35.45      2088   1059820    472616     11.99    180336   1114696     16328
22:18:48      2546916   1396384     35.41      2088   1059820    471216     11.95    180336   1113580     13728
22:18:49      2534764   1408536     35.72      2088   1059840    477672     12.11    180336   1119308     13684
22:18:50      2541372   1401928     35.55      2088   1059852    478068     12.12    180336   1119556     13696
22:18:51      2533308   1409992     35.76      2088   1059856    487024     12.35    180336   1128604     13700
22:18:52      2520388   1422912     36.08      2088   1062468    494200     12.53    180336   1139332     16312
22:18:53      2542024   1401276     35.54      2088   1062536    472680     11.99    180336   1118080     16184
22:18:54      2542068   1401232     35.53      2088   1062544    472176     11.97    180336   1117620     16124
22:18:55      2540096   1403204     35.58      2088   1062548    474328     12.03    180336   1120036     16128
22:18:56      2529268   1414032     35.86      2088   1062552    488156     12.38    180336   1131840     16132
22:18:57      2532796   1410504     35.77      2088   1062568    485528     12.31    180336   1128152     16148
22:18:58      2519404   1423896     36.11      2088   1062568    496644     12.59    180336   1140288     13484
22:18:59      2536560   1406740     35.67      2088   1065184    474728     12.04    180336   1122824     16100
22:19:00      2537020   1406280     35.66      2088   1065248    474800     12.04    180336   1123352     16164
22:19:01      2523212   1420088     36.01      2088   1065268    491404     12.46    180336   1138472     16184
22:19:02      2528756   1414544     35.87      2088   1065280    487672     12.37    180336   1133116     16196
22:19:03      2520516   1422784     36.08      2088   1065280    493916     12.53    180336   1139048     13496
22:19:04      2492436   1450864     36.79      2088   1065284    521868     13.23    180336   1168696     13416
22:19:05      2531140   1412160     35.81      2088   1067896    478736     12.14    180336   1128568     16028
22:19:06      2530984   1412316     35.82      2088   1067964    478856     12.14    180336   1129232     16096
22:19:07      2529920   1413380     35.84      2088   1067976    479312     12.16    180336   1129608     16108
22:19:08      2521156   1422144     36.06      2088   1067976    489896     12.42    180336   1139980     16112
22:19:09      2526696   1416604     35.92      2088   1067980    485072     12.30    180336   1134992     13448
22:19:10      2516764   1426536     36.18      2088   1067992    493776     12.52    180336   1144052     13464
22:19:11      2517584   1425716     36.16      2088   1068000    493056     12.50    180336   1143492     13472
22:19:12      2525164   1418136     35.96      2088   1070672    481424     12.21    180336   1134624     16144
22:19:13      2525108   1418192     35.96      2088   1070680    481124     12.20    180336   1134532     16152
22:19:14      2525160   1418140     35.96      2088   1070692    481300     12.21    180336   1134884     13564
22:19:15      2516832   1426468     36.17      2088   1070692    489096     12.40    180336   1142704     13500
22:19:16      2512816   1430484     36.28      2088   1070700    496100     12.58    180336   1148580     13508
22:19:17      2508340   1434960     36.39      2088   1070712    499004     12.65    180336   1149888     13520
22:19:18      2504600   1438700     36.48      2088   1070716    504880     12.80    180336   1155628     13536
22:19:19      2499092   1444208     36.62      2088   1073320    505336     12.82    180336   1160420     13476
22:19:20      2517092   1426208     36.17      2088   1073408    487744     12.37    180336   1143596     13564
22:19:21      2503420   1439880     36.51      2088   1073408    503204     12.76    180336   1157796     13564
22:19:22      2507768   1435532     36.40      2088   1073428    500544     12.69    180336   1153588     13584
22:19:23      2492596   1450704     36.79      2088   1073428    512576     13.00    180336   1166740     13584
22:19:24      2498948   1444352     36.63      2088   1073428    503612     12.77    180336   1159644     10788
22:19:25      2512548   1430752     36.28      2088   1076108    487960     12.37    180336   1147072     13372
22:19:26      2511036   1432264     36.32      2088   1076124    490028     12.43    180336   1149488     13388
22:19:27      2499428   1443872     36.62      2088   1076124    502380     12.74    180336   1161332     13388
22:19:28      2496828   1446472     36.68      2088   1076144    506940     12.86    180336   1163764     13408
22:19:29      2494588   1448712     36.74      2088   1076144    507308     12.87    180336   1165040     10744
22:19:30      2422576   1520724     38.56      2088   1078820    577860     14.65    180336   1238020     13420
22:19:31      2508256   1435044     36.39      2088   1078836    491052     12.45    180336   1151992     13436
22:19:32      2506996   1436304     36.42      2088   1078836    491212     12.46    180336   1152392     13436
22:19:33      2488592   1454708     36.89      2088   1078840    507808     12.88    180336   1170324     13440
22:19:34      2499872   1443428     36.60      2088   1078848    500220     12.69    180336   1161012     13440
22:19:35      2487960   1455340     36.91      2088   1078860    513784     13.03    180336   1171812     13456
22:19:36      2487264   1456036     36.92      2088   1078864    511872     12.98    180336   1172580     13460
22:19:37      2502396   1440904     36.54      2088   1081480    493728     12.52    180336   1157264     16076
22:19:38      2502444   1440856     36.54      2088   1081548    493912     12.53    180336   1157748     16144
22:19:39      2502088   1441212     36.55      2088   1081548    493804     12.52    180336   1158048     13544
22:19:40      2485508   1457792     36.97      2088   1081560    510000     12.93    180336   1174056     13488
22:19:41      2489024   1454276     36.88      2088   1081564    508460     12.89    180336   1171680     13492
22:19:42      2479508   1463792     37.12      2088   1081576    518688     13.15    180336   1181292     13504
22:19:43      2482024   1461276     37.06      2088   1081576    514324     13.04    180336   1178852     13504
22:19:44      2495064   1448236     36.73      2088   1084192    497268     12.61    180336   1164680     13520
22:19:45      2495380   1447920     36.72      2088   1084268    496548     12.59    180336   1164284     13528
22:19:46      2476676   1466624     37.19      2088   1084276    508828     12.90    180336   1176120     13536
22:19:47      2487496   1455804     36.92      2088   1084276    507148     12.86    180336   1173056     13536
22:19:48      2475220   1468080     37.23      2088   1084292    521832     13.23    180336   1185688     13552
22:19:49      2415748   1527552     38.74      2088   1084292    580572     14.72    180336   1245804     13552
22:19:50      2490540   1452760     36.84      2088   1086972    500616     12.70    180336   1168892     13552
22:19:51      2490340   1452960     36.85      2088   1086984    500944     12.70    180336   1169712     13576
22:19:52      2487560   1455740     36.92      2088   1086984    504440     12.79    180336   1173232     13576
22:19:53      2473520   1469780     37.27      2088   1086992    518768     13.16    180340   1187080     13584
22:19:54      2469988   1473312     37.36      2088   1087004    523764     13.28    180340   1190348     13596
22:19:55      2469740   1473560     37.37      2088   1087008    525220     13.32    180340   1191920     13348
22:19:56      2405632   1537668     38.99      2088   1089676    582952     14.78    180340   1254276     16016
22:19:57      2484560   1458740     36.99      2088   1089692    503876     12.78    180340   1175548     16032
22:19:58      2484088   1459212     37.00      2088   1089704    503864     12.78    180340   1175704     16044
22:19:59      2481212   1462088     37.08      2088   1089704    507520     12.87    180340   1179268     16044
22:20:00      2467440   1475860     37.43      2088   1089708    523108     13.27    180340   1194088     13384
22:20:01      2470964   1472336     37.34      2088   1089724    519208     13.17    180340   1188832     13400
22:20:02      2453320   1489980     37.79      2088   1089772    537920     13.64    180484   1207604     13648
22:20:03      2458328   1484972     37.66      2088   1089772    531612     13.48    180484   1202080     13648
22:20:04      2459464   1483836     37.63      2088   1089772    531632     13.48    180484   1202100     13648
22:20:05      2465432   1477868     37.48      2088   1089772    522828     13.26    180484   1195152     10976
22:20:06      2475992   1467308     37.21      2088   1092448    508496     12.90    180484   1183724     13656
22:20:07      2467960   1475340     37.41      2088   1092464    514968     13.06    180484   1189328     13672
22:20:08      2465428   1477872     37.48      2088   1092476    521376     13.22    180484   1195080     13684
22:20:09      2451572   1491728     37.83      2088   1092488    535888     13.59    180484   1208280     13696
22:20:10      2457612   1485688     37.68      2088   1092488    528460     13.40    180484   1202668     11096
22:20:11      2471732   1471568     37.32      2088   1095104    510812     12.95    180484   1187636     13648
22:20:12      2471740   1471560     37.32      2088   1095184    510748     12.95    180484   1188008     13728
22:20:13      2471488   1471812     37.32      2088   1095184    510812     12.95    180484   1188108     13728
22:20:14      2458132   1485168     37.66      2088   1095184    521792     13.23    180484   1198380     13728
22:20:15      2464356   1478944     37.51      2088   1095188    519548     13.18    180484   1196000     11060
22:20:16      2455276   1488024     37.74      2088   1095204    530780     13.46    180484   1205464     11080
22:20:17      2364876   1578424     40.03      2088   1095204    620364     15.73    180484   1296460     11080
22:20:18      2466424   1476876     37.45      2088   1097888    513916     13.03    180484   1193164     13764
22:20:19      2465868   1477432     37.47      2088   1097888    514188     13.04    180484   1193964     13764
22:20:20      2450044   1493256     37.87      2088   1097900    529328     13.42    180484   1208852     11100
22:20:21      2456780   1486520     37.70      2088   1097904    524188     13.29    180484   1203324     11104
22:20:22      2435420   1507880     38.24      2088   1097916    548052     13.90    180484   1225472     11116
22:20:23      2409700   1533600     38.89      2088   1100592    568568     14.42    180484   1250400     13804
22:20:24      2460164   1483136     37.61      2088   1100600    517692     13.13    180484   1199560     13812
22:20:25      2459596   1483704     37.63      2088   1100612    518172     13.14    180484   1200316     13584
22:20:26      2457704   1485596     37.67      2088   1100612    521044     13.21    180484   1203116     13584
22:20:27      2444060   1499240     38.02      2088   1100620    534956     13.57    180484   1216680     13628
22:20:28      2440880   1502420     38.10      2088   1100620    538100     13.65    180484   1218380     13628
22:20:29      2436144   1507156     38.22      2088   1100632    544600     13.81    180484   1224968     13640
22:20:30      2435120   1508180     38.25      2088   1100636    544604     13.81    180484   1224972     13644
22:20:31      2387676   1555624     39.45      2088   1103316    587068     14.89    180484   1271660     13660
22:20:32      2451412   1491888     37.83      2088   1103320    524128     13.29    180484   1209040     13664
22:20:33      2441108   1502192     38.09      2088   1103340    534560     13.56    180484   1219084     13684
22:20:34      2426988   1516312     38.45      2088   1103356    549916     13.95    180484   1232572     13700
22:20:35      2434788   1508512     38.26      2088   1103356    539900     13.69    180484   1224788     13700
22:20:36      2447444   1495856     37.93      2088   1106036    524240     13.29    180484   1211916     16096
22:20:37      2447192   1496108     37.94      2088   1106040    523892     13.29    180484   1212368     16104
22:20:38      2446888   1496412     37.95      2088   1106048    523956     13.29    180484   1212492     16112
22:20:39      2444672   1498628     38.00      2088   1106052    527196     13.37    180484   1215672     16116
22:20:40      2435040   1508260     38.25      2088   1106052    537996     13.64    180484   1225552     16116
22:20:41      2428220   1515080     38.42      2088   1106072    545308     13.83    180484   1231128     13536
22:20:42      2427600   1515700     38.44      2088   1106072    543332     13.78    180484   1231140     13472
22:20:43      2443224   1500076     38.04      2088   1108680    525924     13.34    180484   1216940     16080
22:20:44      2442936   1500364     38.05      2088   1108748    526124     13.34    180484   1217700     16148
22:20:45      2440296   1503004     38.12      2088   1108768    529700     13.43    180484   1220980     16168
22:20:46      2425520   1517780     38.49      2088   1108768    545104     13.82    180484   1235852     13500
22:20:47      2424452   1518848     38.52      2088   1108784    544808     13.82    180484   1233628     13520
22:20:48      2416752   1526548     38.71      2088   1108784    554888     14.07    180484   1243684     13520
22:20:49      2422540   1520760     38.57      2088   1108784    547188     13.88    180484   1237672     13520
22:20:50      2404812   1538488     39.02      2088   1111464    561420     14.24    180484   1254300     16200
22:20:51      2435568   1507732     38.24      2088   1111464    530416     13.45    180484   1223876     13600
22:20:52      2433380   1509920     38.29      2088   1111480    533608     13.53    180484   1227128     13552
22:20:53      2423732   1519568     38.54      2088   1111484    543532     13.78    180484   1236328     13556
22:20:54      2417616   1525684     38.69      2088   1111504    550248     13.95    180484   1241368     13576
22:20:55      2404896   1538404     39.01      2088   1111504    564440     14.31    180484   1255884     13576
22:20:56      2357260   1586040     40.22      2088   1114168    607328     15.40    180484   1302964     13320
22:20:57      2429332   1513968     38.39      2088   1114184    534268     13.55    180484   1230296     13340
22:20:58      2429836   1513464     38.38      2088   1114196    533832     13.54    180484   1229996     13352
22:20:59      2427064   1516236     38.45      2088   1114196    536928     13.62    180484   1233096     13352
22:21:00      2414212   1529088     38.78      2088   1114204    550948     13.97    180484   1246560     13360
22:21:01      2415468   1527832     38.75      2088   1114204    550732     13.97    180484   1244560     10760
22:21:02      2401612   1541688     39.10      2088   1114220    565888     14.35    180484   1259568     10712
22:21:03      2408152   1535148     38.93      2088   1114220    556372     14.11    180484   1251796     10712
22:21:04      2412640   1530660     38.82      2088   1116828    548616     13.91    180484   1246448     13320
22:21:05      2422592   1520708     38.56      2088   1116900    538128     13.65    180484   1236808     13392
22:21:06      2423252   1520048     38.55      2088   1116912    537284     13.63    180484   1236048     10804
22:21:07      2406368   1536932     38.98      2088   1116916    556016     14.10    180484   1254052     10744
22:21:08      2410296   1533004     38.88      2088   1116920    552260     14.01    180484   1248952     10748
22:21:09      2394116   1549184     39.29      2088   1116936    565980     14.35    180484   1263112     10764
22:21:10      2330944   1612356     40.89      2088   1119612    626496     15.89    180484   1328456     13440
22:21:11      2418188   1525112     38.68      2088   1119620    539160     13.67    180484   1240964     13452
22:21:12      2417872   1525428     38.68      2088   1119620    539276     13.68    180484   1241300     13456
22:21:13      2418188   1525112     38.68      2088   1119632    539516     13.68    180484   1241612     13468
22:21:14      2397972   1545328     39.19      2088   1119636    560984     14.23    180484   1262040     13472
22:21:15      2409052   1534248     38.91      2088   1119636    552868     14.02    180484   1252024     13472
22:21:16      2396352   1546948     39.23      2088   1119652    563200     14.28    180484   1262260     13488
22:21:17      2397492   1545808     39.20      2088   1119652    562092     14.25    180484   1262852     10816
22:21:18      2412376   1530924     38.82      2088   1122332    543312     13.78    180484   1246724     13500
22:21:19      2412124   1531176     38.83      2088   1122332    543568     13.78    180484   1247496     13500
22:21:20      2411872   1531428     38.84      2088   1122348    544004     13.80    180484   1247864     13516
22:21:21      2395836   1547464     39.24      2088   1122348    561236     14.23    180484   1264620     13516
22:21:22      2403052   1540248     39.06      2088   1122364    556128     14.10    180484   1257976     10868
22:21:23      2392396   1550904     39.33      2088   1122368    565284     14.34    180484   1268388     10872
22:21:24      2353400   1589900     40.32      2088   1122368    602136     15.27    180484   1306812     10872
22:21:25      2401776   1541524     39.09      2088   1124980    550064     13.95    180484   1257624     13484
22:21:26      2404492   1538808     39.02      2088   1125044    547080     13.87    180484   1255128     13548
22:21:27      2403036   1540264     39.06      2088   1125060    549632     13.94    180484   1257820     10676
22:21:28      2390180   1553120     39.39      2088   1125068    562392     14.26    180484   1269884     10688
22:21:29      2385396   1557904     39.51      2088   1125084    569740     14.45    180484   1274972     10704
22:21:30      2383356   1559944     39.56      2088   1125084    567976     14.40    180484   1274436     10704
22:21:31      2399500   1543800     39.15      2088   1127760    550112     13.95    180484   1259552     13380
22:21:32      2399248   1544052     39.16      2088   1127772    550096     13.95    180484   1260016     13392
22:21:33      2396288   1547012     39.23      2088   1127780    553496     14.04    180484   1263436     13400
22:21:34      2384380   1558920     39.53      2088   1127780    567492     14.39    180484   1276040     13400
22:21:35      2387656   1555644     39.45      2088   1127796    563700     14.30    180484   1271424     13416
22:21:36      2379088   1564212     39.67      2088   1127796    573100     14.53    180484   1281744     13416
22:21:37      2355096   1588204     40.28      2088   1130472    592840     15.03    180484   1305396     13428
22:21:38      2394704   1548596     39.27      2088   1130480    552804     14.02    180484   1265336     13436
22:21:39      2393644   1549656     39.30      2088   1130484    552720     14.02    180484   1265512     13440
22:21:40      2391176   1552124     39.36      2088   1130496    556280     14.11    180484   1269540     13452
22:21:41      2380580   1562720     39.63      2088   1130500    568008     14.40    180484   1279696     13456
22:21:42      2376056   1567244     39.74      2088   1130512    572624     14.52    180484   1282296     10784
22:21:43      2374228   1569072     39.79      2088   1130512    572560     14.52    180484   1284652     10800
22:21:44      2388144   1555156     39.44      2088   1133196    556068     14.10    180484   1270800     13484
22:21:45      2387892   1555408     39.44      2088   1133200    556344     14.11    180484   1271400     13488
22:21:46      2387892   1555408     39.44      2088   1133216    556344     14.11    180484   1271488     13504
22:21:47      2385120   1558180     39.51      2088   1133216    560080     14.20    180484   1275288     13504
22:21:48      2373456   1569844     39.81      2088   1133220    572104     14.51    180484   1286520     13508
22:21:49      2365888   1577412     40.00      2088   1133232    580528     14.72    180484   1294400     13520
22:21:50      2365440   1577860     40.01      2088   1133236    578324     14.67    180484   1294160     13524
22:21:51      2306112   1637188     41.52      2088   1135840    634364     16.09    180484   1352780     16128
22:21:52      2381844   1561456     39.60      2088   1135928    558560     14.16    180484   1277488     13624
22:21:53      2378884   1564416     39.67      2088   1135932    562280     14.26    180484   1281152     13552
22:21:54      2370164   1573136     39.89      2088   1135940    571368     14.49    180484   1288724     13560
22:21:55      2357116   1586184     40.22      2088   1135948    587556     14.90    180484   1302876     13568
22:21:56      2362980   1580320     40.08      2088   1135952    578388     14.67    180484   1296148     13572
22:21:57      2376308   1566992     39.74      2088   1138624    562376     14.26    180484   1282860     16244
22:21:58      2376088   1567212     39.74      2088   1138644    562760     14.27    180484   1283460     13360
22:21:59      2372812   1570488     39.83      2088   1138644    566544     14.37    180484   1287260     13360
22:22:00      2358448   1584852     40.19      2088   1138652    582444     14.77    180484   1302356     13368
22:22:01      2358448   1584852     40.19      2088   1138652    583296     14.79    180484   1301416     13368
22:22:02      2348836   1594464     40.43      2088   1138664    594372     15.07    180484   1310728     13380
22:22:03      2352568   1590732     40.34      2088   1138668    587252     14.89    180484   1307304     10720
22:22:04      2339688   1603612     40.67      2088   1141276    596580     15.13    180484   1319176     13328
22:22:05      2370260   1573040     39.89      2088   1141348    566304     14.36    180484   1289360     13400
22:22:06      2369704   1573596     39.91      2088   1141360    566420     14.36    180484   1289780     13412
22:22:07      2366448   1576852     39.99      2088   1141364    570124     14.46    180484   1293720     13416
22:22:08      2360932   1582368     40.13      2088   1141368    575716     14.60    180484   1298864     10756
22:22:09      2345756   1597544     40.51      2088   1141380    592616     15.03    180484   1313768     10768
22:22:10      2326916   1616384     40.99      2088   1141380    611500     15.51    180484   1333828     10768
22:22:11      2364196   1579104     40.05      2088   1143992    569520     14.44    180484   1295192     13380
22:22:12      2363700   1579600     40.06      2088   1144056    569632     14.45    180484   1295628     13444
22:22:13      2360612   1582688     40.14      2088   1144068    573412     14.54    180484   1299324     13456
22:22:14      2354024   1589276     40.30      2088   1144072    578560     14.67    180484   1305696     13444
22:22:15      2348548   1594752     40.44      2088   1144088    587176     14.89    180484   1312276     13460
22:22:16      2245008   1698292     43.07      2088   1144088    687328     17.43    180484   1413352     13472
22:22:17      2358904   1584396     40.18      2088   1146768    571464     14.49    180484   1300352     16152
22:22:18      2358148   1585152     40.20      2088   1146772    571756     14.50    180484   1300968     13556
22:22:19      2357896   1585404     40.21      2088   1146784    572044     14.51    180484   1301356     13504
22:22:20      2354872   1588428     40.28      2088   1146784    575860     14.60    180484   1305056     13504
22:22:21      2344980   1598320     40.53      2088   1146796    586684     14.88    180484   1314976     13624
22:22:22      2331928   1611372     40.86      2088   1146808    600112     15.22    180484   1326432     13636
22:22:23      2332424   1610876     40.85      2088   1146808    599648     15.21    180484   1326428     10968
22:22:24      2316796   1626504     41.25      2088   1149484    612396     15.53    180484   1343408     13648
22:22:25      2351068   1592232     40.38      2088   1149488    576616     14.62    180484   1308336     13652
22:22:26      2348580   1594720     40.44      2088   1149496    579748     14.70    180484   1311484     13660
22:22:27      2334340   1608960     40.80      2088   1149508    595464     15.10    180484   1326088     13672
22:22:28      2333428   1609872     40.83      2088   1149520    596952     15.14    180484   1326132     10788
22:22:29      2328136   1615164     40.96      2088   1149524    603416     15.30    180484   1332808     10796
22:22:30      2328884   1614416     40.94      2088   1152132    597792     15.16    180484   1331444     13404
22:22:31      2343908   1599392     40.56      2088   1152204    581820     14.75    180484   1315704     13476
22:22:32      2344756   1598544     40.54      2088   1152204    580392     14.72    180484   1314704     13476
22:22:33      2343248   1600052     40.58      2088   1152220    583216     14.79    180484   1317456     13492
22:22:34      2329452   1613848     40.93      2088   1152220    597148     15.14    180484   1330756     13492
22:22:35      2327876   1615424     40.97      2088   1152228    598204     15.17    180484   1331832     13500
22:22:36      2326124   1617176     41.01      2088   1152228    599372     15.20    180484   1332652     13500
22:22:37      2326868   1616432     40.99      2088   1152240    600648     15.23    180484   1333980     13512
22:22:38      2326616   1616684     41.00      2088   1152240    600948     15.24    180484   1334288     10912
22:22:39      2194568   1748732     44.35      2088   1152252    731404     18.55    180484   1465944     10860
22:22:40      2337288   1606012     40.73      2088   1154924    583596     14.80    180484   1321664     13532
22:22:41      2329128   1614172     40.93      2088   1154932    595708     15.11    180484   1332528     13540
22:22:42      2327364   1615936     40.98      2088   1154944    598740     15.18    180484   1333788     13552
22:22:43      2318292   1625008     41.21      2088   1154948    603936     15.32    180484   1340568     13556
22:22:44      2290060   1653240     41.93      2088   1157620    630508     15.99    180484   1369704     13556
22:22:45      2331640   1611660     40.87      2088   1157628    587752     14.91    180484   1327312     13568
22:22:46      2331892   1611408     40.86      2088   1157640    587580     14.90    180484   1327220     13584
22:22:47      2330128   1613172     40.91      2088   1157640    590404     14.97    180484   1329936     13584
22:22:48      2316740   1626560     41.25      2088   1157644    605064     15.34    180484   1343816     13588
22:22:49      2317276   1626024     41.24      2088   1157660    605776     15.36    180484   1342760     10928
22:22:50      2310284   1633016     41.41      2088   1157660    612996     15.55    180484   1350456     10928
22:22:51      2198632   1744668     44.24      2088   1157660    722848     18.33    180484   1462084     10928
22:22:52      2326892   1616408     40.99      2088   1160340    590176     14.97    180484   1332252     13608
22:22:53      2326840   1616460     40.99      2088   1160340    590144     14.97    180484   1332432     13608
22:22:54      2326640   1616660     41.00      2088   1160356    590240     14.97    180484   1332600     13508
22:22:55      2311836   1631464     41.37      2088   1160356    606532     15.38    180484   1348400     13512
22:22:56      2317756   1625544     41.22      2088   1160376    602752     15.29    180484   1342996     13532
22:22:57      2310732   1632568     41.40      2088   1160376    608868     15.44    180484   1349220     13532
22:22:58      2311708   1631592     41.38      2088   1160380    605360     15.35    180484   1348528     13536
22:22:59      2322128   1621172     41.11      2088   1163056    591460     15.00    180484   1337264     13336
22:23:00      2321088   1622212     41.14      2088   1163060    591876     15.01    180484   1338232     13344
22:23:01      2321340   1621960     41.13      2088   1163072    591700     15.01    180484   1337972     13356
22:23:02      2305968   1637332     41.52      2088   1163076    602636     15.28    180484   1348636     13360
22:23:03      2305716   1637584     41.53      2088   1163076    607680     15.41    180484   1354216     13360
22:23:04      2304204   1639096     41.57      2088   1163080    607768     15.41    180484   1354200     10712
22:23:05      2300644   1642656     41.66      2088   1163092    615732     15.61    180484   1359304     10724
22:23:06      2301424   1641876     41.64      2088   1163092    615732     15.61    180484   1359304     10724
22:23:07      2300976   1642324     41.65      2088   1163092    616264     15.63    180484   1359704     10724
22:23:08      2255764   1687536     42.80      2088   1165768    656096     16.64    180484   1403944     13400
22:23:09      2313380   1629920     41.33      2088   1165780    597552     15.15    180484   1345952     13412
22:23:10      2303340   1639960     41.59      2088   1165788    608404     15.43    180484   1355456     13420
22:23:11      2297708   1645592     41.73      2088   1165800    614484     15.58    180484   1359956     13432
22:23:12      2296972   1646328     41.75      2088   1165800    612084     15.52    180484   1360592     13432
22:23:13      2255420   1687880     42.80      2088   1168412    651384     16.52    180484   1403480     16044
22:23:14      2308628   1634672     41.45      2088   1168484    597820     15.16    180484   1350584     10816
22:23:15      2308660   1634640     41.45      2088   1168488    597788     15.16    180484   1350468     10792
22:23:16      2306644   1636656     41.50      2088   1168492    600604     15.23    180484   1353016     10796
22:23:17      2293604   1649696     41.84      2088   1168500    617600     15.66    180484   1367060     10804
22:23:18      2292084   1651216     41.87      2088   1168512    619768     15.72    180484   1367756     10816
22:23:19      2284524   1658776     42.07      2088   1168516    626900     15.90    180484   1376044     10808
22:23:20      2294588   1648712     41.81      2088   1171116    611636     15.51    180484   1365244     13412
22:23:21      2302156   1641144     41.62      2088   1171196    602736     15.29    180484   1356940     13492
22:23:22      2302604   1640696     41.61      2088   1171196    602172     15.27    180484   1356712     13492
22:23:23      2299972   1643328     41.67      2088   1171212    605172     15.35    180484   1359616     13508
22:23:24      2290532   1652768     41.91      2088   1171212    616480     15.63    180484   1369316     13508
22:23:25      2282500   1660800     42.12      2088   1171228    626332     15.88    180484   1377100     10856
22:23:26      2282740   1660560     42.11      2088   1171228    624804     15.84    180484   1377364     10860
22:23:27      2296572   1646728     41.76      2088   1173908    607180     15.40    180484   1362664     13540
22:23:28      2295848   1647452     41.78      2088   1173912    607132     15.40    180484   1363152     13544
22:23:29      2282176   1661124     42.13      2088   1173932    621628     15.76    180484   1376748     13564
22:23:30      2285516   1657784     42.04      2088   1173944    621068     15.75    180484   1374368     10780
22:23:31      2279468   1663832     42.19      2088   1173948    626188     15.88    180484   1380196     10696
22:23:32      2155980   1787320     45.33      2088   1173948    738336     18.72    180484   1493440     10696
22:23:33      2291548   1651752     41.89      2088   1176624    608452     15.43    180484   1367528     13372
22:23:34      2291276   1652024     41.89      2088   1176628    608724     15.44    180484   1368204     13376
22:23:35      2291296   1652004     41.89      2088   1176644    608724     15.44    180484   1368208     13380
22:23:36      2288524   1654776     41.96      2088   1176644    612080     15.52    180484   1371328     13380
22:23:37      2278876   1664424     42.21      2088   1176648    623024     15.80    180484   1381036     13396
22:23:38      2276856   1666444     42.26      2088   1176656    623012     15.80    180484   1381828     13404
22:23:39      2272392   1670908     42.37      2088   1176664    628012     15.93    180484   1387508     13412
22:23:40      2238568   1704732     43.23      2088   1179340    658308     16.69    180484   1420380     13424
22:23:41      2284956   1658344     42.05      2088   1179344    611964     15.52    180484   1374656     13428
22:23:42      2284500   1658800     42.07      2088   1179360    612156     15.52    180484   1375056     13444
22:23:43      2282232   1661068     42.12      2088   1179360    615172     15.60    180484   1378020     13444
22:23:44      2269096   1674204     42.46      2088   1179364    630888     16.00    180484   1391556     13448
22:23:45      2270888   1672412     42.41      2088   1179376    628956     15.95    180484   1388060     10796
22:23:46      2265412   1677888     42.55      2088   1179376    632012     16.03    180484   1392844     10796
22:23:47      2252992   1690308     42.87      2088   1182056    643052     16.31    180484   1407176     13476
22:23:48      2279420   1663880     42.20      2088   1182056    614904     15.59    180484   1379480     13476
22:23:49      2279452   1663848     42.19      2088   1182072    615020     15.60    180484   1379560     13492
22:23:50      2279148   1664152     42.20      2088   1182072    615148     15.60    180484   1379760     13492
22:23:51      2267096   1676204     42.51      2088   1182076    621868     15.77    180484   1387480     13492
22:23:52      2266024   1677276     42.53      2088   1182080    630168     15.98    180484   1393420     13496
22:23:53      2261960   1681340     42.64      2088   1182092    636084     16.13    180484   1398124     13508
22:23:54      2257464   1685836     42.75      2088   1182092    637236     16.16    180484   1401332     13508
22:23:55      2148584   1794716     45.51      2088   1184704    744460     18.88    180484   1511020     13520
22:23:56      2273128   1670172     42.35      2088   1184776    619208     15.70    180484   1386368     13528
22:23:57      2272624   1670676     42.37      2088   1184776    618924     15.70    180484   1386340     13528
22:23:58      2270608   1672692     42.42      2088   1184788    621796     15.77    180484   1389088     13540
22:23:59      2264000   1679300     42.59      2088   1184792    629612     15.97    180484   1395740     13544
22:24:00      2242132   1701168     43.14      2088   1184804    645600     16.37    180484   1409852     10672
22:24:01      2246416   1696884     43.03      2088   1184816    648228     16.44    180484   1413812     10692
22:24:02      2228208   1715092     43.49      2088   1187420    662776     16.81    180484   1431292     13296
22:24:03      2267324   1675976     42.50      2088   1187488    622592     15.79    180484   1391416     13364
22:24:04      2267228   1676072     42.50      2088   1187488    622988     15.80    180484   1392116     13364
22:24:05      2267324   1675976     42.50      2088   1187504    622944     15.80    180484   1392064     13380
22:24:06      2248424   1694876     42.98      2088   1187504    642064     16.28    180484   1411092     10716
22:24:07      2250560   1692740     42.93      2088   1187508    641180     16.26    180484   1409768     10724
22:24:08      2246556   1696744     43.03      2088   1187508    643108     16.31    180484   1412304     10724
22:24:09      2241848   1701452     43.15      2088   1187520    650436     16.49    180484   1418304     10736
22:24:10      2243108   1700192     43.12      2088   1187520    650388     16.49    180484   1418104     10736
22:24:11      2244560   1698740     43.08      2088   1187528    645280     16.36    180484   1415040      8068
22:24:12      2210088   1733212     43.95      2088   1190204    678724     17.21    180484   1449732     10844
22:24:13      2258408   1684892     42.73      2088   1190220    628988     15.95    180484   1400372     10868
22:24:14      2251156   1692144     42.91      2088   1190224    637960     16.18    180484   1407664     10872
22:24:15      2251812   1691488     42.90      2088   1190240    640236     16.24    180484   1408120     10888
22:24:16      2247096   1696204     43.01      2088   1190240    642344     16.29    180484   1411940     10888
22:24:17      2165964   1777336     45.07      2088   1192848    721060     18.29    180484   1493116     13496
22:24:18      2253832   1689468     42.84      2088   1192920    632388     16.04    180484   1404928     13568
22:24:19      2254180   1689120     42.84      2088   1192932    632040     16.03    180484   1404804     13580
22:24:20      2253676   1689624     42.85      2088   1192932    632024     16.03    180484   1404804     13580
22:24:21      2251660   1691640     42.90      2088   1192936    634976     16.10    180484   1407912     10912
22:24:22      2240728   1702572     43.18      2088   1192936    647676     16.42    180484   1419612     10916
22:24:23      2241076   1702224     43.17      2088   1192952    647244     16.41    180484   1417708     10932
22:24:24      2232300   1711000     43.39      2088   1192956    657100     16.66    180484   1427852     10948
22:24:25      2168632   1774668     45.00      2088   1195564    714792     18.13    180484   1489944     13556
22:24:26      2248116   1695184     42.99      2088   1195632    635944     16.13    180484   1411196     10960
22:24:27      2248116   1695184     42.99      2088   1195632    635440     16.11    180484   1410944     10960
22:24:28      2248116   1695184     42.99      2088   1195648    635600     16.12    180484   1411136     10976
22:24:29      2233152   1710148     43.37      2088   1195652    652820     16.56    180484   1427464     10980
22:24:30      2239732   1703568     43.20      2088   1195656    645296     16.36    180484   1420068     10984
22:24:31      2223752   1719548     43.61      2088   1195668    662164     16.79    180484   1435624     10792
22:24:32      2229680   1713620     43.46      2088   1195668    654796     16.61    180484   1429920     10796
22:24:33      2149268   1794032     45.50      2088   1198284    732632     18.58    180484   1510184     13412
22:24:34      2237752   1705548     43.25      2088   1198352    643044     16.31    180484   1421000     13480
22:24:35      2240020   1703280     43.19      2088   1198364    640808     16.25    180484   1418880     13492
22:24:36      2223304   1719996     43.62      2088   1198364    658840     16.71    180484   1436352     10892
22:24:37      2229876   1713424     43.45      2088   1198372    652064     16.54    180484   1429724     10836
22:24:38      2213056   1730244     43.88      2088   1198384    669676     16.98    180484   1445824     10848
22:24:39      2163664   1779636     45.13      2088   1198384    718600     18.22    180484   1496496     10848
22:24:40      2234972   1708328     43.32      2088   1201000    642604     16.30    180484   1423644     13464
22:24:41      2234980   1708320     43.32      2088   1201064    642180     16.29    180484   1423716     13528
22:24:42      2232712   1710588     43.38      2088   1201076    645196     16.36    180484   1426740     13536
22:24:43      2224172   1719128     43.60      2088   1201084    655644     16.63    180484   1435852     13544
22:24:44      2220780   1722520     43.68      2088   1201100    657336     16.67    180484   1438084     13560
22:24:45      2214272   1729028     43.85      2088   1201100    664148     16.84    180484   1445216     13560
22:24:46      2097072   1846228     46.82      2088   1203712    778628     19.75    180484   1561980     13472
22:24:47      2229680   1713620     43.46      2088   1203784    645328     16.37    180484   1429352     13468
22:24:48      2229428   1713872     43.46      2088   1203796    645124     16.36    180484   1429308     13480
22:24:49      2220048   1723252     43.70      2088   1203804    652508     16.55    180484   1436604     13488
22:24:50      2222308   1720992     43.64      2088   1203820    656668     16.65    180484   1438112     13504
22:24:51      2217836   1725464     43.76      2088   1203820    661888     16.79    180484   1443252     13504
22:24:52      2054524   1888776     47.90      2088   1206500    817924     20.74    180484   1603916     13512
22:24:53      2225220   1718080     43.57      2088   1206504    647000     16.41    180484   1433860     13520
22:24:54      2224600   1718700     43.59      2088   1206508    647176     16.41    180484   1434448     13524
22:24:55      2224632   1718668     43.58      2088   1206516    647240     16.41    180484   1434504     13532
22:24:56      2221860   1721440     43.65      2088   1206516    650660     16.50    180484   1437704     13532
22:24:57      2208236   1735064     44.00      2088   1206524    665640     16.88    180484   1451256     10856
22:24:58      2211472   1731828     43.92      2088   1206536    663548     16.83    180484   1447388     10868
22:24:59      2203196   1740104     44.13      2088   1206540    670952     17.01    180484   1456268     10872
22:25:00      2160508   1782792     45.21      2088   1209152    709552     17.99    180484   1497704     13484
22:25:01      2217536   1725764     43.76      2088   1209220    653080     16.56    180484   1441456     13552
22:25:02      2217156   1726144     43.77      2088   1209220    652712     16.55    180484   1441588     13352
22:25:03      2215048   1728252     43.83      2088   1209236    655848     16.63    180484   1444692     13348
22:25:04      2203664   1739636     44.12      2088   1209240    667624     16.93    180484   1455892     13352
22:25:05      2203400   1739900     44.12      2088   1209252    668144     16.94    180484   1455012     13364
22:25:06      2195172   1748128     44.33      2088   1209252    676192     17.15    180484   1464304     13364
22:25:07      2197652   1745648     44.27      2088   1211920    669324     16.97    180484   1461808     13368
22:25:08      2210536   1732764     43.94      2088   1211940    655264     16.62    180484   1448024     13388
22:25:09      2211512   1731788     43.92      2088   1211952    654260     16.59    180484   1447132     13400
22:25:10      2211512   1731788     43.92      2088   1211952    654356     16.59    180484   1447332     13400
22:25:11      2198348   1744952     44.25      2088   1211956    667296     16.92    180484   1459404     13404
22:25:12      2201412   1741888     44.17      2088   1211960    666500     16.90    180484   1458060     10744
22:25:13      2182028   1761272     44.66      2088   1211972    687684     17.44    180484   1477204     10756
22:25:14      2095592   1847708     46.86      2088   1211972    773588     19.62    180484   1564904     10768
22:25:15      2205908   1737392     44.06      2088   1214588    658068     16.69    180484   1452460     13384
22:25:16      2205708   1737592     44.06      2088   1214664    658084     16.69    180484   1453212     13460
22:25:17      2203440   1739860     44.12      2088   1214668    661076     16.76    180484   1456176     10800
22:25:18      2194216   1749084     44.36      2088   1214672    671164     17.02    180484   1465456     10804
22:25:19      2189756   1753544     44.47      2088   1214684    674428     17.10    180484   1468924     10816
22:25:20      2183116   1760184     44.64      2088   1214688    681504     17.28    180484   1474252     10820
22:25:21      2132292   1811008     45.93      2088   1217352    729852     18.51    180484   1526816     13484
22:25:22      2200556   1742744     44.20      2088   1217368    660804     16.76    180484   1458156     13500
22:25:23      2200148   1743152     44.21      2088   1217380    660840     16.76    180484   1458356     13512
22:25:24      2200144   1743156     44.21      2088   1217384    661000     16.76    180484   1458856     13516
22:25:25      2188292   1755008     44.51      2088   1217388    667400     16.92    180484   1466584     13520
22:25:26      2187996   1755304     44.51      2088   1217392    674304     17.10    180484   1471284     13524
22:25:27      2177700   1765600     44.77      2088   1217404    685600     17.39    180484   1481936     10872
22:25:28      2142188   1801112     45.68      2088   1217404    721624     18.30    180484   1518308     10868
22:25:29      2036584   1906716     48.35      2088   1220016    823480     20.88    180484   1622928     13480
22:25:30      2193588   1749712     44.37      2088   1220096    665128     16.87    180484   1465280     13560
22:25:31      2193536   1749764     44.37      2088   1220096    665192     16.87    180484   1465380     13560
22:25:32      2191224   1752076     44.43      2088   1220100    668208     16.95    180484   1468428     13564
22:25:33      2178416   1764884     44.76      2088   1220100    682272     17.30    180484   1481696     10676
22:25:34      2170400   1772900     44.96      2088   1220116    691692     17.54    180484   1489044     10696
22:25:35      2167324   1775976     45.04      2088   1220120    693220     17.58    180484   1490908     10700
22:25:36      2096316   1846984     46.84      2088   1220120    764072     19.38    180484   1563088     10700
22:25:37      2186776   1756524     44.54      2088   1222736    669764     16.98    180484   1471916     13316
22:25:38      2187532   1755768     44.53      2088   1222812    669096     16.97    180484   1471612     10728
22:25:39      2187532   1755768     44.53      2088   1222812    669096     16.97    180484   1471612     10728
22:25:40      2184508   1758792     44.60      2088   1222812    672336     17.05    180484   1474812     10728
22:25:41      2178652   1764648     44.75      2088   1222820    678636     17.21    180484   1480788     10736
22:25:42      2163336   1779964     45.14      2088   1222836    695948     17.65    180484   1496704     10752
22:25:43      2118988   1824312     46.26      2088   1222848    737656     18.71    180484   1540420     10752
22:25:44      2182216   1761084     44.66      2088   1225452    670856     17.01    180484   1476380     13356
22:25:45      2181900   1761400     44.67      2088   1225516    671304     17.02    180484   1477060     13420
22:25:46      2181648   1761652     44.67      2088   1225524    671260     17.02    180484   1477072     13440
22:25:47      2181492   1761808     44.68      2088   1225532    671500     17.03    180484   1477492     13448
22:25:48      2171160   1772140     44.94      2088   1225532    680168     17.25    180484   1486240     10848
22:25:49      2168292   1775008     45.01      2088   1225536    685932     17.39    180484   1490928     10788
22:25:50      2151624   1791676     45.44      2088   1225548    702016     17.80    180484   1505276     10800
22:25:51      2162036   1781264     45.17      2088   1225552    691924     17.55    180484   1497120     10804
22:25:52      2032300   1911000     48.46      2088   1228160    819196     20.77    180484   1626760     13412
22:25:53      2175436   1767864     44.83      2088   1228232    675688     17.14    180484   1483736     10820
22:25:54      2174932   1768368     44.84      2088   1228232    675596     17.13    180484   1483936     10820
22:25:55      2172664   1770636     44.90      2088   1228248    678580     17.21    180484   1486864     10836
22:25:56      2164500   1778800     45.11      2088   1228248    687252     17.43    180484   1494864     10836
22:25:57      2147968   1795332     45.53      2088   1228264    705156     17.88    180484   1511276     10852
22:25:58      2069092   1874208     47.53      2088   1228268    784240     19.89    180484   1591168     10852
22:25:59      2170144   1773156     44.97      2088   1230944    678220     17.20    180484   1488100     13532
22:26:00      2170176   1773124     44.97      2088   1230948    678600     17.21    180484   1489072     13536
22:26:01      2170144   1773156     44.97      2088   1230964    678412     17.20    180484   1488860     13552
22:26:02      2169892   1773408     44.97      2088   1230964    678380     17.20    180484   1488860     13552
22:26:03      2169388   1773912     44.99      2088   1230968    678572     17.21    180484   1489100     10684
22:26:04      2156092   1787208     45.32      2088   1230972    692516     17.56    180484   1502604     10688
22:26:05      2162836   1780464     45.15      2088   1230972    689088     17.47    180484   1497488     10692
22:26:06      2147116   1796184     45.55      2088   1230988    703616     17.84    180484   1512008     10708
22:26:07      2102560   1840740     46.68      2088   1233660    742904     18.84    180484   1555680     13380
22:26:08      2164276   1779024     45.12      2088   1233664    681196     17.27    180484   1494104     10780
22:26:09      2163784   1779516     45.13      2088   1233668    681392     17.28    180484   1494932     10720
22:26:10      2155160   1788140     45.35      2088   1233680    688640     17.46    180484   1502412     10732
22:26:11      2155440   1787860     45.34      2088   1233688    688880     17.47    180484   1503144     10740
22:26:12      2146668   1796632     45.56      2088   1233700    701544     17.79    180484   1513708     10752
22:26:13      2049428   1893872     48.03      2088   1233700    795948     20.18    180484   1609624     10752
22:26:14      2158796   1784504     45.25      2088   1236308    683064     17.32    180484   1499796     13360
22:26:15      2158292   1785008     45.27      2088   1236380    683576     17.34    180484   1500824     13432
22:26:16      2158040   1785260     45.27      2088   1236392    683428     17.33    180484   1500744     13444
22:26:17      2158040   1785260     45.27      2088   1236392    683428     17.33    180484   1500668     13444
22:26:18      2143676   1799624     45.64      2088   1236392    696144     17.65    180484   1513768     13544
22:26:19      2144432   1798868     45.62      2088   1236400    700072     17.75    180484   1515884     10892
22:26:20      2123500   1819800     46.15      2088   1236400    714752     18.13    180484   1530884     10892
22:26:21      2136180   1807120     45.83      2088   1236412    708896     17.98    180484   1524060     10904
22:26:22      2138480   1804820     45.77      2088   1236412    704284     17.86    180484   1521060     10904
22:26:23      2061336   1881964     47.73      2088   1236416    781716     19.82    180484   1598304     10908
22:26:24      2149472   1793828     45.49      2088   1239088    689204     17.48    180484   1508880     10916
22:26:25      2149464   1793836     45.49      2088   1239100    689060     17.47    180484   1508836     10928
22:26:26      2142472   1800828     45.67      2088   1239108    696020     17.65    180484   1514920     10936
22:26:27      2141968   1801332     45.68      2088   1239120    700824     17.77    180484   1517332     10948
22:26:28      2123068   1820232     46.16      2088   1239120    718744     18.23    180484   1535732     10948
22:26:29      2133652   1809648     45.89      2088   1239124    707580     17.94    180484   1525932      8280
22:26:30      2131364   1811936     45.95      2088   1241732    706088     17.91    180484   1527220     10892
22:26:31      2144732   1798568     45.61      2088   1241812    692208     17.55    180484   1513884     10972
22:26:32      2144732   1798568     45.61      2088   1241812    692144     17.55    180484   1514000     10972
22:26:33      2142708   1800592     45.66      2088   1241816    695208     17.63    180484   1516960     10976
22:26:34      2135892   1807408     45.83      2088   1241816    701836     17.80    180484   1523560     10876
22:26:35      2136164   1807136     45.83      2088   1241836    704184     17.86    180484   1524500     10812
22:26:36      2071360   1871940     47.47      2088   1241836    767296     19.46    180484   1588172     10812
22:26:37      2139384   1803916     45.75      2088   1244456    695484     17.64    180484   1519224     13432
22:26:38      2139580   1803720     45.74      2088   1244524    695260     17.63    180484   1519124     13500
22:26:39      2139340   1803960     45.75      2088   1244528    695676     17.64    180484   1519844     10904
22:26:40      2139140   1804160     45.75      2088   1244532    695676     17.64    180484   1519896     10844
22:26:41      2123768   1819532     46.14      2088   1244536    712136     18.06    180484   1535772     10848
22:26:42      2128572   1814728     46.02      2088   1244540    709108     17.98    180484   1531076     10852
22:26:43      2118184   1825116     46.28      2088   1244552    716336     18.17    180484   1541644     10864
22:26:44      1943320   1999980     50.72      2088   1244552    891948     22.62    180484   1716976      8264
22:26:45      2133320   1809980     45.90      2088   1247236    697128     17.68    180484   1525428     10884
22:26:46      2132816   1810484     45.91      2088   1247244    697128     17.68    180484   1525664     10892
22:26:47      2132816   1810484     45.91      2088   1247248    697128     17.68    180484   1525716     10896
22:26:48      2127524   1815776     46.05      2088   1247248    704028     17.85    180484   1532216     10896
22:26:49      2121916   1821384     46.19      2088   1247256    710432     18.02    180484   1537396     10788
22:26:50      2111648   1831652     46.45      2088   1247268    722368     18.32    180484   1547556     10800
22:26:51      2113332   1829968     46.41      2088   1247272    720540     18.27    180484   1547220     10804
22:26:52      2117400   1825900     46.30      2088   1249940    710424     18.02    180484   1540720     13472
22:26:53      2125952   1817348     46.09      2088   1249952    702064     17.80    180484   1532752     13484
22:26:54      2126256   1817044     46.08      2088   1249968    701376     17.79    180484   1532232     10900
22:26:55      2119200   1824100     46.26      2088   1249968    709528     17.99    180484   1540020     10836
22:26:56      2115680   1827620     46.35      2088   1249972    714352     18.12    180484   1543504     10840
22:26:57      2105600   1837700     46.60      2088   1249988    725016     18.39    180484   1553076     10856
22:26:58      2108400   1834900     46.53      2088   1249988    718512     18.22    180484   1548452     10856
22:26:59      1974356   1968944     49.93      2088   1252664    851944     21.60    180484   1684704     13532
22:27:00      2122028   1821272     46.19      2088   1252680    703304     17.84    180484   1536712     13540
22:27:01      2120968   1822332     46.21      2088   1252680    703432     17.84    180484   1536912     13544
22:27:02      2121020   1822280     46.21      2088   1252684    703432     17.84    180484   1536868     13548
22:27:03      2121220   1822080     46.21      2088   1252684    703416     17.84    180484   1536968     13548
22:27:04      2103616   1839684     46.65      2088   1252684    723560     18.35    180484   1555932     13548
22:27:05      2114436   1828864     46.38      2088   1252688    712400     18.07    180484   1544696     10672
22:27:06      2092268   1851032     46.94      2088   1252700    734932     18.64    180484   1565620     10696
22:27:07      2100584   1842716     46.73      2088   1252704    729576     18.50    180484   1560076     10700
22:27:08      2101036   1842264     46.72      2088   1255304    722060     18.31    180484   1557076     13300
22:27:09      2113080   1830220     46.41      2088   1255380    710268     18.01    180484   1545420     13376
22:27:10      2113900   1829400     46.39      2088   1255396    708756     17.97    180484   1544100     10720
22:27:11      2113900   1829400     46.39      2088   1255396    708756     17.97    180484   1544100     10724
22:27:12      2102244   1841056     46.69      2088   1255396    722224     18.32    180484   1558200     10724
22:27:13      2106340   1836960     46.58      2088   1255416    719484     18.25    180484   1553960     10744
22:27:14      2094164   1849136     46.89      2088   1255420    733072     18.59    180484   1565960     10748
22:27:15      2001996   1941304     49.23      2088   1255420    823724     20.89    180484   1658160      8084
22:27:16      2061140   1882160     47.73      2088   1258036    759564     19.26    180484   1596620     10700
22:27:17      2108836   1834464     46.52      2088   1258112    711580     18.05    180484   1549440     10776
22:27:18      2106820   1836480     46.57      2088   1258112    714468     18.12    180484   1552300     10776
22:27:19      2097976   1845324     46.80      2088   1258120    723868     18.36    180484   1561296     10784
22:27:20      2087156   1856144     47.07      2088   1258136    735408     18.65    180484   1571092     10800
22:27:21      1957872   1985428     50.35      2088   1258136    864660     21.93    180484   1702028     10800
22:27:22      2104024   1839276     46.64      2088   1260744    713408     18.09    180484   1554288     13408
22:27:23      2103960   1839340     46.64      2088   1260812    713456     18.09    180484   1554508     13476
22:27:24      2103772   1839528     46.65      2088   1260828    713556     18.10    180484   1554856     13492
22:27:25      2103520   1839780     46.66      2088   1260828    713652     18.10    180484   1554956     10892
22:27:26      2101504   1841796     46.71      2088   1260832    716812     18.18    180484   1557936     10832
22:27:27      2093376   1849924     46.91      2088   1260832    723916     18.36    180484   1565836     10832
22:27:28      2091676   1851624     46.96      2088   1260848    728876     18.48    180484   1569100     10848
22:27:29      2051356   1891944     47.98      2088   1260848    764400     19.38    180484   1605616     10848
22:27:30      2062892   1880408     47.69      2088   1263524    753264     19.10    180692   1596592     10860
