Linux 5.10.234-225.910.amzn2.x86_64 (ip-10-0-164-191.us-west-2.compute.internal) 	03/25/25 	_x86_64_	(2 CPU)

22:13:01        CPU     %user     %nice   %system   %iowait    %steal     %idle
22:13:02        all     18.81      0.00      0.99      0.00     80.20      0.00
22:13:03        all     23.15      0.00      2.46      0.00     74.38      0.00
22:13:04        all     38.94      0.00      3.85      0.48     44.23     12.50
22:13:05        all     26.96      0.00      3.92      0.00     31.86     37.25
22:13:06        all     33.33      0.00      3.98      0.00     26.37     36.32
22:13:07        all     31.34      0.00      1.49      0.00     17.41     49.75
22:13:08        all     35.50      0.00      1.50      0.00     13.50     49.50
22:13:09        all     33.00      0.00      1.97      0.00     15.76     49.26
22:13:10        all     30.43      0.00      4.35      0.00     19.81     45.41
22:13:11        all     28.71      0.00      3.47      0.00     24.26     43.56
22:13:12        all     28.10      0.00      3.81      0.00     23.33     44.76
22:13:13        all     36.27      0.00      3.92      3.92     13.73     42.16
22:13:14        all     14.65      0.00      1.01      0.00      1.52     82.83
22:13:15        all      0.00      0.00      0.00      0.00      0.50     99.50
22:13:16        all      0.00      0.00      0.50      0.00      0.00     99.50
22:13:17        all      0.00      0.00      0.00      0.00      0.00    100.00
22:13:18        all      0.00      0.00      0.00      0.00      0.00    100.00
22:13:19        all      0.00      0.00      0.50      0.00      0.00     99.50
22:13:20        all      0.50      0.00      0.00      0.00      0.50     99.00
22:13:21        all      1.99      0.00      1.00      0.00      1.49     95.52
22:13:22        all      3.48      0.00      2.99      0.00      4.98     88.56
22:13:23        all      6.31      0.00      3.88      0.97      7.77     81.07
22:13:24        all     19.61      0.00     10.78      4.90     16.18     48.53
22:13:25        all     13.07      0.00      6.03      0.00      4.52     76.38
22:13:26        all      7.46      0.00      1.99      0.00      2.49     88.06
22:13:27        all     22.17      0.00      8.37      0.00     17.24     52.22
22:13:28        all     11.76      0.00      5.88      0.00     10.78     71.57
22:13:29        all      9.85      0.00      7.39      4.93     12.81     65.02
22:13:30        all     31.82      0.00      0.51      0.00     11.11     56.57
22:13:31        all     40.00      0.00      0.50      0.00      9.50     50.00
22:13:32        all     37.13      0.00      2.97      0.00     11.39     48.51
22:13:33        all      6.97      0.00      3.48      0.00      1.99     87.56
22:13:34        all     28.36      0.00      5.47      0.50      5.97     59.70
22:13:35        all     10.05      0.00      4.02      0.00      7.04     78.89
22:13:36        all     25.49      0.00      6.86      0.00     19.61     48.04
22:13:37        all     21.29      0.00     13.86      0.00     13.37     51.49
22:13:38        all     11.76      0.00      4.41      0.00      7.84     75.98
22:13:39        all     12.38      0.00      4.95      1.49      6.44     74.75
22:13:40        all     18.63      0.00      8.33      0.00     14.22     58.82
22:13:41        all     10.34      0.00      5.42      0.00      8.37     75.86
22:13:42        all     20.60      0.00      4.02      0.00      4.02     71.36
22:13:43        all     12.94      0.00      6.47      0.00      1.49     79.10
22:13:44        all     13.30      0.00      3.94      0.99      9.85     71.92
22:13:45        all     37.62      0.00      3.96      0.00     17.82     40.59
22:13:46        all      8.00      0.00      4.00      0.00      6.50     81.50
22:13:47        all     24.63      0.00      3.94      0.00     16.26     55.17
22:13:48        all     19.70      0.00      9.85      0.00     14.29     56.16
22:13:49        all     12.06      0.00      0.50      0.00      6.53     80.90
22:13:50        all     32.02      0.00      8.87      0.00     23.15     35.96
22:13:51        all     11.50      0.00      2.00      0.00      7.00     79.50
22:13:52        all     15.20      0.00      6.37      0.00     12.75     65.69
22:13:53        all     14.22      0.00      4.41      0.00      2.45     78.92
22:13:54        all      8.46      0.00      2.99      0.00      1.99     86.57
22:13:55        all     14.08      0.00      4.37      0.00      9.22     72.33
22:13:56        all      6.40      0.00      3.94      0.00      5.91     83.74
22:13:57        all     18.32      0.00      5.94      0.00      3.96     71.78
22:13:58        all     10.00      0.00      1.00      0.00      3.00     86.00
22:13:59        all     11.56      0.00      4.02      0.00      9.05     75.38
22:14:00        all     32.37      0.00      6.28      0.00     23.67     37.68
22:14:01        all     19.31      0.00      3.96      0.00      8.91     67.82
22:14:02        all      5.50      0.00      2.00      0.00     16.00     76.50
22:14:03        all      5.94      0.00      1.98      0.00     16.83     75.25
22:14:04        all      4.93      0.00      2.46      0.00      7.88     84.73
22:14:05        all     19.02      0.00      7.80      0.98     18.05     54.15
22:14:06        all      3.47      0.00      2.48      0.00      4.46     89.60
22:14:07        all     26.73      0.00      5.45      0.00     14.85     52.97
22:14:08        all     14.15      0.00      9.27      0.00     13.17     63.41
22:14:09        all     11.94      0.00      6.97      0.00      3.48     77.61
22:14:10        all     18.54      0.00      6.83      0.49     12.68     61.46
22:14:11        all     20.50      0.00      4.00      0.00      8.50     67.00
22:14:12        all     15.15      0.00      7.07      0.00      7.07     70.71
22:14:13        all     20.20      0.00      5.42      0.00     12.32     62.07
22:14:14        all     20.10      0.00      6.86      0.00      8.82     64.22
22:14:15        all     14.85      0.00      2.97      0.00      9.90     72.28
22:14:16        all     10.00      0.00      5.50      0.00      6.50     78.00
22:14:17        all      5.94      0.00      0.50      0.00      4.46     89.11
22:14:18        all     31.16      0.00      0.50      0.00     18.59     49.75
22:14:19        all     21.50      0.00      7.50      0.00      8.50     62.50
22:14:20        all      7.96      0.00      3.98      0.50      2.99     84.58
22:14:21        all     15.35      0.00      7.92      0.00      7.92     68.81
22:14:22        all     16.67      0.00      1.01      0.00      4.55     77.78
22:14:23        all     17.33      0.00      8.42      0.00     14.85     59.41
22:14:24        all      2.01      0.00      0.50      0.00      1.51     95.98
22:14:25        all     31.03      0.00      1.97      0.00     17.24     49.75
22:14:26        all     38.00      0.00      3.00      0.00     12.50     46.50
22:14:27        all     17.65      0.00      4.90      0.00     10.29     67.16
22:14:28        all     23.88      0.00      2.99      0.00      4.98     68.16
22:14:29        all      8.50      0.00      3.00      0.00      5.50     83.00
22:14:30        all     27.86      0.00      9.45      0.00     12.94     49.75
22:14:31        all     17.16      0.00      7.84      0.00      8.82     66.18
22:14:32        all      1.50      0.00      1.00      0.00      1.00     96.50
22:14:33        all      6.44      0.00      2.97      0.00      6.93     83.66
22:14:34        all     17.39      0.00     10.14      0.00     12.08     60.39
22:14:35        all     16.92      0.00      1.00      0.00      9.45     72.64
22:14:36        all     23.90      0.00     10.24      0.00     18.05     47.80
22:14:37        all     20.40      0.00      0.50      0.00      7.96     71.14
22:14:38        all     25.00      0.00      3.92      0.00     14.71     56.37
22:14:39        all     11.33      0.00      4.93      0.00     11.82     71.92
22:14:40        all     19.50      0.00      1.50      0.00      6.50     72.50
22:14:41        all     22.28      0.00      7.92      0.00     12.87     56.93
22:14:42        all     14.07      0.00      3.52      0.00      5.03     77.39
22:14:43        all     22.77      0.00      3.96      0.00     10.40     62.87
22:14:44        all     13.50      0.00      6.50      0.00      5.50     74.50
22:14:45        all     24.75      0.00      5.94      0.00      9.90     59.41
22:14:46        all      5.39      0.00      2.45      0.49      3.43     88.24
22:14:47        all     26.63      0.00      7.54      0.00     14.07     51.76
22:14:48        all     11.33      0.00      4.43      0.00     11.82     72.41
22:14:49        all     21.89      0.00      6.97      0.00      4.98     66.17
22:14:50        all      7.43      0.00      2.48      0.00      6.44     83.66
22:14:51        all      8.50      0.00      3.50      0.00      7.00     81.00
22:14:52        all     20.00      0.00      2.50      0.00      3.50     74.00
22:14:53        all     21.29      0.00      7.43      0.00     15.84     55.45
22:14:54        all     20.60      0.00      5.53      0.00      4.52     69.35
22:14:55        all     23.04      0.00      3.43      0.00     17.65     55.88
22:14:56        all      8.00      0.00      4.00      0.00      6.50     81.50
22:14:57        all     27.72      0.00      8.42      0.00     10.40     53.47
22:14:58        all      6.47      0.00      2.49      0.00      5.97     85.07
22:14:59        all      4.48      0.00      2.99      0.00      4.98     87.56
22:15:00        all      7.80      0.00      4.88      0.00      7.80     79.51
22:15:01        all     20.59      0.00      3.43      0.98     22.55     52.45
22:15:02        all     11.66      0.00      8.52      0.00     56.50     23.32
22:15:03        all      8.21      0.00      2.42      0.00     13.04     76.33
22:15:04        all     19.21      0.00      3.94      0.00     21.67     55.17
22:15:05        all     15.05      0.00      6.80      0.00     15.53     62.62
22:15:06        all      5.00      0.00      2.00      0.00      2.50     90.50
22:15:07        all     19.40      0.00      1.49      0.00     10.45     68.66
22:15:08        all     21.67      0.00      5.91      0.00     12.81     59.61
22:15:09        all     22.06      0.00      2.94      0.00     10.29     64.71
22:15:10        all     10.55      0.00      5.03      0.00      7.54     76.88
22:15:11        all     16.26      0.00      1.48      0.00      4.93     77.34
22:15:12        all     25.74      0.00     10.89      0.00     18.81     44.55
22:15:13        all      9.95      0.00      1.00      0.00      5.97     83.08
22:15:14        all     20.79      0.00      5.45      0.00     12.38     61.39
22:15:15        all      3.00      0.00      1.50      0.00      1.00     94.50
22:15:16        all     31.19      0.00      4.46      0.00     18.81     45.54
22:15:17        all      4.48      0.00      1.49      0.50      1.49     92.04
22:15:18        all      9.90      0.00      2.48      0.00      8.42     79.21
22:15:19        all     11.06      0.00      2.51      0.00      7.04     79.40
22:15:20        all     13.43      0.00      4.98      0.00      5.97     75.62
22:15:21        all     19.80      0.00      3.47      0.00      8.42     68.32
22:15:22        all      9.90      0.00      4.46      0.50      3.96     81.19
22:15:23        all     30.65      0.00     10.05      0.00     16.08     43.22
22:15:24        all      1.00      0.00      0.50      0.00      0.50     98.00
22:15:25        all      3.00      0.00      0.50      0.00      3.00     93.50
22:15:26        all      8.91      0.00      3.96      0.00      2.48     84.65
22:15:27        all     17.91      0.00      1.00      0.50      5.47     75.12
22:15:28        all      9.55      0.00      4.52      0.00      2.51     83.42
22:15:29        all     23.00      0.00      6.00      0.00      6.00     65.00
22:15:30        all      3.96      0.00      1.98      0.00      6.44     87.62
22:15:31        all      8.00      0.00      4.50      0.00      5.00     82.50
22:15:32        all     17.50      0.00      0.50      0.00      7.50     74.50
22:15:33        all     12.00      0.00      6.50      0.00     11.50     70.00
22:15:34        all     11.94      0.00      2.49      0.00      6.47     79.10
22:15:35        all     16.16      0.00      6.57      0.00     11.62     65.66
22:15:36        all      1.51      0.00      0.00      0.00      1.01     97.49
22:15:37        all      6.37      0.00      2.94      0.49      3.43     86.76
22:15:38        all     21.39      0.00      2.99      0.00      5.97     69.65
22:15:39        all      9.00      0.00      2.50      0.00      4.50     84.00
22:15:40        all     14.93      0.00      3.48      0.00      4.98     76.62
22:15:41        all     12.12      0.00      5.56      0.00      4.55     77.78
22:15:42        all      1.50      0.00      0.00      0.50      0.50     97.50
22:15:43        all      8.91      0.00      4.46      0.00      5.45     81.19
22:15:44        all     17.82      0.00      1.49      0.00      4.95     75.74
22:15:45        all     13.93      0.00      7.46      0.00      7.46     71.14
22:15:46        all     20.79      0.00      5.45      0.00      6.93     66.83
22:15:47        all      3.52      0.00      0.50      0.00      4.02     91.96
22:15:48        all      0.50      0.00      0.50      0.00      1.01     97.99
22:15:49        all     26.47      0.00      5.39      0.00      8.33     59.80
22:15:50        all      5.03      0.00      2.01      0.00      2.51     90.45
22:15:51        all     15.05      0.00      5.34      0.00     10.19     69.42
22:15:52        all     16.92      0.00      4.98      0.50     11.44     66.17
22:15:53        all      1.01      0.00      0.50      0.00      1.51     96.98
22:15:54        all      1.49      0.00      0.50      0.00      1.49     96.52
22:15:55        all     15.61      0.00      3.41      0.00      9.27     71.71
22:15:56        all     15.27      0.00      3.45      0.00      4.43     76.85
22:15:57        all     12.68      0.00      4.39      0.00      6.34     76.59
22:15:58        all     18.59      0.00      3.52      0.00      4.02     73.87
22:15:59        all      5.91      0.00      2.46      0.00      1.97     89.66
22:16:00        all      0.50      0.00      0.00      0.00      0.50     99.00
22:16:01        all      1.50      0.00      0.50      0.00      1.00     97.00
22:16:02        all      3.41      0.00      4.39      0.00     14.15     78.05
22:16:03        all     21.05      0.00      5.26      0.48     22.01     51.20
22:16:04        all      9.41      0.00      2.97      0.00      6.93     80.69
22:16:05        all     26.70      0.00      6.31      0.00     12.14     54.85
22:16:06        all      4.98      0.00      2.99      0.00      5.47     86.57
22:16:07        all      2.49      0.00      1.00      0.00      0.50     96.02
22:16:08        all      1.51      0.00      0.50      0.00      2.01     95.98
22:16:09        all     21.36      0.00      3.88      0.00     12.14     62.62
22:16:10        all      8.91      0.00      4.95      0.00      6.44     79.70
22:16:11        all     12.87      0.00      5.94      0.00      8.42     72.77
22:16:12        all     23.27      0.00      7.92      0.00      6.44     62.38
22:16:13        all      3.48      0.00      1.49      0.50      1.00     93.53
22:16:14        all      1.49      0.00      0.50      0.00      0.50     97.51
22:16:15        all      0.00      0.00      0.00      0.00      1.01     98.99
22:16:16        all      9.18      0.00      8.21      0.00     13.04     69.57
22:16:17        all     17.33      0.00      0.99      0.00      2.97     78.71
22:16:18        all     16.34      0.00      6.44      0.00     10.89     66.34
22:16:19        all     30.05      0.00      8.37      0.00     17.73     43.84
22:16:20        all      1.52      0.00      0.00      0.00      0.51     97.98
22:16:21        all      2.46      0.00      1.48      0.00      1.48     94.58
22:16:22        all     10.45      0.00      3.48      0.00      6.97     79.10
22:16:23        all     16.34      0.00      3.96      0.50      7.43     71.78
22:16:24        all     13.86      0.00      3.96      0.00      6.93     75.25
22:16:25        all     23.15      0.00      6.90      0.00      9.36     60.59
22:16:26        all      5.03      0.00      2.51      0.00      2.01     90.45
22:16:27        all      0.50      0.00      0.50      0.00      0.50     98.50
22:16:28        all      5.53      0.00      1.51      0.00      3.02     89.95
22:16:29        all     21.50      0.00      3.50      0.00      7.00     68.00
22:16:30        all     23.50      0.00      7.00      0.00      5.00     64.50
22:16:31        all     16.00      0.00      6.00      0.00      2.50     75.50
22:16:32        all      3.96      0.00      1.49      0.00      3.47     91.09
22:16:33        all      1.00      0.00      0.50      0.00      1.00     97.50
22:16:34        all     10.40      0.00      4.95      0.00      5.94     78.71
22:16:35        all     16.83      0.00      1.98      0.00      2.97     78.22
22:16:36        all      9.05      0.00      4.02      0.00      4.02     82.91
22:16:37        all     22.39      0.00      5.47      0.00      9.95     62.19
22:16:38        all      8.96      0.00      4.48      0.00      3.98     82.59
22:16:39        all      2.49      0.00      1.00      0.50      1.49     94.53
22:16:40        all      8.37      0.00      4.93      0.00      9.36     77.34
22:16:41        all     17.82      0.00      1.49      0.00      7.92     72.77
22:16:42        all      8.54      0.00      3.52      0.00      4.52     83.42
22:16:43        all     10.34      0.00      4.93      0.00      5.91     78.82
22:16:44        all     19.40      0.00      5.97      0.00     11.94     62.69
22:16:45        all      2.00      0.00      0.00      0.00      1.50     96.50
22:16:46        all      9.85      0.00      6.40      0.00      7.88     75.86
22:16:47        all     19.50      0.00      0.50      0.00     11.00     69.00
22:16:48        all     21.18      0.00      7.39      0.00     17.73     53.69
22:16:49        all      2.49      0.00      1.00      0.00      2.99     93.53
22:16:50        all     20.50      0.00      4.00      0.00     10.50     65.00
22:16:51        all      3.94      0.00      1.97      0.00      2.46     91.63
22:16:52        all      7.54      0.00      4.02      0.00      7.54     80.90
22:16:53        all     10.45      0.00      1.49      0.00      2.49     85.57
22:16:54        all     21.89      0.00      4.98      0.50      5.47     67.16
22:16:55        all      5.94      0.00      1.98      0.00      2.48     89.60
22:16:56        all     20.79      0.00      5.94      0.00      4.46     68.81
22:16:57        all      1.00      0.00      1.00      0.00      0.00     98.00
22:16:58        all     24.00      0.00      4.00      0.00      7.50     64.50
22:16:59        all      5.50      0.00      1.50      0.00      2.50     90.50
22:17:00        all     20.20      0.00      5.42      0.00      7.88     66.50
22:17:01        all     19.70      0.00      5.91      0.00      8.87     65.52
22:17:02        all      2.00      0.00      0.50      0.00      4.50     93.00
22:17:03        all      0.00      0.00      0.00      0.00      0.00    100.00
22:17:04        all      2.99      0.00      1.00      0.50      1.49     94.03
22:17:05        all      7.35      0.00      3.92      0.00      7.84     80.88
22:17:06        all     21.39      0.00      3.48      0.00      4.98     70.15
22:17:07        all      9.76      0.00      4.39      0.00      9.27     76.59
22:17:08        all     24.14      0.00      9.85      0.00     14.78     51.23
22:17:09        all      1.50      0.00      0.50      0.00      1.00     97.00
22:17:10        all      3.48      0.00      0.50      0.00      2.99     93.03
22:17:11        all     18.63      0.00      5.39      0.00     12.25     63.73
22:17:12        all     13.93      0.00      1.49      0.00      5.47     79.10
22:17:13        all     21.11      0.00      6.53      0.00     12.56     59.80
22:17:14        all     21.67      0.00      7.39      0.49      8.87     61.58
22:17:15        all      1.01      0.00      0.00      0.00      0.00     98.99
22:17:16        all      4.46      0.00      2.97      0.00      5.45     87.13
22:17:17        all     24.88      0.00      3.98      0.00     10.45     60.70
22:17:18        all     13.86      0.00      5.45      0.00      9.90     70.79
22:17:19        all      7.43      0.00      3.47      0.00      9.90     79.21
22:17:20        all     14.85      0.00      3.96      0.00      6.44     74.75
22:17:21        all     10.89      0.00      3.47      0.00      7.43     78.22
22:17:22        all      2.01      0.00      0.50      0.00      2.01     95.48
22:17:23        all      6.03      0.00      2.51      0.00      1.51     89.95
22:17:24        all     23.88      0.00      2.49      0.00      6.47     67.16
22:17:25        all     12.68      0.00      6.83      0.00     14.63     65.85
22:17:26        all     21.61      0.00      5.03      0.00      4.52     68.84
22:17:27        all      3.48      0.00      0.50      0.00      1.00     95.02
22:17:28        all      1.51      0.00      0.50      0.00      0.00     97.99
22:17:29        all      6.50      0.00      3.00      0.00      4.50     86.00
22:17:30        all     22.50      0.00      2.00      0.50      9.50     65.50
22:17:31        all     16.67      0.00      6.86      0.00     12.25     64.22
22:17:32        all     21.29      0.00      5.94      0.00      8.91     63.86
22:17:33        all      3.00      0.00      2.00      0.00      1.00     94.00
22:17:34        all      1.00      0.00      1.00      0.00      0.50     97.51
22:17:35        all      7.04      0.00      3.52      0.00      3.02     86.43
22:17:36        all     11.39      0.00      1.98      0.00      4.46     82.18
22:17:37        all     20.00      0.00      5.00      0.00      7.00     68.00
22:17:38        all      4.50      0.00      1.00      0.00      1.00     93.50
22:17:39        all     27.45      0.00      8.33      0.00     10.29     53.92
22:17:40        all      1.50      0.00      0.00      0.50      0.50     97.50
22:17:41        all      7.92      0.00      4.95      0.00      7.92     79.21
22:17:42        all     21.18      0.00      2.96      0.00     10.84     65.02
22:17:43        all     17.33      0.00      6.93      0.00     12.87     62.87
22:17:44        all      9.00      0.00      1.50      0.00      2.50     87.00
22:17:45        all     18.18      0.00      6.06      0.00      6.06     69.70
22:17:46        all      2.49      0.00      0.50      0.00      0.50     96.52
22:17:47        all      9.36      0.00      6.90      0.00      8.37     75.37
22:17:48        all     19.31      0.00      0.50      0.00      9.90     70.30
22:17:49        all     16.58      0.00      6.03      0.00      6.03     71.36
22:17:50        all      2.48      0.00      1.49      0.00      1.49     94.55
22:17:51        all     23.88      0.00      5.97      0.00     10.45     59.70
22:17:52        all      3.03      0.00      0.51      0.00      1.52     94.95
22:17:53        all      8.96      0.00      4.48      0.00      6.47     80.10
22:17:54        all      5.97      0.00      0.50      0.00      3.98     89.55
22:17:55        all     28.92      0.00      4.90      0.49     20.59     45.10
22:17:56        all      4.00      0.00      1.00      0.00      4.00     91.00
22:17:57        all      2.96      0.00      1.97      0.00      2.46     92.61
22:17:58        all     26.24      0.00      7.92      0.00     14.36     51.49
22:17:59        all      0.50      0.00      0.50      0.00      1.50     97.50
22:18:00        all     11.27      0.00      4.41      0.00     15.20     69.12
22:18:01        all     21.29      0.00      1.49      0.00     11.88     65.35
22:18:02        all      4.43      0.00      2.46      0.00     17.24     75.86
22:18:03        all     11.65      0.00      5.83      0.00     17.48     65.05
22:18:04        all     27.72      0.00      6.93      0.00      8.91     56.44
22:18:05        all      2.50      0.00      0.50      0.00      1.50     95.50
22:18:06        all      1.51      0.00      0.50      0.50      0.50     96.98
22:18:07        all      0.99      0.00      0.50      0.00      0.99     97.52
22:18:08        all      4.50      0.00      3.00      0.00      4.00     88.50
22:18:09        all     11.88      0.00      0.50      0.00     10.40     77.23
22:18:10        all     22.77      0.00      5.94      0.00      7.43     63.86
22:18:11        all      4.48      0.00      2.49      0.00      2.49     90.55
22:18:12        all     21.78      0.00      5.45      0.00      7.43     65.35
22:18:13        all      2.01      0.00      1.01      0.00      2.01     94.97
22:18:14        all     22.28      0.00      5.45      0.00      7.43     64.85
22:18:15        all      5.97      0.00      2.99      0.00      3.48     87.56
22:18:16        all     21.67      0.00      7.39      0.49      8.37     62.07
22:18:17        all     19.10      0.00      9.05      0.00     13.57     58.29
22:18:18        all      3.47      0.00      1.49      0.00      0.99     94.06
22:18:19        all      1.00      0.00      0.00      0.00      0.50     98.50
22:18:20        all      7.88      0.00      5.42      0.00      7.88     78.82
22:18:21        all     16.75      0.00      1.48      0.00      4.93     76.85
22:18:22        all     15.53      0.00      8.25      0.00     15.05     61.17
22:18:23        all     15.42      0.00      3.98      0.00      6.97     73.63
22:18:24        all     11.44      0.00      3.48      0.00      6.97     78.11
22:18:25        all      2.51      0.00      0.00      0.00      1.01     96.48
22:18:26        all     13.59      0.00      5.83      0.00     10.68     69.90
22:18:27        all     14.93      0.00      1.99      0.00      5.97     77.11
22:18:28        all     17.16      0.00      5.39      0.00      8.33     69.12
22:18:29        all     23.76      0.00     10.40      0.00     24.75     41.09
22:18:30        all      7.54      0.00      2.51      0.00      3.02     86.93
22:18:31        all      1.49      0.00      0.00      0.00      0.50     98.01
22:18:32        all     12.44      0.00      5.47      0.00      4.98     77.11
22:18:33        all     15.58      0.00      1.51      0.00      5.53     77.39
22:18:34        all     18.63      0.00      7.84      0.00     11.27     62.25
22:18:35        all     24.88      0.00      6.47      0.00     14.93     53.73
22:18:36        all      1.49      0.00      1.00      0.50      1.49     95.52
22:18:37        all      6.00      0.00      3.50      0.00      5.00     85.50
22:18:38        all     20.69      0.00      4.43      0.00      7.39     67.49
22:18:39        all      5.97      0.00      4.48      0.00      3.48     86.07
22:18:40        all     20.90      0.00      4.48      0.00      6.47     68.16
22:18:41        all     13.13      0.00      5.56      0.00      2.02     79.29
22:18:42        all      2.48      0.00      0.99      0.00      1.49     95.05
22:18:43        all     11.00      0.00      5.50      0.00      5.50     78.00
22:18:44        all     15.84      0.00      1.49      0.00      6.44     76.24
22:18:45        all     16.42      0.00      5.97      0.00      9.45     68.16
22:18:46        all     28.36      0.00      7.96      0.00      9.95     53.73
22:18:47        all      2.00      0.00      1.00      0.50      1.00     95.50
22:18:48        all      1.50      0.00      0.50      0.00      1.00     97.00
22:18:49        all     19.40      0.00      3.48      0.00      8.96     68.16
22:18:50        all      9.45      0.00      3.48      0.00      8.46     78.61
22:18:51        all     12.87      0.00      6.44      0.00      7.92     72.77
22:18:52        all     24.88      0.00      6.47      0.00      7.96     60.70
22:18:53        all      8.91      0.00      2.97      0.00      2.97     85.15
22:18:54        all      0.50      0.00      0.00      0.00      0.50     99.00
22:18:55        all      2.49      0.00      1.49      0.00      1.00     95.02
22:18:56        all     12.25      0.00      4.41      0.00      6.86     76.47
22:18:57        all     15.50      0.00      1.00      0.50      5.50     77.50
22:18:58        all     16.26      0.00      5.91      0.00      7.39     70.44
22:18:59        all     23.76      0.00      8.42      0.00      5.94     61.88
22:19:00        all      2.00      0.00      1.00      0.00      1.00     96.00
22:19:01        all      4.50      0.00      2.50      0.00      1.50     91.50
22:19:02        all     15.38      0.00      4.81      0.00     32.69     47.12
22:19:03        all     15.69      0.00      2.94      0.00     10.78     70.59
22:19:04        all      8.91      0.00      3.96      0.00     10.40     76.73
22:19:05        all     14.29      0.00      2.96      0.00     12.81     69.95
22:19:06        all     16.00      0.00      6.00      0.00     12.00     66.00
22:19:07        all      1.51      0.00      1.01      0.00      2.01     95.48
22:19:08        all      9.50      0.00      4.00      0.00      6.50     80.00
22:19:09        all     22.28      0.00      3.96      0.00      8.42     65.35
22:19:10        all      7.92      0.00      4.95      0.00      5.94     81.19
22:19:11        all     19.40      0.00      3.98      0.00      8.46     68.16
22:19:12        all     25.85      0.00     14.63      0.00     22.44     37.07
22:19:13        all      1.98      0.00      0.00      0.00      0.50     97.52
22:19:14        all      1.99      0.00      0.50      0.00      0.50     97.01
22:19:15        all      2.97      0.00      1.49      0.00      1.98     93.56
22:19:16        all     31.03      0.00      7.39      0.00     13.30     48.28
22:19:17        all      8.42      0.00      2.97      0.50      3.96     84.16
22:19:18        all     19.80      0.00      5.94      0.00     11.88     62.38
22:19:19        all     17.00      0.00      5.00      0.00     13.00     65.00
22:19:20        all      3.96      0.00      1.98      0.00      2.97     91.09
22:19:21        all     16.83      0.00      6.44      0.00     12.87     63.86
22:19:22        all     13.50      0.00      0.50      0.00      4.50     81.50
22:19:23        all     13.37      0.00      6.44      0.00      8.42     71.78
22:19:24        all     27.86      0.00     10.45      0.00     12.94     48.76
22:19:25        all      4.48      0.00      1.00      0.00      2.49     92.04
22:19:26        all      1.01      0.00      1.01      0.00      1.01     96.98
22:19:27        all     25.00      0.00      5.50      0.00      7.00     62.50
22:19:28        all      4.50      0.00      2.00      0.00      3.00     90.50
22:19:29        all     32.84      0.00      8.46      0.00      8.46     50.25
22:19:30        all      9.95      0.00      3.98      0.00      5.47     80.60
22:19:31        all      4.95      0.00      1.49      0.00      2.97     90.59
22:19:32        all      0.50      0.00      0.50      0.00      0.50     98.51
22:19:33        all      7.96      0.00      2.49      0.50      4.98     84.08
22:19:34        all     21.00      0.00      7.00      0.00     11.50     60.50
22:19:35        all     10.84      0.00      4.43      0.00      4.43     80.30
22:19:36        all     23.50      0.00      3.50      0.00      7.00     66.00
22:19:37        all     23.00      0.00     10.50      0.00      8.50     58.00
22:19:38        all      1.97      0.00      0.99      0.49      0.99     95.57
22:19:39        all      1.00      0.00      0.50      0.00      0.00     98.50
22:19:40        all      2.50      0.00      2.00      0.00      1.50     94.00
22:19:41        all     23.53      0.00      6.86      0.00     13.24     56.37
22:19:42        all      9.50      0.00      4.00      0.00      5.50     81.00
22:19:43        all     31.19      0.00      9.90      0.50      4.46     53.96
22:19:44        all      3.98      0.00      1.00      0.00      0.50     94.53
22:19:45        all      2.00      0.00      0.00      0.00      0.50     97.50
22:19:46        all      4.48      0.00      1.00      0.00      1.49     93.03
22:19:47        all     22.55      0.00      4.90      0.00     10.78     61.76
22:19:48        all     14.57      0.00      4.02      0.00      7.54     73.87
22:19:49        all     19.80      0.00      1.98      0.00      9.41     68.81
22:19:50        all     17.41      0.00      8.46      0.00     10.45     63.68
22:19:51        all      1.01      0.00      0.50      0.00      0.50     97.99
22:19:52        all      1.49      0.00      0.00      0.00      0.50     98.01
22:19:53        all      9.85      0.00      6.40      0.00     10.34     73.40
22:19:54        all     16.00      0.00      0.50      0.00      5.00     78.50
22:19:55        all     17.91      0.00      7.46      0.00      8.96     65.67
22:19:56        all      4.98      0.00      1.00      0.00      1.99     92.04
22:19:57        all     30.20      0.00      6.44      0.00     15.84     47.52
22:19:58        all      4.00      0.00      0.50      0.50      2.00     93.00
22:19:59        all      0.50      0.00      0.50      0.00      0.50     98.50
22:20:00        all     23.22      0.00     10.43      0.00     24.17     42.18
22:20:01        all     11.88      0.00      2.48      0.00      8.42     77.23
22:20:02        all      4.98      0.00      1.99      0.00     13.93     79.10
22:20:03        all     20.48      0.00      7.62      0.00     34.29     37.62
22:20:04        all     33.50      0.00     12.81      0.00     20.20     33.50
22:20:05        all      4.50      0.00      1.00      0.00      1.50     93.00
22:20:06        all      1.50      0.00      1.00      0.00      0.00     97.50
22:20:07        all      2.50      0.00      0.50      0.00      0.50     96.50
22:20:08        all     23.62      0.00      4.02      0.50      5.53     66.33
22:20:09        all      7.96      0.00      3.98      0.00      1.00     87.06
22:20:10        all     34.83      0.00      9.95      0.00      3.98     51.24
22:20:11        all      7.50      0.00      2.50      0.00      0.50     89.50
22:20:12        all      1.49      0.00      0.50      0.00      0.50     97.51
22:20:13        all      0.50      0.00      0.00      0.00      0.50     99.00
22:20:14        all      2.51      0.00      1.51      0.00      1.51     94.47
22:20:15        all     25.37      0.00      4.98      0.00      2.49     67.16
22:20:16        all     11.88      0.00      3.96      0.00      5.94     78.22
22:20:17        all     35.15      0.00     13.37      0.00      9.41     42.08
22:20:18        all      8.96      0.00      3.98      0.00      5.47     81.59
22:20:19        all      3.47      0.00      0.50      0.00      1.98     94.06
22:20:20        all      4.52      0.00      2.51      0.00      4.52     88.44
22:20:21        all     25.37      0.00      5.47      0.00      9.95     59.20
22:20:22        all      9.45      0.00      3.48      0.00      6.47     80.60
22:20:23        all     40.20      0.00     10.78      0.00     16.67     32.35
22:20:24        all     12.81      0.00      3.94      0.49      5.91     76.85
22:20:25        all      1.98      0.00      0.00      0.00      0.50     97.52
22:20:26        all      0.51      0.00      0.00      0.00      0.51     98.99
22:20:27        all     11.27      0.00      7.35      0.00     12.25     69.12
22:20:28        all     19.60      0.00      1.01      0.00     11.06     68.34
22:20:29        all     13.93      0.00      6.47      0.50      8.96     70.15
22:20:30        all     21.00      0.00      5.00      0.00      7.50     66.50
22:20:31        all     12.32      0.00      4.93      0.00      4.43     78.33
22:20:32        all      2.00      0.00      0.50      0.00      1.50     96.00
22:20:33        all      9.31      0.00      6.37      0.00      6.37     77.94
22:20:34        all     23.50      0.00      4.00      0.00      4.50     68.00
22:20:35        all     18.91      0.00      3.48      0.00     10.45     67.16
22:20:36        all     31.50      0.00     12.00      0.00     16.50     40.00
22:20:37        all      1.98      0.00      1.49      0.00      0.99     95.54
22:20:38        all      1.50      0.00      0.00      0.00      0.50     98.00
22:20:39        all      0.00      0.00      0.00      0.50      0.00     99.50
22:20:40        all      6.44      0.00      4.46      0.00      9.90     79.21
22:20:41        all     27.72      0.00      3.96      0.00     11.88     56.44
22:20:42        all      8.50      0.00      3.00      0.00      4.00     84.50
22:20:43        all      3.48      0.00      1.49      0.00      2.99     92.04
22:20:44        all     29.50      0.00      7.00      0.50      8.50     54.50
22:20:45        all      1.50      0.00      0.00      0.00      0.50     98.00
22:20:46        all      6.50      0.00      4.50      0.00      3.00     86.00
22:20:47        all     17.59      0.00      1.01      0.00      3.52     77.89
22:20:48        all     15.50      0.00      8.00      0.00     10.50     66.00
22:20:49        all     27.86      0.00      9.45      0.00      7.46     55.22
22:20:50        all      7.96      0.00      3.48      0.00      1.99     86.57
22:20:51        all      1.00      0.00      0.50      0.00      0.50     98.00
22:20:52        all      1.00      0.00      1.00      0.00      0.50     97.51
22:20:53        all     24.88      0.00      7.46      0.00      1.49     66.17
22:20:54        all      3.98      0.00      1.49      0.00      1.49     93.03
22:20:55        all     29.90      0.00      8.33      0.49      5.88     55.39
22:20:56        all     17.41      0.00      5.97      0.00      2.99     73.63
22:20:57        all      1.00      0.00      0.50      0.00      0.00     98.50
22:20:58        all      0.00      0.00      0.00      0.00      0.00    100.00
22:20:59        all      1.49      0.00      0.50      0.00      0.50     97.51
22:21:00        all     12.44      0.00      3.98      0.00      7.46     76.12
22:21:01        all     15.35      0.00      0.50      0.00      5.94     78.22
22:21:02        all      8.76      0.00      7.37      0.00     54.38     29.49
22:21:03        all     20.29      0.00      6.28      0.00     19.32     54.11
22:21:04        all     23.27      0.00     10.89      0.00     20.79     45.05
22:21:05        all      2.01      0.00      0.00      0.00      3.02     94.97
22:21:06        all      0.50      0.00      0.00      0.00      0.50     98.99
22:21:07        all     11.22      0.00      6.34      0.00     11.22     71.22
22:21:08        all     18.00      0.00      0.50      0.00      7.00     74.50
22:21:09        all     13.73      0.00      4.41      0.00     14.22     67.65
22:21:10        all     38.19      0.00     17.09      0.00     15.08     29.65
22:21:11        all     11.44      0.00      4.98      0.00      3.48     80.10
22:21:12        all      0.00      0.00      0.00      0.00      0.00    100.00
22:21:13        all      1.99      0.00      0.50      0.00      1.00     96.52
22:21:14        all      5.88      0.00      4.41      0.00      5.39     84.31
22:21:15        all     21.39      0.00      3.48      0.50      8.46     66.17
22:21:16        all     16.26      0.00      6.40      0.00      6.90     70.44
22:21:17        all     16.50      0.00      2.00      0.00     13.00     68.50
22:21:18        all     24.38      0.00      9.95      0.00      8.46     57.21
22:21:19        all      1.50      0.00      0.00      0.00      0.50     98.00
22:21:20        all      1.00      0.00      0.50      0.50      1.00     97.01
22:21:21        all     14.93      0.00      3.98      0.00      5.47     75.62
22:21:22        all     11.50      0.00      1.00      0.00      7.50     80.00
22:21:23        all     19.80      0.00      5.94      0.00      5.94     68.32
22:21:24        all     25.25      0.00      8.42      0.00      7.43     58.91
22:21:25        all      1.99      0.00      0.50      0.00      1.49     96.02
22:21:26        all      0.00      0.00      0.50      0.00      0.00     99.50
22:21:27        all      1.50      0.00      0.50      0.00      1.50     96.50
22:21:28        all     27.40      0.00      7.69      0.00     12.50     52.40
22:21:29        all      3.98      0.00      1.99      0.00      4.98     89.05
22:21:30        all     34.65      0.00     11.88      0.00     17.82     35.64
22:21:31        all     18.32      0.00      8.42      0.00      8.42     64.85
22:21:32        all      1.01      0.00      0.50      0.00      1.51     96.98
22:21:33        all      0.50      0.00      0.50      0.00      0.50     98.50
22:21:34        all     12.81      0.00      4.93      0.00      7.39     74.88
22:21:35        all     16.92      0.00      1.99      0.00      6.47     74.63
22:21:36        all     20.69      0.00      8.87      0.00     12.81     57.64
22:21:37        all     33.33      0.00      8.96      0.00     18.41     39.30
22:21:38        all      3.50      0.00      0.50      0.00      0.50     95.50
22:21:39        all      0.50      0.00      1.49      0.00      0.50     97.51
22:21:40        all      1.00      0.00      0.50      0.00      0.00     98.50
22:21:41        all     16.83      0.00      4.46      0.50      9.90     68.32
22:21:42        all     10.24      0.00      2.93      0.00      8.29     78.54
22:21:43        all     23.65      0.00      7.88      0.00      9.85     58.62
22:21:44        all     26.00      0.00      9.00      0.00      7.00     58.00
22:21:45        all      2.01      0.00      0.50      0.00      0.50     96.98
22:21:46        all      0.00      0.00      0.00      0.50      0.50     99.00
22:21:47        all      1.52      0.00      1.01      0.00      0.51     96.97
22:21:48        all     24.26      0.00      6.44      0.00     18.32     50.99
22:21:49        all     16.92      0.00      5.97      0.00      8.46     68.66
22:21:50        all     26.11      0.00      5.91      0.00     10.84     57.14
22:21:51        all     17.59      0.00      6.03      0.00      3.52     72.86
22:21:52        all      1.01      0.00      0.00      0.00      0.50     98.49
22:21:53        all      1.51      0.00      0.50      0.00      0.00     97.99
22:21:54        all     25.00      0.00      5.00      0.00      6.50     63.50
22:21:55        all     10.34      0.00      4.43      0.00      4.93     80.30
22:21:56        all      9.90      0.00      5.94      0.50      7.43     76.24
22:21:57        all     16.75      0.00      2.96      0.00     14.78     65.52
22:21:58        all     26.37      0.00      9.45      0.00     16.42     47.76
22:21:59        all      1.51      0.00      0.00      0.00      0.50     97.99
22:22:00        all      5.45      0.00      2.97      0.00      4.46     87.13
22:22:01        all     22.89      0.00      2.49      0.00     13.43     61.19
22:22:02        all      6.86      0.00      2.94      0.00     10.78     79.41
22:22:03        all     13.73      0.00      4.90      0.00     22.55     58.82
22:22:04        all     30.50      0.00     15.00      0.00     19.00     35.50
22:22:05        all     12.20      0.00      5.85      0.00      6.34     75.61
22:22:06        all      1.49      0.00      1.00      0.00      1.49     96.02
22:22:07        all      1.99      0.00      0.50      0.00      1.49     96.02
22:22:08        all     22.66      0.00      3.45      0.00      7.88     66.01
22:22:09        all     11.88      0.00      5.45      0.00     10.40     72.28
22:22:10        all      9.95      0.00      3.48      0.00      6.97     79.60
22:22:11        all     26.11      0.00     11.82      0.49     12.81     48.77
22:22:12        all      1.00      0.00      0.50      0.00      1.00     97.50
22:22:13        all      1.00      0.00      0.50      0.00      0.50     98.00
22:22:14        all     27.59      0.00      5.42      0.00     14.78     52.22
22:22:15        all      8.91      0.00      2.97      0.00      2.48     85.64
22:22:16        all     30.35      0.00     10.95      0.00     14.43     44.28
22:22:17        all     15.50      0.00      7.00      0.00      5.00     72.50
22:22:18        all      3.48      0.00      1.00      0.00      1.00     94.53
22:22:19        all      0.50      0.00      0.00      0.00      0.50     99.00
22:22:20        all      1.00      0.00      0.00      0.00      0.50     98.50
22:22:21        all     24.51      0.00      6.37      0.00     15.20     53.92
22:22:22        all      6.97      0.00      1.49      0.50      1.99     89.05
22:22:23        all     16.58      0.00      6.03      0.00      6.53     70.85
22:22:24        all     29.85      0.00      8.96      0.00     10.95     50.25
22:22:25        all      3.54      0.00      1.52      0.00      1.01     93.94
22:22:26        all      1.49      0.00      0.00      0.00      0.50     98.01
22:22:27        all     21.18      0.00      6.40      0.00     14.78     57.64
22:22:28        all     16.26      0.00      3.94      0.00      9.36     70.44
22:22:29        all     13.37      0.00      3.47      0.00      7.92     75.25
22:22:30        all     28.00      0.00      9.00      0.00     17.00     46.00
22:22:31        all     11.82      0.00      5.42      0.00     11.33     71.43
22:22:32        all      1.52      0.00      0.00      0.00      1.52     96.97
22:22:33        all      0.50      0.00      0.50      0.00      1.00     98.01
22:22:34        all      6.03      0.00      3.02      0.00      1.51     89.45
22:22:35        all     19.31      0.00      1.98      0.00      4.46     74.26
22:22:36        all      7.96      0.00      4.48      0.00      3.98     83.58
22:22:37        all     12.00      0.00      1.50      0.50      4.00     82.00
22:22:38        all     31.50      0.00     11.00      0.00      4.00     53.50
22:22:39        all      1.99      0.00      0.50      0.00      0.50     97.01
22:22:40        all      0.99      0.00      0.99      0.00      0.50     97.52
22:22:41        all      8.96      0.00      4.98      0.00      5.47     80.60
22:22:42        all     18.00      0.00      0.50      0.00      3.00     78.50
22:22:43        all     15.35      0.00      4.95      0.00      2.97     76.73
22:22:44        all     37.00      0.00     12.50      0.00     10.50     40.00
22:22:45        all      6.47      0.00      2.99      0.00      1.00     89.55
22:22:46        all      1.49      0.00      0.50      0.00      0.50     97.51
22:22:47        all      0.00      0.00      0.50      0.50      0.50     98.51
22:22:48        all      8.91      0.00      5.94      0.00      4.46     80.69
22:22:49        all     10.95      0.00      1.49      0.00      1.99     85.57
22:22:50        all     28.92      0.00      8.82      0.00     14.71     47.55
22:22:51        all      1.01      0.00      0.50      0.00      1.01     97.49
22:22:52        all      4.93      0.00      1.48      0.00      6.40     87.19
22:22:53        all     27.14      0.00      7.04      0.00     15.58     50.25
22:22:54        all      8.50      0.00      2.50      0.00      2.50     86.50
22:22:55        all     18.59      0.00      7.04      0.00      8.54     65.83
22:22:56        all     15.42      0.00      1.99      0.00      2.99     79.60
22:22:57        all     10.00      0.00      3.00      0.00      3.00     84.00
22:22:58        all     26.26      0.00      8.08      0.00      4.55     61.11
22:22:59        all     16.42      0.00      6.97      0.00      4.48     72.14
22:23:00        all      1.00      0.00      0.50      0.00      0.50     98.01
22:23:01        all      1.50      0.00      0.00      0.00      1.50     97.00
22:23:02        all      1.00      0.00      1.99      0.00      3.48     93.53
22:23:03        all     11.33      0.00      3.94      0.00     10.34     74.38
22:23:04        all     17.41      0.00      1.99      0.00      5.97     74.63
22:23:05        all     11.00      0.00      3.50      0.00      7.50     78.00
22:23:06        all     15.00      0.00      3.50      0.00     11.00     70.50
22:23:07        all     28.22      0.00     11.39      0.00      6.93     53.47
22:23:08        all      1.51      0.00      0.00      0.00      0.50     97.99
22:23:09        all      1.49      0.00      0.00      0.00      0.50     98.01
22:23:10        all     20.69      0.00      3.45      0.00      9.85     66.01
22:23:11        all      8.42      0.00      2.48      0.00      2.48     86.63
22:23:12        all     29.00      0.00     10.00      0.00      3.50     57.50
22:23:13        all     18.50      0.00      6.00      0.50      1.50     73.50
22:23:14        all      2.01      0.00      1.01      0.00      0.50     96.48
22:23:15        all      0.00      0.00      0.00      0.00      0.00    100.00
22:23:16        all      1.00      0.00      0.50      0.00      0.50     98.00
22:23:17        all     22.06      0.00      7.35      0.00      9.80     60.78
22:23:18        all     11.06      0.00      1.51      0.00      5.53     81.91
22:23:19        all     22.93      0.00      6.83      0.00      9.76     60.49
22:23:20        all     31.19      0.00      8.91      0.00     10.89     49.01
22:23:21        all      2.99      0.00      1.00      0.00      1.49     94.53
22:23:22        all      1.00      0.00      0.50      0.00      0.00     98.50
22:23:23        all      1.00      0.00      0.00      0.00      0.00     99.00
22:23:24        all     22.89      0.00      5.47      0.00      9.95     61.69
22:23:25        all      8.91      0.00      1.49      0.00      5.94     83.66
22:23:26        all     26.11      0.00      7.88      0.00     12.81     53.20
22:23:27        all     26.87      0.00     13.93      0.00      9.45     49.75
22:23:28        all      2.50      0.00      0.50      0.50      2.00     94.50
22:23:29        all      5.00      0.00      2.00      0.00      4.50     88.50
22:23:30        all     26.34      0.00      5.85      0.00     16.10     51.71
22:23:31        all     11.88      0.00      2.97      0.00      9.41     75.74
22:23:32        all     22.77      0.00      4.46      0.00      9.41     63.37
22:23:33        all     20.50      0.00      7.00      0.50      8.50     63.50
22:23:34        all      7.35      0.00      1.47      0.00      2.94     88.24
22:23:35        all      0.00      0.00      0.50      0.00      0.50     99.00
22:23:36        all      1.01      0.00      0.00      0.00      1.01     97.99
22:23:37        all     21.57      0.00      5.39      0.00     14.22     58.82
22:23:38        all     12.50      0.00      3.00      0.00      9.00     75.50
22:23:39        all     20.30      0.00      4.95      0.00     10.89     63.86
22:23:40        all     32.34      0.00     12.94      0.00     12.94     41.79
22:23:41        all      1.48      0.00      1.48      0.00      3.45     93.60
22:23:42        all      0.50      0.00      0.00      0.00      0.00     99.50
22:23:43        all      0.50      0.00      0.00      0.50      0.50     98.51
22:23:44        all     12.32      0.00      4.93      0.00      9.85     72.91
22:23:45        all     16.83      0.00      2.97      0.00      8.42     71.78
22:23:46        all     12.38      0.00      6.93      0.00      7.92     72.77
22:23:47        all      4.00      0.00      1.50      0.00      5.50     89.00
22:23:48        all     28.71      0.00      9.41      0.00     15.35     46.53
22:23:49        all     14.00      0.00      6.50      0.00     14.50     65.00
22:23:50        all      1.49      0.00      0.50      0.00      0.50     97.52
22:23:51        all      3.48      0.00      2.49      0.00      5.97     88.06
22:23:52        all     31.50      0.00      6.50      0.00     12.50     49.50
22:23:53        all     13.43      0.00      3.98      0.00      3.48     79.10
22:23:54        all     35.18      0.00     12.06      0.00     16.58     36.18
22:23:55        all     15.84      0.00      8.42      0.00     10.89     64.85
22:23:56        all      2.49      0.00      1.00      0.00      0.50     96.02
22:23:57        all      0.00      0.00      0.00      0.00      0.00    100.00
22:23:58        all      1.00      0.00      0.00      0.00      1.99     97.01
22:23:59        all     27.86      0.00      6.97      0.00     12.44     52.74
22:24:00        all      4.93      0.00      2.96      0.00      5.91     86.21
22:24:01        all     11.88      0.00      4.46      0.00     15.35     68.32
22:24:02        all      9.41      0.00      0.99      0.00     20.79     68.81
22:24:03        all     31.34      0.00      8.46      0.00     10.45     49.75
22:24:04        all      6.40      0.00      2.46      0.49      2.46     88.18
22:24:05        all      0.50      0.00      0.50      0.00      0.50     98.51
22:24:06        all      7.32      0.00      3.90      0.00      8.78     80.00
22:24:07        all      4.98      0.00      1.99      0.00      3.48     89.55
22:24:08        all     26.37      0.00      4.48      0.00     22.39     46.77
22:24:09        all      6.44      0.00      2.48      0.00      2.97     88.12
22:24:10        all      6.03      0.00      3.52      0.00      2.51     87.94
22:24:11        all     17.82      0.00      5.94      0.00      9.90     66.34
22:24:12        all     22.39      0.00      5.47      0.00      8.46     63.68
22:24:13        all      1.01      0.00      0.00      0.00      0.50     98.49
22:24:14        all     24.38      0.00      5.47      0.50      6.47     63.18
22:24:15        all     10.95      0.00      3.48      0.00      3.98     81.59
22:24:16        all      8.46      0.00      4.98      0.00      5.97     80.60
22:24:17        all     22.00      0.00      6.00      0.00     15.50     56.50
22:24:18        all     19.80      0.00      7.92      0.00      8.42     63.86
22:24:19        all      1.98      0.00      0.50      0.00      0.99     96.53
22:24:20        all      0.00      0.00      0.00      0.00      0.00    100.00
22:24:21        all      1.00      0.00      0.00      0.00      0.50     98.50
22:24:22        all     23.65      0.00      3.45      0.00     15.76     57.14
22:24:23        all     11.50      0.00      5.00      0.00      7.00     76.50
22:24:24        all     18.00      0.00      8.50      0.50      8.50     64.50
22:24:25        all     36.76      0.00     12.75      0.00     17.65     32.84
22:24:26        all      4.95      0.00      0.99      0.00      2.97     91.09
22:24:27        all      0.50      0.00      0.50      0.00      0.00     99.00
22:24:28        all      0.50      0.00      0.00      0.00      0.50     98.99
22:24:29        all      9.36      0.00      5.91      0.00      6.40     78.33
22:24:30        all     19.31      0.00      0.50      0.00     11.88     68.32
22:24:31        all     16.26      0.00      6.40      0.00      7.39     69.95
22:24:32        all     20.00      0.00      4.00      0.00      7.50     68.50
22:24:33        all     22.77      0.00      9.90      0.00      8.42     58.91
22:24:34        all      1.49      0.00      0.00      0.00      1.00     97.51
22:24:35        all      1.00      0.00      0.50      0.00      0.50     98.00
22:24:36        all     10.45      0.00      7.96      0.00      8.46     73.13
22:24:37        all     15.00      0.00      1.50      0.00      8.50     75.00
22:24:38        all     12.94      0.00      3.98      0.00      5.97     77.11
22:24:39        all     11.17      0.00      4.85      0.00      5.34     78.64
22:24:40        all     26.00      0.00      6.00      0.00     11.00     57.00
22:24:41        all     17.73      0.00      4.43      0.00     10.84     67.00
22:24:42        all      2.00      0.00      0.50      0.00      0.00     97.50
22:24:43        all     25.25      0.00      4.95      0.00      1.98     67.82
22:24:44        all      6.93      0.00      2.48      0.00      1.98     88.61
22:24:45        all     25.63      0.00      5.53      0.50      5.03     63.32
22:24:46        all     31.53      0.00     12.81      0.00      8.37     47.29
22:24:47        all      1.49      0.00      0.99      0.00      0.50     97.03
22:24:48        all      0.00      0.00      0.50      0.00      0.50     98.99
22:24:49        all      3.92      0.00      3.43      0.00      2.45     90.20
22:24:50        all      3.98      0.00      2.49      0.50      1.99     91.04
22:24:51        all     23.76      0.00      3.47      0.00      7.43     65.35
22:24:52        all      9.45      0.00      1.49      0.00      6.97     82.09
22:24:53        all      6.97      0.00      2.99      0.00      4.48     85.57
22:24:54        all     13.13      0.00      2.02      0.00      2.02     82.83
22:24:55        all     24.26      0.00      8.42      0.00     10.89     56.44
22:24:56        all      1.49      0.00      0.50      0.00      1.49     96.52
22:24:57        all     12.38      0.00      5.94      0.00      8.42     73.27
22:24:58        all     17.33      0.00      0.99      0.00      5.94     75.74
22:24:59        all     14.50      0.00      9.50      0.00     12.50     63.50
22:25:00        all     26.11      0.00      6.90      0.00     15.27     51.72
22:25:01        all     15.92      0.00      5.97      0.00      9.45     68.66
22:25:02        all      1.51      0.00      1.01      0.00      2.01     95.48
22:25:03        all      1.99      0.00      0.50      0.00      1.99     95.52
22:25:04        all     16.26      0.00      3.94      0.00      6.90     72.91
22:25:05        all     13.43      0.00      2.99      0.50      2.49     80.60
22:25:06        all     14.43      0.00      2.99      0.00      1.00     81.59
22:25:07        all     30.54      0.00     13.79      0.00     18.72     36.95
22:25:08        all     10.45      0.00      3.48      0.00      2.99     83.08
22:25:09        all      1.50      0.00      0.00      0.00      0.50     98.00
22:25:10        all      0.50      0.00      0.50      0.00      0.00     99.00
22:25:11        all      4.00      0.00      1.50      0.00      2.00     92.50
22:25:12        all     20.40      0.00      2.99      0.00     11.44     65.17
22:25:13        all     15.27      0.00      4.93      0.00      7.39     72.41
22:25:14        all      6.97      0.00      3.48      0.00      7.46     82.09
22:25:15        all     22.50      0.00      5.50      0.00     11.00     61.00
22:25:16        all     23.53      0.00      6.37      0.49     13.24     56.37
22:25:17        all      2.96      0.00      0.00      0.00      0.49     96.55
22:25:18        all     34.80      0.00     10.29      0.00     18.63     36.27
22:25:19        all      7.43      0.00      2.48      0.00      3.96     86.14
22:25:20        all     17.00      0.00      6.50      0.00      9.00     67.50
22:25:21        all     32.02      0.00     10.34      0.00     15.27     42.36
22:25:22        all     12.32      0.00      9.85      0.00     13.79     64.04
22:25:23        all      1.49      0.00      0.50      0.00      0.99     97.03
22:25:24        all      0.50      0.00      0.50      0.00      0.50     98.49
22:25:25        all      2.97      0.00      0.99      0.00      3.47     92.57
22:25:26        all     24.38      0.00      5.97      0.50     12.94     56.22
22:25:27        all      5.97      0.00      2.49      0.00      3.48     88.06
22:25:28        all     20.69      0.00      6.90      0.00     13.79     58.62
22:25:29        all     30.50      0.00     12.00      0.00      9.50     48.00
22:25:30        all      2.00      0.00      0.50      0.00      0.00     97.50
22:25:31        all      0.00      0.00      0.00      0.00      0.00    100.00
22:25:32        all      0.50      0.00      0.99      0.00      0.50     98.02
22:25:33        all     25.00      0.00      6.50      0.00      8.50     60.00
22:25:34        all      5.03      0.00      1.51      0.00      1.51     91.96
22:25:35        all     22.55      0.00      6.86      0.00     11.76     58.82
22:25:36        all     29.85      0.00     11.94      0.00      7.96     50.25
22:25:37        all      3.50      0.00      1.50      0.00      1.50     93.50
22:25:38        all      1.00      0.00      0.00      0.00      0.50     98.50
22:25:39        all      0.50      0.00      0.50      0.00      0.00     99.00
22:25:40        all      2.49      0.00      1.49      0.00      1.00     95.02
22:25:41        all      6.90      0.00      4.43      0.49      3.45     84.73
22:25:42        all     23.50      0.00      3.50      0.00      3.50     69.50
22:25:43        all      5.47      0.00      2.49      0.00      6.47     85.57
22:25:44        all      5.47      0.00      1.49      0.00      3.98     89.05
22:25:45        all     35.96      0.00      9.36      0.00      8.87     45.81
22:25:46        all      9.55      0.00      4.52      0.50      1.01     84.42
22:25:47        all      0.50      0.00      0.00      0.00      0.00     99.50
22:25:48        all      2.50      0.00      1.50      0.00      2.00     94.00
22:25:49        all     23.88      0.00      4.48      0.00      4.48     67.16
22:25:50        all      7.04      0.00      3.02      0.00      4.52     85.43
22:25:51        all     32.51      0.00     11.82      0.00     12.81     42.86
22:25:52        all     27.72      0.00      8.42      0.00     14.36     49.50
22:25:53        all      1.99      0.00      1.00      0.00      1.00     96.02
22:25:54        all      0.00      0.00      0.00      0.00      0.00    100.00
22:25:55        all      0.50      0.00      0.50      0.00      1.00     98.00
22:25:56        all     20.10      0.00      4.41      0.00      7.84     67.65
22:25:57        all     13.07      0.00      4.02      0.00      3.52     79.40
22:25:58        all      5.47      0.00      1.99      0.00      1.99     90.55
22:25:59        all      5.50      0.00      2.00      0.00      4.50     88.00
22:26:00        all     12.81      0.00      1.48      0.00      9.85     75.86
22:26:01        all     22.39      0.00      6.97      0.00     21.39     49.25
22:26:02        all     11.59      0.00      4.83      0.48     36.23     46.86
22:26:03        all      3.94      0.00      1.97      0.00      6.40     87.68
22:26:04        all      6.90      0.00      4.93      0.00      6.90     81.28
22:26:05        all     18.32      0.00      0.50      0.00      7.92     73.27
22:26:06        all     14.36      0.00      4.95      0.00      5.45     75.25
22:26:07        all     31.50      0.00      8.00      0.50     11.50     48.50
22:26:08        all     11.94      0.00      4.98      0.00      2.99     80.10
22:26:09        all      1.01      0.00      0.00      0.00      1.01     97.99
22:26:10        all      6.86      0.00      3.92      0.00      8.33     80.88
22:26:11        all      2.99      0.00      1.00      0.00      4.98     91.04
22:26:12        all     28.00      0.00      6.00      0.00     14.00     52.00
22:26:13        all     17.07      0.00      2.93      0.00     11.71     68.29
22:26:14        all      2.49      0.00      1.49      0.00      1.49     94.53
22:26:15        all     12.87      0.00      1.98      0.00      5.45     79.70
22:26:16        all     27.23      0.00     10.89      0.00     12.38     49.50
22:26:17        all      6.53      0.00      2.51      0.00      4.02     86.93
22:26:18        all      2.50      0.00      2.50      0.00      4.50     90.50
22:26:19        all     23.00      0.00      3.00      0.00      5.00     69.00
22:26:20        all      4.00      0.00      3.00      0.00      3.00     90.00
22:26:21        all     25.37      0.00      5.47      0.00      8.96     60.20
22:26:22        all     33.00      0.00     13.00      0.00      8.50     45.50
22:26:23        all      1.01      0.00      0.50      0.00      0.00     98.49
22:26:24        all      1.00      0.00      0.00      0.00      0.50     98.51
22:26:25        all      0.00      0.00      0.00      0.00      0.00    100.00
22:26:26        all      2.00      0.00      0.50      0.00      0.50     97.00
22:26:27        all     26.60      0.00      4.93      0.00     10.34     58.13
22:26:28        all      6.00      0.00      3.00      0.00      3.00     88.00
22:26:29        all     29.35      0.00      8.96      0.00     12.94     48.76
22:26:30        all     27.00      0.00      7.50      0.00      5.50     60.00
22:26:31        all      0.50      0.00      0.50      0.00      0.50     98.49
22:26:32        all      1.00      0.00      0.00      0.50      0.00     98.50
22:26:33        all      1.00      0.00      0.50      0.00      0.50     98.01
22:26:34        all     16.00      0.00      5.00      0.00      7.00     72.00
22:26:35        all     12.56      0.00      1.51      0.00      2.01     83.92
22:26:36        all     14.50      0.00      4.00      0.00      5.50     76.00
22:26:37        all     30.65      0.00     11.56      0.00     13.07     44.72
22:26:38        all      9.41      0.00      2.97      0.00      5.45     82.18
22:26:39        all      0.50      0.00      0.50      0.00      0.50     98.49
22:26:40        all      1.00      0.00      0.00      0.00      1.00     98.00
22:26:41        all     11.22      0.00      7.80      0.00     16.59     64.39
22:26:42        all     20.00      0.00      0.50      0.00      7.50     72.00
22:26:43        all     20.30      0.00      6.44      0.00      5.94     67.33
22:26:44        all     26.87      0.00      8.46      0.00      8.96     55.72
22:26:45        all     21.50      0.00      5.00      0.00      6.00     67.50
22:26:46        all      1.01      0.00      0.50      0.00      0.50     97.99
22:26:47        all      0.00      0.00      0.00      0.00      0.00    100.00
22:26:48        all      2.48      0.00      1.49      0.50      0.99     94.55
22:26:49        all      5.05      0.00      1.52      0.00      5.05     88.38
22:26:50        all     23.00      0.00      4.00      0.00      6.50     66.50
22:26:51        all     14.22      0.00      6.37      0.00      6.86     72.55
22:26:52        all      1.51      0.00      0.00      0.00      2.51     95.98
22:26:53        all     27.86      0.00      8.46      0.50     13.93     49.25
22:26:54        all     14.93      0.00      5.97      0.00      5.47     73.63
22:26:55        all      4.98      0.00      1.99      0.00      3.48     89.55
22:26:56        all     23.62      0.00      3.52      0.00     10.55     62.31
22:26:57        all     12.44      0.00      5.47      0.00     10.45     71.64
22:26:58        all     24.75      0.00      5.45      0.00      9.41     60.40
22:26:59        all     24.62      0.00     10.55      0.00      3.52     61.31
22:27:00        all      6.00      0.00      1.00      0.00      2.50     90.50
22:27:01        all      0.00      0.00      0.00      0.00      0.00    100.00
22:27:02        all      0.00      0.00      0.00      0.00      0.50     99.50
22:27:03        all      0.00      0.00      0.50      0.00      0.50     98.99
22:27:04        all      8.00      0.00      2.50      0.00      5.50     84.00
22:27:05        all     21.11      0.00      2.01      0.00      2.51     74.37
22:27:06        all     14.15      0.00      6.34      0.00     13.17     66.34
22:27:07        all     28.71      0.00      7.92      0.00     17.82     45.54
22:27:08        all     28.57      0.00     14.29      0.49     17.24     39.41
22:27:09        all      1.01      0.00      0.51      0.00      1.01     97.47
22:27:10        all      0.00      0.00      0.00      0.00      0.00    100.00
22:27:11        all      0.50      0.00      0.00      0.00      0.00     99.50
22:27:12        all      7.00      0.00      4.00      0.00      3.50     85.50
22:27:13        all     18.00      0.00      1.00      0.00     12.50     68.50
22:27:14        all     21.67      0.00      7.39      0.00     11.33     59.61
22:27:15        all     25.00      0.00      5.50      0.00     12.00     57.50
22:27:16        all     21.39      0.00      5.97      0.00      6.47     66.17
22:27:17        all      2.48      0.00      1.49      0.00      1.49     94.55
22:27:18        all      1.00      0.00      0.00      0.50      0.50     98.00
22:27:19        all     24.62      0.00      3.52      0.00      8.54     63.32
22:27:20        all     12.44      0.00      2.99      0.00      5.47     79.10
22:27:21        all     10.45      0.00      3.48      0.00      5.47     80.60
22:27:22        all     27.00      0.00      8.50      0.00      9.00     55.50
22:27:23        all     20.90      0.00      7.96      0.00      9.95     61.19
22:27:24        all      1.49      0.00      0.50      0.00      1.00     97.01
22:27:25        all      0.50      0.00      0.00      0.00      0.00     99.50
22:27:26        all      0.50      0.00      1.50      0.00      1.00     97.00
22:27:27        all      4.90      0.00      4.41      0.00      8.82     81.86
22:27:28        all     28.86      0.00      6.97      0.00     12.94     51.24
22:27:29        all      6.44      0.00      2.48      0.50      3.47     87.13
22:27:30        all     13.37      0.00      4.46      0.00      8.91     73.27
22:27:31        all     30.35      0.00      8.96      0.00     11.44     49.25
