Linux 5.10.234-225.910.amzn2.x86_64 (ip-10-0-164-191.us-west-2.compute.internal) 	03/25/25 	_x86_64_	(2 CPU)

22:13:01    kbmemfree kbmemused  %memused kbbuffers  kbcached  kbcommit   %commit  kbactive   kbinact   kbdirty
22:13:02      2835680   1107628     28.09      2088    899976    340388      8.63    170616    840620    172884
22:13:03      2813204   1130104     28.66      2088    899976    363148      9.21    170736    863224    172884
22:13:04      2810380   1132928     28.73      2088    900868    375364      9.52    170832    864888    172892
22:13:05      2736684   1206624     30.60      2088    912880    469344     11.90    175536    931304    184900
22:13:06      2742164   1201144     30.46      2088    913744    420116     10.65    179388    924508    185780
22:13:07      2720996   1222312     31.00      2088    913744    440804     11.18    179388    945288    185780
22:13:08      2659256   1284052     32.56      2088    913744    502508     12.74    179428   1007024    185780
22:13:09      2652956   1290352     32.72      2088    913744    507680     12.87    179428   1012192    185780
22:13:10      2652956   1290352     32.72      2088    913744    508960     12.91    179428   1013268    185780
22:13:11      2651192   1292116     32.77      2088    913744    509728     12.93    179436   1013920    185780
22:13:12      2650688   1292620     32.78      2088    913744    511040     12.96    179436   1015224    185780
22:13:13      2650184   1293124     32.79      2088    913744    511808     12.98    179436   1016080    171280
22:13:14      2861464   1081844     27.43      2088    913672    297296      7.54    179588    804416    172768
22:13:15      2861464   1081844     27.43      2088    913672    297296      7.54    179588    804416    172768
22:13:16      2861464   1081844     27.43      2088    913672    297296      7.54    179608    804328    172768
22:13:17      2861464   1081844     27.43      2088    913672    297296      7.54    179608    804328    172768
22:13:18      2861464   1081844     27.43      2088    913672    297296      7.54    179608    804344    172736
22:13:19      2861464   1081844     27.43      2088    913672    297296      7.54    179608    804344    172736
22:13:20      2861212   1082096     27.44      2088    913672    297296      7.54    179608    804396    172728
22:13:21      2859408   1083900     27.49      2088    913772    305448      7.75    179732    807016    172728
22:13:22      2883832   1059476     26.87      2088    913868    278752      7.07    179916    782880    172992
22:13:23      2871432   1071876     27.18      2088    913884    292332      7.41    179916    794644    164108
22:13:24      2842128   1101180     27.93      2088    913896    321456      8.15    179916    820704     97180
22:13:25      2824700   1118608     28.37      2088    913900    340372      8.63    179916    841204     97188
22:13:26      2821676   1121632     28.44      2088    913908    344568      8.74    179916    844164     97196
22:13:27      2793244   1150064     29.16      2088    913916    370680      9.40    179916    870448     97204
22:13:28      2781820   1161488     29.45      2088    913916    384432      9.75    179916    883792     97204
22:13:29      2772284   1171024     29.70      2088    913920    390848      9.91    179916    890160     17936
22:13:30      2793912   1149396     29.15      2088    913932    366860      9.30    179916    867908     17948
22:13:31      2821312   1121996     28.45      2088    913964    339512      8.61    179916    840648     17980
22:13:32      2855932   1087376     27.58      2088    917572    302664      7.68    179916    805832     21588
22:13:33      2845052   1098256     27.85      2088    917572    313232      7.94    179916    815916     21588
22:13:34      2842156   1101152     27.92      2088    917580    315764      8.01    179916    818736     18320
22:13:35      2834948   1108360     28.11      2088    917596    325164      8.25    179916    826264     18272
22:13:36      2830012   1113296     28.23      2088    917608    330080      8.37    179916    831584     18284
22:13:37      2805532   1137776     28.85      2088    917616    354584      8.99    179916    856764     18292
22:13:38      2831624   1111684     28.19      2088    920288    326592      8.28    179916    831048     20976
22:13:39      2844320   1098988     27.87      2088    920328    312184      7.92    179916    817496      8176
22:13:40      2828492   1114816     28.27      2088    920332    329848      8.36    179916    833176      8180
22:13:41      2810000   1133308     28.74      2088    920336    348364      8.83    179916    852668      8212
22:13:42      2802652   1140656     28.93      2088    920348    355292      9.01    179916    858376      8224
22:13:43      2800204   1143104     28.99      2088    920356    358832      9.10    179916    863732      8232
22:13:44      2792124   1151184     29.19      2088    920356    363232      9.21    179916    869236      6404
22:13:45      2785528   1157780     29.36      2088    920380    370832      9.40    179916    875080      6428
22:13:46      2787776   1155532     29.30      2088    920384    369736      9.38    179916    875380      6432
22:13:47      2794392   1148916     29.14      2088    920400    361876      9.18    180004    867740      6448
22:13:48      2831900   1111408     28.18      2088    923096    325356      8.25    180004    830400      9144
22:13:49      2830188   1113120     28.23      2088    923104    323512      8.20    180004    828732      9152
22:13:50      2828452   1114856     28.27      2088    923116    326756      8.29    180004    832944      9164
22:13:51      2824844   1118464     28.36      2088    923120    331752      8.41    180004    836952      9168
22:13:52      2811440   1131868     28.70      2088    923128    344880      8.75    180004    851136      9176
22:13:53      2815928   1127380     28.59      2088    925808    340012      8.62    180004    847296     11856
22:13:54      2827792   1115516     28.29      2088    925836    325940      8.27    180004    834132     11884
22:13:55      2823800   1119508     28.39      2088    925844    330624      8.38    180004    838412     11840
22:13:56      2818476   1124832     28.53      2088    925844    337592      8.56    180004    845116     11840
22:13:57      2806908   1136400     28.82      2088    925848    347164      8.80    180004    856672     11844
22:13:58      2803736   1139572     28.90      2088    925860    351436      8.91    180004    859148     11856
22:13:59      2792292   1151016     29.19      2088    925860    363568      9.22    180004    870676     11856
22:14:00      2805332   1137976     28.86      2088    925876    347676      8.82    180004    856204     11868
22:14:01      2812128   1131180     28.69      2088    925896    343828      8.72    180004    851348     11888
22:14:02      2802624   1140684     28.93      2088    925900    353284      8.96    180004    860616     11892
22:14:03      2798340   1144968     29.04      2088    925904    356060      9.03    180004    865564     11896
22:14:04      2791156   1152152     29.22      2088    925912    362388      9.19    180004    872576     11904
22:14:05      2822732   1120576     28.42      2088    928608    329084      8.35    180004    840248     10684
22:14:06      2823036   1120272     28.41      2088    928612    329320      8.35    180004    840764     10696
22:14:07      2812192   1131116     28.68      2088    928620    341196      8.65    180004    850100     10704
22:14:08      2802404   1140904     28.93      2088    928628    351932      8.92    180004    860848     10712
22:14:09      2796812   1146496     29.07      2088    928632    355904      9.03    180004    866604     10716
22:14:10      2785204   1158104     29.37      2088    928644    368396      9.34    180004    878516      8060
22:14:11      2815232   1128076     28.61      2088    931264    331460      8.41    180004    846008     10680
22:14:12      2806096   1137212     28.84      2088    931356    344032      8.72    180004    857452     10772
22:14:13      2797072   1146236     29.07      2088    931360    351700      8.92    180004    865984     10776
22:14:14      2780852   1162456     29.48      2088    931376    367360      9.32    180004    879604     10792
22:14:15      2781764   1161544     29.46      2088    931388    369100      9.36    180004    882152     10804
22:14:16      2771180   1172128     29.72      2088    931388    379692      9.63    180004    892220     10804
22:14:17      2772140   1171168     29.70      2088    931388    377768      9.58    180004    891280     10804
22:14:18      2782244   1161064     29.44      2088    931404    363016      9.21    180004    876648     10820
22:14:19      2805672   1137636     28.85      2088    934112    340312      8.63    180004    856584     13528
22:14:20      2796892   1146416     29.07      2088    934116    350088      8.88    180004    866180     10868
22:14:21      2777336   1165972     29.57      2088    934124    369652      9.37    180004    885076     10876
22:14:22      2768132   1175176     29.80      2088    934128    375032      9.51    180004    891444     10880
22:14:23      2763588   1179720     29.92      2088    934140    386276      9.80    180004    900736     10892
22:14:24      2763484   1179824     29.92      2088    934140    386276      9.80    180004    900752     10892
22:14:25      2767276   1176032     29.82      2088    934156    372896      9.46    180004    889128      8308
22:14:26      2793376   1149932     29.16      2088    934180    348532      8.84    180004    867840      8268
22:14:27      2799948   1143360     28.99      2088    936872    339996      8.62    180004    861372     10960
22:14:28      2802648   1140660     28.93      2088    936888    338308      8.58    180004    858916     10976
22:14:29      2800136   1143172     28.99      2088    936892    342312      8.68    180004    861292     10980
22:14:30      2792576   1150732     29.18      2088    936896    349956      8.87    180004    870424     10984
22:14:31      2798520   1144788     29.03      2088    939572    340132      8.63    180004    863740     13660
22:14:32      2798112   1145196     29.04      2088    939592    340880      8.64    180004    864740     13680
22:14:33      2798560   1144748     29.03      2088    939592    341368      8.66    180004    864632     13680
22:14:34      2781740   1161568     29.46      2088    939600    360016      9.13    180004    881792     13688
22:14:35      2780732   1162576     29.48      2088    939612    362040      9.18    180004    883120     13700
22:14:36      2771896   1171412     29.71      2088    939616    369420      9.37    180004    889628     10676
22:14:37      2780372   1162936     29.49      2088    939620    359440      9.12    180004    881412     10688
22:14:38      2792028   1151280     29.20      2088    942628    343928      8.72    180004    869680     13696
22:14:39      2793040   1150268     29.17      2088    942628    344448      8.74    180004    870012     13696
22:14:40      2788872   1154436     29.28      2088    942644    347584      8.81    180004    871384     13712
22:14:41      2788884   1154424     29.28      2088    942644    348520      8.84    180004    873736     13700
22:14:42      2790204   1153104     29.24      2088    945340    344796      8.74    180004    873336     16396
22:14:43      2784156   1159152     29.40      2088    945356    352212      8.93    180004    878908     16424
22:14:44      2782876   1160432     29.43      2088    945360    353728      8.97    180004    880720     16428
22:14:45      2786016   1157292     29.35      2088    948052    343884      8.72    180004    875712     19120
22:14:46      2787080   1156228     29.32      2088    948056    345316      8.76    180004    875952     16460
22:14:47      2783220   1160088     29.42      2088    948072    353764      8.97    180004    880576     16476
22:14:48      2773284   1170024     29.67      2088    948072    361552      9.17    180004    888084     16476
22:14:49      2785144   1158164     29.37      2088    950672    345816      8.77    180004    877128     19076
22:14:50      2784772   1158536     29.38      2088    950772    345424      8.76    180004    877076     19176
22:14:51      2778692   1164616     29.53      2088    950776    352604      8.94    180004    883988     16516
22:14:52      2771668   1171640     29.71      2088    950792    362064      9.18    180004    892112     16532
22:14:53      2768760   1174548     29.79      2088    950792    365324      9.26    180004    894532     16532
22:14:54      2778636   1164672     29.54      2088    953484    348804      8.85    180004    882712     19224
22:14:55      2769084   1174224     29.78      2088    953496    356276      9.03    180004    889324     19344
22:14:56      2766716   1176592     29.84      2088    953504    361916      9.18    180004    895092     19352
22:14:57      2776668   1166640     29.59      2088    956184    348464      8.84    180004    885868     22032
22:14:58      2775660   1167648     29.61      2088    956200    348556      8.84    180004    885968     22048
22:14:59      2773796   1169512     29.66      2088    956200    352048      8.93    180004    889744     22048
22:15:00      2765004   1178304     29.88      2088    956204    361372      9.16    180004    898080     22052
22:15:01      2763476   1179832     29.92      2088    956220    360708      9.15    180004    898052     16740
22:15:02      2750412   1192896     30.25      2088    956220    375752      9.53    180004    910332     16740
22:15:03      2759364   1183944     30.02      2088    956220    366968      9.31    180004    903720     16740
22:15:04      2762872   1180436     29.94      2088    958832    357364      9.06    180004    898280     19352
22:15:05      2763448   1179860     29.92      2088    958916    359868      9.13    180004    899736     19436
22:15:06      2757436   1185872     30.07      2088    958920    365180      9.26    180004    904696     19140
22:15:07      2745188   1198120     30.38      2088    958932    378116      9.59    180004    916644     19096
22:15:08      2753028   1190280     30.18      2088    958936    373520      9.47    180004    911012     19100
22:15:09      2757872   1185436     30.06      2088    961548    362180      9.18    180004    904196     21712
22:15:10      2754288   1189020     30.15      2088    961632    366864      9.30    180004    908668     21796
22:15:11      2755508   1187800     30.12      2088    961636    365160      9.26    180004    906948     18900
22:15:12      2747132   1196176     30.33      2088    961652    375376      9.52    180004    915340     18848
22:15:13      2751684   1191624     30.22      2088    961652    368764      9.35    180004    910500     18848
22:15:14      2750240   1193068     30.26      2088    964348    367036      9.31    180004    911988     21544
22:15:15      2748428   1194880     30.30      2088    964348    369184      9.36    180004    913900     21544
22:15:16      2746964   1196344     30.34      2088    964364    371108      9.41    180004    914696     21560
22:15:17      2747668   1195640     30.32      2088    964364    369684      9.37    180004    914764     16220
22:15:18      2746960   1196348     30.34      2088    964368    369680      9.37    180004    915520     16224
22:15:19      2748476   1194832     30.30      2088    967048    364548      9.24    180000    913284     18904
22:15:20      2744696   1198612     30.40      2088    967056    368628      9.35    180004    916340     18916
22:15:21      2744948   1198360     30.39      2088    967068    372980      9.46    180004    918740     18928
22:15:22      2738128   1205180     30.56      2088    967072    378764      9.61    180004    924168     16268
22:15:23      2744948   1198360     30.39      2088    969748    367676      9.32    180004    917404     18944
22:15:24      2744696   1198612     30.40      2088    969752    367592      9.32    180004    917512     18948
22:15:25      2743176   1200132     30.43      2088    969760    368576      9.35    180004    918732     18956
22:15:26      2736552   1206756     30.60      2088    969768    375364      9.52    180004    925600     18964
22:15:27      2735688   1207620     30.62      2088    969784    377952      9.58    180004    926832     16208
22:15:28      2734196   1209112     30.66      2088    969788    379540      9.62    180004    927952     16212
22:15:29      2740380   1202928     30.51      2088    972464    369436      9.37    180004    922172     18888
22:15:30      2739372   1203936     30.53      2088    972476    370304      9.39    180004    923628     18900
22:15:31      2728864   1214444     30.80      2088    972484    379580      9.63    180004    933176     18920
22:15:32      2733536   1209772     30.68      2088    972488    375404      9.52    180004    928704     16260
22:15:33      2716936   1226372     31.10      2088    972500    395124     10.02    180004    946204     16272
22:15:34      2730940   1212368     30.74      2088    972504    379088      9.61    180004    932108     16276
22:15:35      2733544   1209764     30.68      2088    975180    372400      9.44    180004    928320     18952
22:15:36      2733764   1209544     30.67      2088    975200    373192      9.46    180004    929128     18972
22:15:37      2730268   1213040     30.76      2088    975200    376780      9.55    180004    932976     16020
22:15:38      2728396   1214912     30.81      2088    975204    379236      9.62    180004    934916     16024
22:15:39      2723464   1219844     30.93      2088    975216    386008      9.79    180004    939832     16036
22:15:40      2718372   1224936     31.06      2088    975216    390840      9.91    180004    945852     16036
22:15:41      2727844   1215464     30.82      2088    977900    375436      9.52    180004    933776     18720
22:15:42      2727612   1215696     30.83      2088    977912    375712      9.53    180004    934392     16136
22:15:43      2715084   1228224     31.15      2088    977916    388400      9.85    180004    946916     16064
22:15:44      2721596   1221712     30.98      2088    977928    385824      9.78    180004    942820     16076
22:15:45      2710556   1232752     31.26      2088    977932    396388     10.05    180004    952548     16080
22:15:46      2719164   1224144     31.04      2088    980608    382144      9.69    180004    942940     18756
22:15:47      2723144   1220164     30.94      2088    980608    376564      9.55    180004    938144     16156
22:15:48      2724104   1219204     30.92      2088    980624    377784      9.58    180004    938768     16108
22:15:49      2717000   1226308     31.10      2088    980640    385748      9.78    180004    945000     16124
22:15:50      2711664   1231644     31.23      2088    980644    391072      9.92    180004    949824     16128
22:15:51      2713804   1229504     31.18      2088    980644    388620      9.86    180004    949204     16128
22:15:52      2718116   1225192     31.07      2088    983320    380388      9.65    180004    943908     16204
22:15:53      2718148   1225160     31.07      2088    983336    380168      9.64    180004    944016     16152
22:15:54      2717140   1226168     31.09      2088    983336    382096      9.69    180004    945904     16152
22:15:55      2713792   1229516     31.18      2088    983340    385192      9.77    180004    948956     16156
22:15:56      2708272   1235036     31.32      2088    983356    392568      9.96    180004    954536     16172
22:15:57      2703148   1240160     31.45      2088    983356    396876     10.06    180004    959116     16172
22:15:58      2713804   1229504     31.18      2088    986032    381424      9.67    180004    948128     16184
22:15:59      2713352   1229956     31.19      2088    986048    381488      9.67    180004    948260     16200
22:16:00      2713100   1230208     31.20      2088    986048    381496      9.67    180004    948516     16200
22:16:01      2711240   1232068     31.24      2088    986052    384100      9.74    180004    951244     16204
22:16:02      2702768   1240540     31.46      2088    986052    393668      9.98    180004    960108     16204
22:16:03      2704976   1238332     31.40      2088    986064    391864      9.94    180004    956832     13552
22:16:04      2702516   1240792     31.47      2088    986072    396084     10.04    180004    960668     13560
22:16:05      2680584   1262724     32.02      2088    988744    414252     10.51    180004    982640     16232
22:16:06      2708396   1234912     31.32      2088    988748    384468      9.75    180004    953388     16236
22:16:07      2707800   1235508     31.33      2088    988764    384648      9.75    180004    953944     16252
22:16:08      2706192   1237116     31.37      2088    988768    387532      9.83    180004    956784     13352
22:16:09      2709060   1234248     31.30      2088    988780    384352      9.75    180004    953608     13364
22:16:10      2699196   1244112     31.55      2088    988784    394292     10.00    180004    962232     13368
22:16:11      2691828   1251480     31.74      2088    988784    402364     10.20    180004    970932     13368
22:16:12      2702388   1240920     31.47      2088    991396    386380      9.80    180004    959500     15980
22:16:13      2701744   1241564     31.49      2088    991476    386620      9.80    180004    959700     13388
22:16:14      2701676   1241632     31.49      2088    991480    386716      9.81    180004    959912     13396
22:16:15      2698720   1244588     31.56      2088    991484    389736      9.88    180004    962860     13400
22:16:16      2689648   1253660     31.79      2088    991484    402452     10.21    180004    974880     13400
22:16:17      2693932   1249376     31.68      2088    991500    399280     10.13    180004    970136     13416
22:16:18      2686304   1257004     31.88      2088    991500    405184     10.28    180004    977004     10752
22:16:19      2697132   1246176     31.60      2088    994116    390796      9.91    180004    965620     13368
22:16:20      2696436   1246872     31.62      2088    994192    390828      9.91    180004    966064     13444
22:16:21      2693316   1249992     31.70      2088    994196    394008      9.99    180004    969012     13448
22:16:22      2686856   1256452     31.86      2088    994200    398100     10.10    180004    973116     13452
22:16:23      2684592   1258716     31.92      2088    994212    404608     10.26    180004    978600     10800
22:16:24      2678112   1265196     32.08      2088    994216    409180     10.38    180004    983156     10804
22:16:25      2674484   1268824     32.18      2088    996828    410020     10.40    180004    987824     13416
22:16:26      2690312   1252996     31.78      2088    996908    392228      9.95    180004    970716     13496
22:16:27      2690512   1252796     31.77      2088    996908    392456      9.95    180004    971160     13496
22:16:28      2676200   1267108     32.13      2088    996916    407556     10.34    180004    985192     10840
22:16:29      2680724   1262584     32.02      2088    996928    405728     10.29    180004    981360     10852
22:16:30      2674432   1268876     32.18      2088    996932    409192     10.38    180004    986992     10856
22:16:31      2684560   1258748     31.92      2088    999608    395948     10.04    180004    976472     13532
22:16:32      2684304   1259004     31.93      2088    999608    396048     10.04    180004    977372     13532
22:16:33      2682040   1261268     31.99      2088    999628    399064     10.12    180004    980228     13536
22:16:34      2668684   1274624     32.32      2088    999628    413132     10.48    180004    993232     13536
22:16:35      2675928   1267380     32.14      2088    999644    408708     10.36    180004    987140     13552
22:16:36      2661264   1282044     32.51      2088    999644    421196     10.68    180004    999280     13564
22:16:37      2631136   1312172     33.28      2088    999644    452648     11.48    180004   1031924     13564
22:16:38      2673412   1269896     32.20      2088   1002332    406116     10.30    180004    988508     16252
22:16:39      2675480   1267828     32.15      2088   1002340    403208     10.23    180004    986148     13356
22:16:40      2662628   1280680     32.48      2088   1002348    415952     10.55    180004    999368     13364
22:16:41      2671440   1271868     32.25      2088   1002352    406108     10.30    180004    989552     13368
22:16:42      2661064   1282244     32.52      2088   1002360    418216     10.61    180004   1000064     13376
22:16:43      2659044   1284264     32.57      2088   1002364    419928     10.65    180004   1002812     13380
22:16:44      2671388   1271920     32.26      2088   1005044    404048     10.25    180004    989876     13380
22:16:45      2670180   1273128     32.29      2088   1005056    406288     10.30    180004    992200     13400
22:16:46      2655564   1287744     32.66      2088   1005060    420124     10.65    180004   1005288     13404
22:16:47      2662872   1280436     32.47      2088   1005064    415640     10.54    180004    999032     13408
22:16:48      2650268   1293040     32.79      2088   1005076    428056     10.86    180004   1012076     13420
22:16:49      2650556   1292752     32.78      2088   1005076    428160     10.86    180004   1011776     13420
22:16:50      2628340   1314968     33.35      2088   1007752    447868     11.36    180004   1036472     16096
22:16:51      2664472   1278836     32.43      2088   1007772    410136     10.40    180004    998924     16116
22:16:52      2652532   1290776     32.73      2088   1007776    423348     10.74    180004   1011208     16120
22:16:53      2655976   1287332     32.65      2088   1007776    417960     10.60    180004   1005856     16120
22:16:54      2646988   1296320     32.87      2088   1007788    429888     10.90    180004   1016232     13468
22:16:55      2645980   1297328     32.90      2088   1007792    431424     10.94    180004   1018204     13472
22:16:56      2658068   1285240     32.59      2088   1010476    412808     10.47    180004   1003944     16156
22:16:57      2658016   1285292     32.59      2088   1010484    413692     10.49    180004   1004932     16164
22:16:58      2651516   1291792     32.76      2088   1010500    423424     10.74    180004   1011788     16284
22:16:59      2644912   1298396     32.93      2088   1010504    428212     10.86    180004   1016624     13624
22:17:00      2646716   1296592     32.88      2088   1010504    424708     10.77    180004   1015876     13624
22:17:01      2652012   1291296     32.75      2088   1013180    415560     10.54    180004   1009312     16300
22:17:02      2653020   1290288     32.72      2088   1013196    414584     10.51    180004   1008560     16316
22:17:03      2653020   1290288     32.72      2088   1013196    414632     10.51    180004   1008568     16316
22:17:04      2650752   1292556     32.78      2088   1013200    417616     10.59    180004   1011404     13656
22:17:05      2641932   1301376     33.00      2088   1013204    427648     10.84    180004   1020980     13660
22:17:06      2641396   1301912     33.02      2088   1013216    427252     10.83    180004   1019292     13672
22:17:07      2638584   1304724     33.09      2088   1013216    428788     10.87    180004   1022652     13672
22:17:08      2647972   1295336     32.85      2088   1015892    416924     10.57    180004   1013616     16348
22:17:09      2647468   1295840     32.86      2088   1015908    416752     10.57    180004   1013900     13508
22:17:10      2645720   1297588     32.91      2088   1015912    419524     10.64    180004   1016436     13440
22:17:11      2635056   1308252     33.18      2088   1015912    430684     10.92    180004   1026876     13440
22:17:12      2631592   1311716     33.26      2088   1015928    436712     11.07    180004   1030832     13456
22:17:13      2634540   1308768     33.19      2088   1015928    432416     10.97    180004   1027920     13456
22:17:14      2641664   1301644     33.01      2088   1018604    421396     10.69    180004   1020064     13468
22:17:15      2641664   1301644     33.01      2088   1018620    420904     10.67    180004   1019632     13484
22:17:16      2632028   1311280     33.25      2088   1018628    430260     10.91    180004   1028840     13492
22:17:17      2635864   1307444     33.16      2088   1018636    428072     10.86    180004   1026212     13500
22:17:18      2627364   1315944     33.37      2088   1018648    439348     11.14    180004   1035544     13512
22:17:19      2617284   1326024     33.63      2088   1018648    447952     11.36    180004   1044296     13504
22:17:20      2559000   1384308     35.11      2088   1020652    503232     12.76    180004   1103372     15516
22:17:21      2632356   1310952     33.24      2088   1021336    427492     10.84    180004   1028836     16200
22:17:22      2631632   1311676     33.26      2088   1021344    429804     10.90    180004   1031092     16208
22:17:23      2626496   1316812     33.39      2088   1021348    435156     11.04    180004   1036824     16112
22:17:24      2619476   1323832     33.57      2088   1021364    443208     11.24    180004   1042684     16132
22:17:25      2611180   1332128     33.78      2088   1021368    450932     11.44    180004   1050272     13472
22:17:26      2628844   1314464     33.33      2088   1024044    428612     10.87    180004   1032324     16148
22:17:27      2628940   1314368     33.33      2088   1024060    428260     10.86    180004   1032276     16164
22:17:28      2627332   1315976     33.37      2088   1024060    430988     10.93    180004   1034920     16164
22:17:29      2615224   1328084     33.68      2088   1024064    442740     11.23    180004   1046640     16168
22:17:30      2615236   1328072     33.68      2088   1024080    445052     11.29    180004   1047164     13516
22:17:31      2611384   1331924     33.78      2088   1024080    445424     11.30    180004   1049624     13516
22:17:32      2624032   1319276     33.46      2088   1026692    430528     10.92    180004   1037280     16128
22:17:33      2623600   1319708     33.47      2088   1026760    431316     10.94    180004   1038200     16196
22:17:34      2620916   1322392     33.54      2088   1026776    434004     11.01    180004   1040948     16212
22:17:35      2611204   1332104     33.78      2088   1026776    442748     11.23    180004   1049848     13548
22:17:36      2613336   1329972     33.73      2088   1026780    442096     11.21    180004   1048860     13552
22:17:37      2605040   1338268     33.94      2088   1026792    450856     11.43    180004   1056724     13564
22:17:38      2598948   1344360     34.09      2088   1026792    458292     11.62    180004   1063732     13564
22:17:39      2614560   1328748     33.70      2088   1029480    436236     11.06    180004   1046428     16252
22:17:40      2613048   1330260     33.73      2088   1029488    437956     11.11    180004   1048336     13352
22:17:41      2601808   1341500     34.02      2088   1029492    449680     11.40    180004   1059076     13356
22:17:42      2603472   1339836     33.98      2088   1029504    451088     11.44    180004   1058540     13368
22:17:43      2596408   1346900     34.16      2088   1029508    457212     11.59    180004   1064352     13372
22:17:44      2601904   1341404     34.02      2088   1029508    448056     11.36    180004   1056892     13372
22:17:45      2606464   1336844     33.90      2088   1032192    442852     11.23    180004   1054916     13392
22:17:46      2606612   1336696     33.90      2088   1032200    442844     11.23    180004   1054692     13400
22:17:47      2595520   1347788     34.18      2088   1032204    453596     11.50    180004   1065452     13404
22:17:48      2600480   1342828     34.05      2088   1032220    452308     11.47    180004   1062380     13420
22:17:49      2588176   1355132     34.37      2088   1032220    461896     11.71    180004   1071772     13420
22:17:50      2591312   1351996     34.29      2088   1032220    461428     11.70    180004   1072368     13400
22:17:51      2598960   1344348     34.09      2088   1034900    448184     11.37    180004   1063848     16088
22:17:52      2602992   1340316     33.99      2088   1034916    445200     11.29    180004   1061024     16104
22:17:53      2592408   1350900     34.26      2088   1034924    455588     11.55    180004   1070956     16112
22:17:54      2588816   1354492     34.35      2088   1034924    455764     11.56    180004   1071176     16112
22:17:55      2589376   1353932     34.33      2088   1034936    457516     11.60    180004   1073768     13456
22:17:56      2587604   1355704     34.38      2088   1034940    459492     11.65    180004   1075904     13460
22:17:57      2587776   1355532     34.38      2088   1034940    457888     11.61    180004   1074608     13472
22:17:58      2594888   1348420     34.20      2088   1037624    448664     11.38    180004   1067756     16156
22:17:59      2595392   1347916     34.18      2088   1037632    448212     11.37    180004   1067336     16164
22:18:00      2586824   1356484     34.40      2088   1037636    459704     11.66    180004   1077060     13568
22:18:01      2589516   1353792     34.33      2088   1037640    455020     11.54    180004   1072492     13508
22:18:02      2588328   1354980     34.36      2088   1037652    459208     11.65    180004   1074868     13520
22:18:03      2580840   1362468     34.55      2088   1037652    464772     11.79    180004   1080732     13520
22:18:04      2584648   1358660     34.45      2088   1040328    456664     11.58    180004   1077232     16196
22:18:05      2591328   1351980     34.29      2088   1040332    449512     11.40    180004   1070432     16200
22:18:06      2591580   1351728     34.28      2088   1040348    449232     11.39    180004   1070412     13552
22:18:07      2592240   1351068     34.26      2088   1040352    450580     11.43    180004   1071708     13556
22:18:08      2584020   1359288     34.47      2088   1040352    458612     11.63    180004   1079804     13556
22:18:09      2584840   1358468     34.45      2088   1040356    456724     11.58    180004   1078288     13560
22:18:10      2576532   1366776     34.66      2088   1040368    466864     11.84    180004   1085920     13572
22:18:11      2575776   1367532     34.68      2088   1040368    468436     11.88    180004   1087696     10688
22:18:12      2582572   1360736     34.51      2088   1043048    455384     11.55    180004   1079512     13368
22:18:13      2583344   1359964     34.49      2088   1043064    454116     11.52    180004   1078356     13384
22:18:14      2579276   1364032     34.59      2088   1043064    459992     11.67    180004   1083440     13384
22:18:15      2576736   1366572     34.66      2088   1043080    465012     11.79    180004   1087088     13400
22:18:16      2545228   1398080     35.45      2088   1043080    495792     12.57    180004   1119316     10736
22:18:17      2580420   1362888     34.56      2088   1045756    454948     11.54    180004   1081256     13412
22:18:18      2581004   1362304     34.55      2088   1045768    454640     11.53    180004   1080976     13424
22:18:19      2579744   1363564     34.58      2088   1045776    456824     11.58    180004   1083356     13432
22:18:20      2569092   1374216     34.85      2088   1045776    468356     11.88    180004   1094320     13432
22:18:21      2573324   1369984     34.74      2088   1045792    465840     11.81    180004   1090212     13432
22:18:22      2552756   1390552     35.26      2088   1045792    485668     12.32    180004   1109908     13440
22:18:23      2485472   1457836     36.97      2088   1045796    554144     14.05    180004   1178432     13444
22:18:24      2575332   1367976     34.69      2088   1048472    457376     11.60    180004   1086476     16120
22:18:25      2573728   1369580     34.73      2088   1048488    459792     11.66    180004   1089232     16136
22:18:26      2564640   1378668     34.96      2088   1048492    469252     11.90    180004   1098432     13476
22:18:27      2567712   1375596     34.88      2088   1048504    468992     11.89    180004   1096424     13488
22:18:28      2563292   1380016     35.00      2088   1048508    470596     11.93    180004   1099880     13492
22:18:29      2510800   1432508     36.33      2088   1051184    519212     13.17    180004   1150712     16168
22:18:30      2568056   1375252     34.88      2088   1051200    461608     11.71    180004   1093584     16184
22:18:31      2566100   1377208     34.93      2088   1051204    464736     11.79    180004   1096624     13588
22:18:32      2558052   1385256     35.13      2088   1051208    472768     11.99    180004   1104176     13516
22:18:33      2553200   1390108     35.25      2088   1051224    479080     12.15    180004   1108792     13532
22:18:34      2548452   1394856     35.37      2088   1051224    484028     12.27    180004   1113440     13532
22:18:35      2561748   1381560     35.04      2088   1053896    466328     11.83    180004   1099956     16204
22:18:36      2562560   1380748     35.01      2088   1053916    464976     11.79    180004   1099232     13560
22:18:37      2555312   1387996     35.20      2088   1053920    473368     12.00    180004   1107392     13564
22:18:38      2554308   1389000     35.22      2088   1053936    475792     12.07    180004   1108364     13580
22:18:39      2551964   1391344     35.28      2088   1053936    477832     12.12    180004   1110240     13580
22:18:40      2545732   1397576     35.44      2088   1053940    483312     12.26    180004   1118292     13584
22:18:41      2557788   1385520     35.14      2088   1056620    466216     11.82    180004   1104352     16004
22:18:42      2555048   1388260     35.21      2088   1056632    469164     11.90    180004   1107364     16016
22:18:43      2544372   1398936     35.48      2088   1056636    481712     12.22    180004   1119120     16020
22:18:44      2548868   1394440     35.36      2088   1056648    478284     12.13    180004   1114112     16032
22:18:45      2536852   1406456     35.67      2088   1056648    487096     12.35    180004   1125268     16032
22:18:46      2552356   1390952     35.27      2088   1059328    468728     11.89    180004   1109524     18716
22:18:47      2551944   1391364     35.28      2088   1059340    469100     11.90    180004   1110332     16064
22:18:48      2550740   1392568     35.31      2088   1059348    472088     11.97    180004   1113048     16072
22:18:49      2552504   1390804     35.27      2088   1059360    469932     11.92    180004   1110284     16084
22:18:50      2537872   1405436     35.64      2088   1059364    486248     12.33    180004   1123884     16088
22:18:51      2536248   1407060     35.68      2088   1059364    489000     12.40    180004   1126932     16088
22:18:52      2544072   1399236     35.48      2088   1062040    480356     12.18    180004   1119216     16088
22:18:53      2547896   1395412     35.39      2088   1062056    471732     11.96    180004   1115016     16112
22:18:54      2547652   1395656     35.39      2088   1062056    471716     11.96    180004   1114972     16112
22:18:55      2541920   1401388     35.54      2088   1062060    478444     12.13    180004   1121288     16116
22:18:56      2535560   1407748     35.70      2088   1062064    484684     12.29    180004   1126860     16120
22:18:57      2537856   1405452     35.64      2088   1062076    485328     12.31    180004   1125940     13468
22:18:58      2526516   1416792     35.93      2088   1062080    496748     12.60    180004   1137344     13472
22:18:59      2540368   1402940     35.58      2088   1064760    477136     12.10    180004   1121972     16152
22:19:00      2538352   1404956     35.63      2088   1064776    479388     12.16    180004   1124552     16168
22:19:01      2530280   1413028     35.83      2088   1064780    487400     12.36    180004   1132652     16180
22:19:02      2528980   1414328     35.87      2088   1064780    487612     12.37    180004   1132556     13516
22:19:03      2526092   1417216     35.94      2088   1064792    491740     12.47    180004   1134960     13528
22:19:04      2522948   1420360     36.02      2088   1064796    497592     12.62    180004   1140556     13532
22:19:05      2517656   1425652     36.15      2088   1064796    498300     12.64    180004   1143020     13532
22:19:06      2532264   1411044     35.78      2088   1067480    480668     12.19    180004   1129284     16316
22:19:07      2533020   1410288     35.76      2088   1067492    480168     12.18    180004   1128900     13668
22:19:08      2527676   1415632     35.90      2088   1067492    486944     12.35    180004   1134708     13668
22:19:09      2527728   1415580     35.90      2088   1067504    489680     12.42    180004   1134840     13680
22:19:10      2520736   1422572     36.08      2088   1067508    496900     12.60    180004   1142052     13684
22:19:11      2435788   1507520     38.23      2088   1067508    580820     14.73    180004   1227700     13684
22:19:12      2523224   1420084     36.01      2088   1070184    486000     12.32    180004   1138300     13460
22:19:13      2526752   1416556     35.92      2088   1070192    482668     12.24    180004   1135000     13468
22:19:14      2527004   1416304     35.92      2088   1070196    483292     12.26    180004   1135316     13472
22:19:15      2521456   1421852     36.06      2088   1070196    486292     12.33    180004   1137924     13472
22:19:16      2518688   1424620     36.13      2088   1070208    495488     12.57    180004   1143780     13484
22:19:17      2513272   1430036     36.26      2088   1070212    497512     12.62    180004   1146124     10888
22:19:18      2487968   1455340     36.91      2088   1070212    524636     13.30    180004   1174704     10820
22:19:19      2522240   1421068     36.04      2088   1072888    486356     12.33    180004   1139864     13496
22:19:20      2519972   1423336     36.09      2088   1072904    489100     12.40    180004   1142916     13512
22:19:21      2508872   1434436     36.38      2088   1072908    500144     12.68    180004   1152928     13516
22:19:22      2512632   1430676     36.28      2088   1072920    500028     12.68    180004   1151100     10928
22:19:23      2502584   1440724     36.54      2088   1072924    508088     12.88    180004   1159796     10868
22:19:24      2474288   1469020     37.25      2088   1075536    531628     13.48    180004   1187616     13480
22:19:25      2517200   1426108     36.17      2088   1075616    488336     12.38    180004   1144992     13560
22:19:26      2515396   1427912     36.21      2088   1075620    491540     12.47    180004   1148248     13564
22:19:27      2506340   1436968     36.44      2088   1075636    501712     12.72    180004   1155608     13572
22:19:28      2496220   1447088     36.70      2088   1075636    511916     12.98    180004   1165864     13576
22:19:29      2478036   1465272     37.16      2088   1078312    524568     13.30    180004   1183772     16252
22:19:30      2511740   1431568     36.30      2088   1078316    490720     12.44    180004   1150076     16256
22:19:31      2511332   1431976     36.31      2088   1078332    490880     12.45    180004   1150732     16272
22:19:32      2509120   1434188     36.37      2088   1078332    493768     12.52    180004   1153632     16272
22:19:33      2505024   1438284     36.47      2088   1078340    496480     12.59    180004   1156108     13616
22:19:34      2501812   1441496     36.56      2088   1078352    504608     12.80    180004   1161252     13628
22:19:35      2495416   1447892     36.72      2088   1078352    510576     12.95    180004   1167472     13628
22:19:36      2470752   1472556     37.34      2088   1078364    533212     13.52    180004   1191680     13640
22:19:37      2504316   1438992     36.49      2088   1081032    496308     12.59    180004   1157836     16308
22:19:38      2504064   1439244     36.50      2088   1081044    495568     12.57    180004   1157564     13552
22:19:39      2501700   1441608     36.56      2088   1081048    498824     12.65    180004   1160716     13556
22:19:40      2498720   1444588     36.63      2088   1081052    501940     12.73    180004   1163676     13560
22:19:41      2494992   1448316     36.73      2088   1081064    508304     12.89    180004   1167584     13572
22:19:42      2486124   1457184     36.95      2088   1081068    517580     13.13    180004   1176752     13576
22:19:43      2419344   1523964     38.65      2088   1083684    579060     14.68    180004   1243280     13296
22:19:44      2497968   1445340     36.65      2088   1083752    499124     12.66    180004   1163904     13364
22:19:45      2497212   1446096     36.67      2088   1083764    499496     12.67    180004   1164848     13376
22:19:46      2490980   1452328     36.83      2088   1083768    506668     12.85    180004   1171200     13380
22:19:47      2488944   1454364     36.88      2088   1083784    511768     12.98    180004   1174584     13396
22:19:48      2474276   1469032     37.25      2088   1083784    524856     13.31    180004   1187896     13396
22:19:49      2385364   1557944     39.51      2088   1083788    614064     15.57    180004   1278232     13400
22:19:50      2490448   1452860     36.84      2088   1086472    503848     12.78    180004   1171324     16084
22:19:51      2491960   1451348     36.81      2088   1086484    502192     12.74    180004   1169912     16096
22:19:52      2490352   1452956     36.85      2088   1086488    505144     12.81    180004   1172716     16100
22:19:53      2477344   1465964     37.18      2088   1086492    519064     13.16    180004   1185556     13440
22:19:54      2485636   1457672     36.97      2088   1086492    510532     12.95    180004   1177200     13440
22:19:55      2473060   1470248     37.28      2088   1086504    525664     13.33    180004   1190724     13452
22:19:56      2469732   1473576     37.37      2088   1086508    526724     13.36    180004   1192660     13456
22:19:57      2403248   1540060     39.06      2088   1089180    590860     14.98    180004   1260136     16128
22:19:58      2485904   1457404     36.96      2088   1089200    506192     12.84    180004   1176048     13468
22:19:59      2484548   1458760     36.99      2088   1089204    509204     12.91    180004   1178972     13476
22:20:00      2474312   1468996     37.25      2088   1089208    518272     13.14    180004   1187444     13480
22:20:01      2472044   1471264     37.31      2088   1089264    523588     13.28    180136   1190528     13744
22:20:02      2475792   1467516     37.22      2088   1089264    518048     13.14    180136   1186540     13744
22:20:03      2466916   1476392     37.44      2088   1089268    526028     13.34    180136   1193484     11148
22:20:04      2397672   1545636     39.20      2088   1091940    592560     15.03    180136   1264516     13744
22:20:05      2481116   1462192     37.08      2088   1091944    509056     12.91    180136   1181388     13748
22:20:06      2480328   1462980     37.10      2088   1091960    509348     12.92    180136   1181888     13776
22:20:07      2473268   1470040     37.28      2088   1091964    516792     13.11    180136   1188564     13780
22:20:08      2470248   1473060     37.36      2088   1091980    522444     13.25    180136   1192908     11196
22:20:09      2462376   1480932     37.56      2088   1091980    529120     13.42    180136   1200060     11132
22:20:10      2451316   1491992     37.84      2088   1094592    536520     13.61    180136   1211624     13744
22:20:11      2475004   1468304     37.24      2088   1094664    511464     12.97    180136   1186996     13816
22:20:12      2475256   1468052     37.23      2088   1094676    511420     12.97    180136   1187176     13828
22:20:13      2471248   1472060     37.33      2088   1094676    514532     13.05    180136   1190316     13828
22:20:14      2469588   1473720     37.37      2088   1094680    517864     13.13    180136   1193472     10936
22:20:15      2466752   1476556     37.44      2088   1094696    523048     13.26    180136   1195772     10952
22:20:16      2459940   1483368     37.62      2088   1094696    530200     13.45    180136   1203544     10952
22:20:17      2469500   1473808     37.37      2088   1097304    515448     13.07    180136   1193308     13560
22:20:18      2469776   1473532     37.37      2088   1097372    514108     13.04    180136   1192248     13628
22:20:19      2466444   1476864     37.45      2088   1097396    517008     13.11    180136   1195320     13656
22:20:20      2459644   1483664     37.62      2088   1097396    525588     13.33    180136   1202940     13656
22:20:21      2457292   1486016     37.68      2088   1097412    529344     13.42    180136   1204700     13672
22:20:22      2453120   1490188     37.79      2088   1097412    533520     13.53    180136   1209124     13672
22:20:23      2394588   1548720     39.27      2088   1100088    587020     14.89    180136   1266644     16348
22:20:24      2463444   1479864     37.53      2088   1100092    517764     13.13    180136   1197884     13688
22:20:25      2463140   1480168     37.54      2088   1100108    517784     13.13    180136   1198340     13704
22:20:26      2462184   1481124     37.56      2088   1100112    520796     13.21    180136   1201268     13708
22:20:27      2449080   1494228     37.89      2088   1100112    534420     13.55    180136   1214132     13708
22:20:28      2454372   1488936     37.76      2088   1100128    529856     13.44    180136   1207972     13724
22:20:29      2440004   1503304     38.12      2088   1100128    542128     13.75    180136   1220992     11048
22:20:30      2391304   1552004     39.36      2088   1102736    586320     14.87    180136   1269488     13664
22:20:31      2458072   1485236     37.66      2088   1102808    520296     13.19    180136   1203740     13736
22:20:32      2456080   1487228     37.72      2088   1102824    523628     13.28    180136   1207132     13752
22:20:33      2441340   1501968     38.09      2088   1102828    538796     13.66    180136   1221916     13756
22:20:34      2438680   1504628     38.16      2088   1102844    539904     13.69    180136   1220988     13520
22:20:35      2442292   1501016     38.06      2088   1102844    537032     13.62    180136   1220164     13520
22:20:36      2405912   1537396     38.99      2088   1105524    569752     14.45    180136   1255624     16200
22:20:37      2447180   1496128     37.94      2088   1105528    528104     13.39    180136   1214240     16204
22:20:38      2449460   1493848     37.88      2088   1105540    525452     13.33    180136   1211736     16216
22:20:39      2448976   1494332     37.90      2088   1105544    527760     13.38    180136   1214024     13620
22:20:40      2437312   1505996     38.19      2088   1105548    540888     13.72    180136   1226060     13544
22:20:41      2432568   1510740     38.31      2088   1105564    545744     13.84    180136   1229184     13560
22:20:42      2429532   1513776     38.39      2088   1105564    550312     13.96    180136   1234048     13560
22:20:43      2428036   1515272     38.43      2088   1105564    550888     13.97    180136   1234960     13560
22:20:44      2441984   1501324     38.07      2088   1108240    531152     13.47    180136   1219556     13324
22:20:45      2441984   1501324     38.07      2088   1108260    532336     13.50    180136   1220696     13348
22:20:46      2431400   1511908     38.34      2088   1108264    544220     13.80    180136   1232240     13352
22:20:47      2433416   1509892     38.29      2088   1108276    542448     13.76    180136   1228816     13364
22:20:48      2422820   1520488     38.56      2088   1108280    551328     13.98    180136   1238916     13368
22:20:49      2385956   1557352     39.49      2088   1110892    584720     14.83    180136   1276468     13380
22:20:50      2437632   1505676     38.18      2088   1110960    531728     13.48    180136   1224072     13380
22:20:51      2438188   1505120     38.17      2088   1110972    531076     13.47    180136   1223288     13392
22:20:52      2437108   1506200     38.20      2088   1110976    533864     13.54    180136   1225988     13396
22:20:53      2428596   1514712     38.41      2088   1110992    544140     13.80    180136   1232912     13412
22:20:54      2428864   1514444     38.41      2088   1110992    545544     13.83    180136   1234448     10824
22:20:55      2308872   1634436     41.45      2088   1110992    664236     16.84    180136   1354116     10760
22:20:56      2432596   1510712     38.31      2088   1113680    533996     13.54    180136   1228744     13448
22:20:57      2433044   1510264     38.30      2088   1113680    533608     13.53    180136   1228560     13448
22:20:58      2433352   1509956     38.29      2088   1113688    533456     13.53    180136   1228300     13456
22:20:59      2431236   1512072     38.35      2088   1113696    536644     13.61    180136   1231592     13464
22:21:00      2419972   1523336     38.63      2088   1113696    547632     13.89    180136   1241312     13448
22:21:01      2423328   1519980     38.55      2088   1113712    546668     13.86    180136   1238576     13472
22:21:02      2410224   1533084     38.88      2088   1113712    560120     14.20    180136   1251520     13472
22:21:03      2396868   1546440     39.22      2088   1113712    569424     14.44    180136   1262656     13472
22:21:04      2425256   1518052     38.50      2088   1116388    539772     13.69    180136   1236212     16148
22:21:05      2426344   1516964     38.47      2088   1116404    538096     13.65    180136   1234892     13500
22:21:06      2424328   1518980     38.52      2088   1116404    541256     13.73    180136   1237792     13500
22:21:07      2411400   1531908     38.85      2088   1116412    555112     14.08    180136   1250992     13508
22:21:08      2418988   1524320     38.66      2088   1116424    547632     13.89    180136   1243536     13520
22:21:09      2413836   1529472     38.79      2088   1116424    552316     14.01    180136   1248336     13520
22:21:10      2329272   1614036     40.93      2088   1119100    631856     16.02    180136   1331672     13532
22:21:11      2421816   1521492     38.58      2088   1119104    539616     13.68    180136   1239572     13536
22:21:12      2421816   1521492     38.58      2088   1119104    539744     13.69    180136   1239972     13536
22:21:13      2419296   1524012     38.65      2088   1119120    543208     13.78    180136   1243172     13552
22:21:14      2410980   1532328     38.86      2088   1119124    551412     13.98    180136   1251648     13664
22:21:15      2411980   1531328     38.83      2088   1119136    551832     13.99    180136   1249372     10792
22:21:16      2404416   1538892     39.03      2088   1119140    558532     14.16    180136   1256864     10796
22:21:17      2317992   1625316     41.22      2088   1119140    647132     16.41    180136   1345140     10796
22:21:18      2414248   1529060     38.78      2088   1121816    545820     13.84    180136   1246976     13472
22:21:19      2415508   1527800     38.74      2088   1121828    544524     13.81    180136   1245988     13484
22:21:20      2412924   1530384     38.81      2088   1121832    547732     13.89    180136   1249284     10824
22:21:21      2406092   1537216     38.98      2088   1121836    552324     14.01    180136   1254020     10828
22:21:22      2409988   1533320     38.88      2088   1121852    552360     14.01    180136   1252920     10844
22:21:23      2369108   1574200     39.92      2088   1121852    592300     15.02    180136   1294396     10844
22:21:24      2409352   1533956     38.90      2088   1124524    546660     13.86    180136   1251448     13516
22:21:25      2409776   1533532     38.89      2088   1124540    546436     13.86    180136   1251580     13532
22:21:26      2409680   1533628     38.89      2088   1124544    546436     13.86    180136   1251640     13536
22:21:27      2405144   1538164     39.01      2088   1124548    551244     13.98    180136   1256356     13540
22:21:28      2399080   1544228     39.16      2088   1124564    560444     14.21    180136   1263036     13556
22:21:29      2399056   1544252     39.16      2088   1124564    561348     14.24    180136   1263956     13556
22:21:30      2287924   1655384     41.98      2088   1124572    670808     17.01    180136   1374220     10964
22:21:31      2404284   1539024     39.03      2088   1127244    550304     13.96    180136   1257792     13572
22:21:32      2403080   1540228     39.06      2088   1127264    550532     13.96    180136   1258156     13592
22:21:33      2401080   1542228     39.11      2088   1127264    553528     14.04    180136   1260956     13592
22:21:34      2389464   1553844     39.40      2088   1127272    564268     14.31    180136   1271612     13600
22:21:35      2392844   1550464     39.32      2088   1127288    564672     14.32    180136   1270064     11016
22:21:36      2389980   1553328     39.39      2088   1127288    564204     14.31    180136   1270912     10944
22:21:37      2324876   1618432     41.04      2088   1129964    626880     15.90    180136   1336096     13620
22:21:38      2398312   1544996     39.18      2088   1129968    553404     14.03    180136   1263036     13624
22:21:39      2398096   1545212     39.19      2088   1129984    554044     14.05    180136   1263944     13640
22:21:40      2395892   1547416     39.24      2088   1129984    557056     14.13    180136   1266896     13640
22:21:41      2388192   1555116     39.44      2088   1129992    563124     14.28    180136   1273004     10984
22:21:42      2384716   1558592     39.52      2088   1130000    569940     14.45    180136   1277772     10992
22:21:43      2368320   1574988     39.94      2088   1130004    585300     14.84    180136   1294856     10996
22:21:44      2392448   1550860     39.33      2088   1132680    556348     14.11    180136   1269120     13672
22:21:45      2392296   1551012     39.33      2088   1132696    556068     14.10    180136   1269068     13688
22:21:46      2391748   1551560     39.35      2088   1132696    556068     14.10    180136   1269140     13344
22:21:47      2384188   1559120     39.54      2088   1132700    565820     14.35    180136   1278724     13352
22:21:48      2383780   1559528     39.55      2088   1132712    567204     14.38    180136   1278232     13364
22:21:49      2372008   1571300     39.85      2088   1132712    578784     14.68    180136   1289376     13364
22:21:50      2278620   1664688     42.22      2088   1135392    666904     16.91    180136   1382120     16044
22:21:51      2386292   1557016     39.49      2088   1135396    559804     14.20    180136   1275296     13384
22:21:52      2385724   1557584     39.50      2088   1135408    559680     14.19    180136   1275336     13396
22:21:53      2380648   1562660     39.63      2088   1135412    564732     14.32    180136   1280148     13400
22:21:54      2378156   1565152     39.69      2088   1135420    567832     14.40    180136   1283044     13408
22:21:55      2365236   1578072     40.02      2088   1135428    579568     14.70    180136   1294908     13416
22:21:56      2362004   1581304     40.10      2088   1135428    586508     14.87    180136   1299928     10752
22:21:57      2365816   1577492     40.00      2088   1135436    581368     14.74    180136   1296480     10760
22:21:58      2376884   1566424     39.72      2088   1138108    566184     14.36    180136   1284604     13432
22:21:59      2376392   1566916     39.74      2088   1138128    567236     14.38    180136   1285732     13452
22:22:00      2365616   1577692     40.01      2088   1138128    577264     14.64    180136   1295524     13452
22:22:01      2367060   1576248     39.97      2088   1138140    578040     14.66    180136   1294356     10864
22:22:02      2355668   1587640     40.26      2088   1138144    589096     14.94    180136   1305564     10788
22:22:03      2363956   1579352     40.05      2088   1138148    579464     14.69    180136   1297684     10792
22:22:04      2338472   1604836     40.70      2088   1140820    602092     15.27    180136   1322704     13464
22:22:05      2368776   1574532     39.93      2088   1140828    571408     14.49    180136   1292344     13472
22:22:06      2369532   1573776     39.91      2088   1140840    570156     14.46    180136   1291500     13476
22:22:07      2368240   1575068     39.94      2088   1140844    572312     14.51    180136   1293508     13488
22:22:08      2367420   1575888     39.96      2088   1140860    575684     14.60    180136   1295108     13504
22:22:09      2351364   1591944     40.37      2088   1140864    591912     15.01    180136   1310492     13508
22:22:10      2312548   1630760     41.36      2088   1140864    626624     15.89    180136   1346528     13508
22:22:11      2361172   1582136     40.12      2088   1143536    576160     14.61    180136   1299600     13516
22:22:12      2364168   1579140     40.05      2088   1143548    573236     14.54    180136   1296860     13528
22:22:13      2364672   1578636     40.03      2088   1143556    574520     14.57    180136   1298160     13536
22:22:14      2355192   1588116     40.27      2088   1143568    584668     14.83    180136   1306324     13548
22:22:15      2354928   1588380     40.28      2088   1143572    583748     14.80    180136   1306928     13564
22:22:16      2265436   1677872     42.55      2088   1146184    669288     16.97    180136   1395188     13576
22:22:17      2359468   1583840     40.17      2088   1146252    575752     14.60    180136   1301496     13580
22:22:18      2359972   1583336     40.15      2088   1146264    574012     14.56    180136   1301220     13592
22:22:19      2360224   1583084     40.15      2088   1146264    574080     14.56    180136   1301264     13592
22:22:20      2355680   1587628     40.26      2088   1146268    579248     14.69    180136   1306260     13596
22:22:21      2351836   1591472     40.36      2088   1146272    583904     14.81    180136   1310140     13600
22:22:22      2352192   1591116     40.35      2088   1146288    586580     14.88    180136   1310976     10692
22:22:23      2337764   1605544     40.72      2088   1146288    598892     15.19    180136   1324372     10692
22:22:24      2268424   1674884     42.47      2088   1148904    662844     16.81    180136   1392748     13308
22:22:25      2354012   1589296     40.30      2088   1148976    576664     14.62    180136   1307088     13380
22:22:26      2353412   1589896     40.32      2088   1148984    579140     14.69    180136   1309436     13388
22:22:27      2342304   1601004     40.60      2088   1148988    589800     14.96    180136   1318828     13392
22:22:28      2340308   1603000     40.65      2088   1149000    593812     15.06    180136   1321340     13404
22:22:29      2337684   1605624     40.72      2088   1149004    592652     15.03    180136   1322616     13408
22:22:30      2267456   1675852     42.50      2088   1151616    662140     16.79    180136   1394680     16020
22:22:31      2344220   1599088     40.55      2088   1151684    584220     14.82    180136   1317172     16088
22:22:32      2347844   1595464     40.46      2088   1151696    580592     14.72    180136   1313584     13436
22:22:33      2346552   1596756     40.49      2088   1151700    583032     14.79    180136   1315992     13440
22:22:34      2334928   1608380     40.79      2088   1151700    594860     15.09    180136   1326920     13440
22:22:35      2337504   1605804     40.72      2088   1151716    593320     15.05    180136   1323508     13456
22:22:36      2330296   1613012     40.91      2088   1151716    599004     15.19    180136   1330132     13456
22:22:37      2326692   1616616     41.00      2088   1151716    597808     15.16    180136   1330092     10776
22:22:38      2342812   1600496     40.59      2088   1154396    582940     14.78    180136   1318348     13464
22:22:39      2342908   1600400     40.59      2088   1154408    582912     14.78    180136   1318484     13476
22:22:40      2340448   1602860     40.65      2088   1154412    586264     14.87    180136   1321736     13480
22:22:41      2328448   1614860     40.95      2088   1154416    599400     15.20    180136   1334056     13484
22:22:42      2333896   1609412     40.81      2088   1154428    595748     15.11    180136   1328764     10832
22:22:43      2325636   1617672     41.02      2088   1154432    603192     15.30    180136   1336348     10836
22:22:44      2249968   1693340     42.94      2088   1157104    673404     17.08    180136   1410460     13508
22:22:45      2337316   1605992     40.73      2088   1157108    586332     14.87    180136   1323964     13512
22:22:46      2337000   1606308     40.74      2088   1157128    586588     14.88    180136   1324268     13536
22:22:47      2334732   1608576     40.79      2088   1157128    589604     14.95    180136   1327372     10860
22:22:48      2319612   1623696     41.18      2088   1157128    604496     15.33    180136   1341536     10860
22:22:49      2325908   1617400     41.02      2088   1157132    599116     15.19    180136   1336224     10864
22:22:50      2311316   1631992     41.39      2088   1157144    614920     15.59    180136   1349560     10876
22:22:51      2313532   1629776     41.33      2088   1157148    614872     15.59    180136   1349516     10880
22:22:52      2313048   1630260     41.34      2088   1157148    611668     15.51    180136   1348572     10672
22:22:53      2260888   1682420     42.67      2088   1159824    661184     16.77    180136   1401004     13352
22:22:54      2329092   1614216     40.94      2088   1159836    591480     15.00    180136   1331780     13364
22:22:55      2322576   1620732     41.10      2088   1159848    600128     15.22    180136   1339880     13376
22:22:56      2320260   1623048     41.16      2088   1159856    602388     15.28    180136   1340548     13384
22:22:57      2316052   1627256     41.27      2088   1159856    605088     15.34    180136   1345728     10720
22:22:58      2291352   1651956     41.89      2088   1162532    625372     15.86    180136   1369160     13396
22:22:59      2324976   1618332     41.04      2088   1162536    592040     15.01    180136   1336516     13400
22:23:00      2325028   1618280     41.04      2088   1162536    591748     15.01    180136   1336164     13400
22:23:01      2321840   1621468     41.12      2088   1162552    594940     15.09    180136   1339432     13416
22:23:02      2320284   1623024     41.16      2088   1162552    597648     15.16    180136   1341800     10752
22:23:03      2312052   1631256     41.37      2088   1162552    606796     15.39    180136   1349476     10764
22:23:04      2313416   1629892     41.33      2088   1162568    607212     15.40    180136   1348024     10780
22:23:05      2306508   1636800     41.51      2088   1162568    614856     15.59    180136   1355252     10780
22:23:06      2220844   1722464     43.68      2088   1162572    700028     17.75    180136   1441732     10784
22:23:07      2316952   1626356     41.24      2088   1165248    599604     15.21    180136   1344480     13460
22:23:08      2317612   1625696     41.23      2088   1165256    598192     15.17    180136   1343372     13460
22:23:09      2316824   1626484     41.25      2088   1165264    600804     15.24    180136   1346144     13472
22:23:10      2313740   1629568     41.32      2088   1165268    602016     15.27    180136   1348004     13476
22:23:11      2309132   1634176     41.44      2088   1165280    606972     15.39    180136   1351028     13488
22:23:12      2158032   1785276     45.27      2088   1165292    760816     19.29    180136   1504768     13500
22:23:13      2313036   1630272     41.34      2088   1167960    599212     15.20    180136   1348276     13504
22:23:14      2312972   1630336     41.34      2088   1167972    599416     15.20    180136   1348408     13516
22:23:15      2312720   1630588     41.35      2088   1167976    599416     15.20    180136   1348444     13520
22:23:16      2310516   1632792     41.41      2088   1167980    602324     15.27    180136   1351480     13524
22:23:17      2301120   1642188     41.64      2088   1167984    612616     15.54    180136   1360676     13528
22:23:18      2292816   1650492     41.86      2088   1167996    623916     15.82    180136   1369108     10972
22:23:19      2294880   1648428     41.80      2088   1168000    619224     15.70    180136   1367316     10988
22:23:20      2280456   1662852     42.17      2088   1170676    630052     15.98    180136   1380576     13664
22:23:21      2306152   1637156     41.52      2088   1170680    604280     15.32    180136   1355624     13668
22:23:22      2305460   1637848     41.53      2088   1170696    604044     15.32    180136   1355568     13684
22:23:23      2303948   1639360     41.57      2088   1170700    607120     15.40    180136   1358556     13464
22:23:24      2297584   1645724     41.73      2088   1170704    611968     15.52    180136   1363180     13468
22:23:25      2288012   1655296     41.98      2088   1170716    625656     15.87    180136   1373804     13480
22:23:26      2287560   1655748     41.99      2088   1170724    624388     15.83    180136   1374392     13488
22:23:27      2299992   1643316     41.67      2088   1173396    607600     15.41    180136   1360876     16160
22:23:28      2297940   1645368     41.73      2088   1173412    610812     15.49    180136   1364652     13512
22:23:29      2292056   1651252     41.87      2088   1173416    616300     15.63    180136   1369796     13516
22:23:30      2288476   1654832     41.97      2088   1173428    622208     15.78    180136   1373808     13528
22:23:31      2284112   1659196     42.08      2088   1173432    626904     15.90    180136   1378540     13532
22:23:32      2140384   1802924     45.72      2088   1173436    769256     19.51    180136   1522480     13536
22:23:33      2289004   1654304     41.95      2088   1176108    616400     15.63    180136   1372292     13532
22:23:34      2294348   1648960     41.82      2088   1176124    610896     15.49    180136   1366892     13548
22:23:35      2293792   1649516     41.83      2088   1176124    610928     15.49    180136   1367192     13548
22:23:36      2291244   1652064     41.90      2088   1176128    613924     15.57    180136   1370360     13564
22:23:37      2286284   1657024     42.02      2088   1176132    617456     15.66    180136   1373416     13568
22:23:38      2272164   1671144     42.38      2088   1176144    633968     16.08    180136   1388060     10916
22:23:39      2278952   1664356     42.21      2088   1176152    627264     15.91    180136   1382660     10924
22:23:40      2288948   1654360     41.95      2088   1178820    613944     15.57    180136   1372080     13592
22:23:41      2288268   1655040     41.97      2088   1178832    614364     15.58    180136   1372904     13604
22:23:42      2288016   1655292     41.98      2088   1178836    614524     15.58    180136   1373224     13608
22:23:43      2285488   1657820     42.04      2088   1178836    617540     15.66    180136   1376124     11008
22:23:44      2277336   1665972     42.25      2088   1178840    624692     15.84    180136   1383484     10940
22:23:45      2276076   1667232     42.28      2088   1178856    627264     15.91    180136   1385816     10956
22:23:46      2264556   1678752     42.57      2088   1178856    638128     16.18    180136   1396880     10956
22:23:47      2264316   1678992     42.58      2088   1178856    638984     16.20    180136   1396192     10956
22:23:48      2279704   1663604     42.19      2088   1181468    619652     15.71    180136   1381380     13568
22:23:49      2279964   1663344     42.18      2088   1181544    618792     15.69    180136   1381040     13532
22:23:50      2280976   1662332     42.16      2088   1181552    617560     15.66    180136   1379800     13540
22:23:51      2274928   1668380     42.31      2088   1181552    623184     15.80    180136   1385900     13540
22:23:52      2271840   1671468     42.39      2088   1181564    630296     15.98    180136   1389700     13552
22:23:53      2264568   1678740     42.57      2088   1181568    635524     16.12    180136   1396748     13556
22:23:54      2276908   1666400     42.26      2088   1184176    619940     15.72    180136   1384164     13284
22:23:55      2276124   1667184     42.28      2088   1184244    620388     15.73    180136   1384628     13352
22:23:56      2275660   1667648     42.29      2088   1184248    620472     15.73    180136   1385180     13356
22:23:57      2275660   1667648     42.29      2088   1184260    620472     15.73    180136   1385164     13368
22:23:58      2274604   1668704     42.32      2088   1184260    623484     15.81    180136   1388148     13368
22:23:59      2266044   1677264     42.53      2088   1184284    633744     16.07    180136   1395984     10728
22:24:00      2261368   1681940     42.65      2088   1184284    637004     16.15    180136   1399084     10728
22:24:01      2253680   1689628     42.85      2088   1184284    645724     16.38    180136   1407856     10728
22:24:02      2256692   1686616     42.77      2088   1184284    640312     16.24    180136   1404232     10728
22:24:03      2157900   1785408     45.28      2088   1186960    736364     18.67    180136   1502808     13404
22:24:04      2270108   1673200     42.43      2088   1186980    623796     15.82    180136   1391028     10760
22:24:05      2267336   1675972     42.50      2088   1186980    626812     15.90    180136   1394028     10760
22:24:06      2251912   1691396     42.89      2088   1186988    640668     16.25    180136   1407424     10768
22:24:07      2254476   1688832     42.83      2088   1186988    641632     16.27    180136   1408152     10768
22:24:08      2246908   1696400     43.02      2088   1186996    650108     16.49    180136   1414888     10776
22:24:09      2249884   1693424     42.94      2088   1187004    646592     16.40    180136   1411636     10772
22:24:10      2246836   1696472     43.02      2088   1187004    650648     16.50    180136   1416280     10772
22:24:11      2127232   1816076     46.05      2088   1187016    768236     19.48    180136   1535268     10784
22:24:12      2261036   1682272     42.66      2088   1189684    628792     15.95    180136   1399736     13452
22:24:13      2262296   1681012     42.63      2088   1189700    627248     15.91    180136   1398344     13468
22:24:14      2263052   1680256     42.61      2088   1189708    628076     15.93    180136   1397880     10876
22:24:15      2257948   1685360     42.74      2088   1189712    635512     16.12    180136   1404696     10808
22:24:16      2247404   1695904     43.01      2088   1189712    645784     16.38    180136   1414336     10808
22:24:17      2197984   1745324     44.26      2088   1192384    689672     17.49    180136   1462572     13480
22:24:18      2257724   1685584     42.75      2088   1192388    629752     15.97    180136   1402908     13484
22:24:19      2258232   1685076     42.73      2088   1192404    629104     15.95    180136   1402532     10900
22:24:20      2258484   1684824     42.73      2088   1192404    629072     15.95    180136   1402588     10836
22:24:21      2257128   1686180     42.76      2088   1192408    631892     16.02    180136   1405368     10840
22:24:22      2251168   1692140     42.91      2088   1192420    636836     16.15    180136   1410248     10852
22:24:23      2247080   1696228     43.02      2088   1192424    641244     16.26    180136   1413588     10856
22:24:24      2144824   1798484     45.61      2088   1192424    744344     18.88    180136   1517896      8004
22:24:25      2153384   1789924     45.39      2088   1195096    731340     18.55    180136   1507108     10680
22:24:26      2253124   1690184     42.86      2088   1195100    631808     16.02    180136   1407988     10684
22:24:27      2252420   1690888     42.88      2088   1195116    632276     16.03    180136   1408388     10700
22:24:28      2250404   1692904     42.93      2088   1195116    635292     16.11    180136   1411388     10700
22:24:29      2237248   1706060     43.26      2088   1195120    649464     16.47    180136   1424228     10704
22:24:30      2242528   1700780     43.13      2088   1195132    645396     16.37    180136   1419452     10716
22:24:31      2224952   1718356     43.58      2088   1195136    662396     16.80    180136   1436232     10720
22:24:32      2100204   1843104     46.74      2088   1195136    784880     19.90    180136   1560092     10720
22:24:33      2245600   1697708     43.05      2088   1197812    636676     16.15    180136   1415208     13396
22:24:34      2246672   1696636     43.03      2088   1197828    635860     16.13    180136   1414508     13412
22:24:35      2244080   1699228     43.09      2088   1197836    639116     16.21    180136   1417892     10756
22:24:36      2226684   1716624     43.53      2088   1197840    656988     16.66    180136   1434456     10760
22:24:37      2234420   1708888     43.34      2088   1197840    649052     16.46    180136   1426752     10760
22:24:38      2224592   1718716     43.59      2088   1197852    658832     16.71    180136   1435496     10772
22:24:39      2222456   1720852     43.64      2088   1197856    662600     16.80    180136   1439376     10776
22:24:40      2177516   1765792     44.78      2088   1200532    701440     17.79    180136   1482620     13452
22:24:41      2235300   1708008     43.31      2088   1200536    644048     16.33    180136   1425412     13456
22:24:42      2237756   1705552     43.25      2088   1200552    643164     16.31    180136   1424708     13472
22:24:43      2229248   1714060     43.47      2088   1200568    651952     16.53    180136   1431604     13488
22:24:44      2225788   1717520     43.56      2088   1200568    655336     16.62    180136   1434896     13488
22:24:45      2089896   1853412     47.00      2088   1200572    785456     19.92    180136   1566324     10816
22:24:46      2235040   1708268     43.32      2088   1203248    643392     16.32    180136   1426724     13500
22:24:47      2234440   1708868     43.34      2088   1203260    643136     16.31    180136   1426892     13512
22:24:48      2233528   1709780     43.36      2088   1203260    643392     16.32    180136   1427312     13512
22:24:49      2227416   1715892     43.51      2088   1203268    650372     16.49    180136   1433904     13520
22:24:50      2222440   1720868     43.64      2088   1203268    657060     16.66    180136   1440204     10856
22:24:51      2216840   1726468     43.78      2088   1203272    659972     16.74    180136   1443572     10860
22:24:52      2214228   1729080     43.85      2088   1203284    664328     16.85    180136   1446272     10872
22:24:53      2212352   1730956     43.90      2088   1203292    666648     16.91    180136   1448772     10880
22:24:54      2125316   1817992     46.10      2088   1203292    753440     19.11    180136   1537184     10880
22:24:55      2225196   1718112     43.57      2088   1205976    649220     16.46    180136   1435924     10668
22:24:56      2224660   1718648     43.58      2088   1205988    650656     16.50    180136   1437320     10684
22:24:57      2212812   1730496     43.88      2088   1205996    662172     16.79    180136   1448332     10692
22:24:58      2216532   1726776     43.79      2088   1206008    661560     16.78    180136   1446288     10704
22:24:59      2198944   1744364     44.24      2088   1206008    677816     17.19    180136   1461376     10704
22:25:00      2143640   1799668     45.64      2088   1208620    727796     18.46    180136   1516360     13316
22:25:01      2219864   1723444     43.71      2088   1208688    651916     16.53    180136   1440564     13384
22:25:02      2220116   1723192     43.70      2088   1208700    651664     16.53    180136   1440868     13396
22:25:03      2218408   1724900     43.74      2088   1208708    654052     16.59    180136   1443260     13404
22:25:04      2212536   1730772     43.89      2088   1208712    660128     16.74    180136   1449072     13408
22:25:05      2209740   1733568     43.96      2088   1208724    661388     16.77    180136   1450788     10756
22:25:06      2211980   1731328     43.91      2088   1208724    659136     16.72    180136   1448604     10756
22:25:07      2130892   1812416     45.96      2088   1211400    738328     18.72    180136   1530792     13432
22:25:08      2214492   1728816     43.84      2088   1211404    652872     16.56    180136   1446444     13436
22:25:09      2214808   1728500     43.83      2088   1211416    652320     16.54    180136   1445700     13448
22:25:10      2212788   1730520     43.88      2088   1211416    655308     16.62    180136   1448500     10848
22:25:11      2204488   1738820     44.10      2088   1211420    664452     16.85    180136   1455540     10788
22:25:12      2209444   1733864     43.97      2088   1211428    660084     16.74    180136   1451832     10804
22:25:13      2195468   1747840     44.32      2088   1211440    672816     17.06    180136   1463000     10924
22:25:14      2193976   1749332     44.36      2088   1211444    677292     17.18    180136   1467364     10928
22:25:15      2028336   1914972     48.56      2088   1214052    837280     21.23    180136   1631984     13536
22:25:16      2207356   1735952     44.02      2088   1214128    658228     16.69    180136   1453636     10932
22:25:17      2207824   1735484     44.01      2088   1214136    657124     16.66    180136   1452604     10948
22:25:18      2201204   1742104     44.18      2088   1214140    665876     16.89    180136   1459436     10952
22:25:19      2197224   1746084     44.28      2088   1214148    673356     17.08    180136   1463920     10964
22:25:20      2195456   1747852     44.32      2088   1214152    672280     17.05    180136   1466032     10968
22:25:21      2107756   1835552     46.55      2088   1216760    757676     19.21    180136   1553964     13576
22:25:22      2199484   1743824     44.22      2088   1216828    663944     16.84    180136   1461352     13644
22:25:23      2202508   1740800     44.15      2088   1216840    660708     16.76    180136   1458088     13656
22:25:24      2200580   1742728     44.19      2088   1216844    663404     16.82    180136   1460700     13660
22:25:25      2198916   1744392     44.24      2088   1216848    665280     16.87    180136   1462536     13664
22:25:26      2194948   1748360     44.34      2088   1216860    672276     17.05    180136   1466904     10800
22:25:27      2188136   1755172     44.51      2088   1216864    677776     17.19    180136   1472340     10804
22:25:28      2187608   1755700     44.52      2088   1216864    678760     17.21    180136   1475008     10808
22:25:29      2196264   1747044     44.30      2088   1219540    665048     16.87    180136   1464384     13484
22:25:30      2197176   1746132     44.28      2088   1219556    663908     16.84    180136   1463752     13500
22:25:31      2196672   1746636     44.29      2088   1219556    663908     16.84    180136   1463836     10836
22:25:32      2195876   1747432     44.31      2088   1219560    666888     16.91    180136   1466688     10840
22:25:33      2187512   1755796     44.53      2088   1219576    675524     17.13    180136   1473188     10856
22:25:34      2183028   1760280     44.64      2088   1219576    679844     17.24    180136   1477780     10856
22:25:35      2153604   1789704     45.39      2088   1219576    704652     17.87    180136   1503716     10856
22:25:36      2192500   1750808     44.40      2088   1222256    665236     16.87    180136   1468104     13536
22:25:37      2192688   1750620     44.39      2088   1222256    665256     16.87    180136   1468452     13536
22:25:38      2192152   1751156     44.41      2088   1222268    665308     16.87    180136   1468620     13548
22:25:39      2192152   1751156     44.41      2088   1222268    665440     16.88    180136   1468632     13548
22:25:40      2184036   1759272     44.61      2088   1222276    673348     17.08    180136   1476616     13556
22:25:41      2177032   1766276     44.79      2088   1222276    682508     17.31    180136   1484992     10892
22:25:42      2172432   1770876     44.91      2088   1222292    688868     17.47    180136   1489612     10908
22:25:43      2174448   1768860     44.86      2088   1222292    687432     17.43    180136   1488156     10908
22:25:44      2171488   1771820     44.93      2088   1222292    690768     17.52    180136   1491216     10908
22:25:45      2113268   1830040     46.41      2088   1224904    742792     18.84    180136   1548328     13520
22:25:46      2184584   1758724     44.60      2088   1224984    669952     16.99    180136   1475724     10820
22:25:47      2184836   1758472     44.59      2088   1224988    669952     16.99    180136   1475744     10824
22:25:48      2180220   1763088     44.71      2088   1224996    675304     17.13    180136   1480728     10832
22:25:49      2174984   1768324     44.84      2088   1225012    683868     17.34    180136   1486752     10848
22:25:50      2171876   1771432     44.92      2088   1225016    684156     17.35    180136   1488728     10852
22:25:51      1992672   1950636     49.47      2088   1227620    860092     21.81    180136   1667492     10756
22:25:52      2179280   1764028     44.73      2088   1227696    673740     17.09    180136   1481080     10856
22:25:53      2179380   1763928     44.73      2088   1227704    673680     17.08    180136   1481836     10864
22:25:54      2179284   1764024     44.73      2088   1227708    673616     17.08    180136   1481740     10868
22:25:55      2177520   1765788     44.78      2088   1227712    676596     17.16    180136   1484692     10876
22:25:56      2170880   1772428     44.95      2088   1227716    682896     17.32    180136   1490244     10880
22:25:57      2158620   1784688     45.26      2088   1227728    696216     17.66    180136   1502140     10680
22:25:58      2162096   1781212     45.17      2088   1227728    692772     17.57    180136   1498996     10680
22:25:59      2158856   1784452     45.25      2088   1227732    697020     17.68    180136   1503376     10684
22:26:00      2161108   1782200     45.20      2088   1227732    691088     17.53    180136   1499352     10688
22:26:01      2111960   1831348     46.44      2088   1230416    739676     18.76    180136   1550452     13372
22:26:02      2073148   1870160     47.43      2088   1230416    776716     19.70    180136   1587964     10704
22:26:03      2170204   1773104     44.96      2088   1230416    679920     17.24    180136   1491200     10704
22:26:04      2159824   1783484     45.23      2088   1230428    690412     17.51    180136   1500528     10716
22:26:05      2165392   1777916     45.09      2088   1230444    687520     17.44    180136   1496016     10732
22:26:06      2157344   1785964     45.29      2088   1230444    695252     17.63    180136   1503956     10732
22:26:07      2123316   1819992     46.15      2088   1233116    725220     18.39    180136   1537760     10740
22:26:08      2166944   1776364     45.05      2088   1233120    680496     17.26    180136   1493492     10744
22:26:09      2166660   1776648     45.05      2088   1233136    680372     17.25    180136   1493952     10760
22:26:10      2155124   1788184     45.35      2088   1233140    692736     17.57    180136   1505784     10764
22:26:11      2154060   1789248     45.37      2088   1233140    695184     17.63    180136   1508152     10764
22:26:12      2143224   1800084     45.65      2088   1233148    700748     17.77    180136   1514260     10772
22:26:13      2149776   1793532     45.48      2088   1233156    701540     17.79    180136   1512648     10780
22:26:14      2146752   1796556     45.56      2088   1233156    703060     17.83    180136   1514116     10780
22:26:15      2150984   1792324     45.45      2088   1233156    697252     17.68    180136   1510460     10780
22:26:16      1992016   1951292     49.48      2088   1235832    853792     21.65    180136   1669520     13460
22:26:17      2154492   1788816     45.36      2088   1235844    690688     17.52    180136   1506548     10808
22:26:18      2149768   1793540     45.48      2088   1235856    696108     17.65    180136   1510796     10820
22:26:19      2147564   1795744     45.54      2088   1235860    699960     17.75    180136   1513600     10824
22:26:20      2147404   1795904     45.54      2088   1235872    700112     17.75    180136   1513852     10836
22:26:21      2061056   1882252     47.73      2088   1235872    781428     19.82    180136   1597544     10836
22:26:22      2150240   1793068     45.47      2088   1238548    690336     17.51    180136   1509772     10904
22:26:23      2150456   1792852     45.47      2088   1238552    690416     17.51    180136   1510180     10852
22:26:24      2150708   1792600     45.46      2088   1238564    690124     17.50    180136   1509844     10864
22:26:25      2150760   1792548     45.46      2088   1238568    690124     17.50    180136   1509852     10868
22:26:26      2146372   1796936     45.57      2088   1238568    694764     17.62    180136   1514344     10868
22:26:27      2143044   1800264     45.65      2088   1238576    701036     17.78    180136   1517944     10668
22:26:28      2142868   1800440     45.66      2088   1238588    701088     17.78    180136   1518060     10684
22:26:29      1984928   1958380     49.66      2088   1238588    853432     21.64    180136   1671660     10684
22:26:30      2146044   1797264     45.58      2088   1241264    692440     17.56    180136   1514168     13360
22:26:31      2146144   1797164     45.58      2088   1241272    692272     17.56    180136   1514428     13368
22:26:32      2145948   1797360     45.58      2088   1241280    692328     17.56    180136   1514428     10708
22:26:33      2146608   1796700     45.56      2088   1241284    693316     17.58    180136   1515472     10720
22:26:34      2136816   1806492     45.81      2088   1241288    702856     17.82    180136   1524520     10724
22:26:35      2139648   1803660     45.74      2088   1241300    703148     17.83    180136   1523008     10736
22:26:36      2135616   1807692     45.84      2088   1241300    700296     17.76    180136   1522352     10736
22:26:37      2023468   1919840     48.69      2088   1243912    811932     20.59    180136   1637516     10748
22:26:38      2141560   1801748     45.69      2088   1243984    692832     17.57    180136   1518704     10756
22:26:39      2141404   1801904     45.70      2088   1243996    692692     17.57    180136   1518920     10768
22:26:40      2141604   1801704     45.69      2088   1243996    694040     17.60    180136   1519848     10768
22:26:41      2128664   1814644     46.02      2088   1244000    709492     17.99    180136   1532876     10772
22:26:42      2131160   1812148     45.96      2088   1244012    708176     17.96    180136   1529916     10784
22:26:43      2119728   1823580     46.24      2088   1244016    717208     18.19    180136   1539384     10788
22:26:44      1999400   1943908     49.30      2088   1246628    833824     21.15    180136   1660380     13400
22:26:45      2133812   1809496     45.89      2088   1246696    699296     17.73    180136   1526164     13468
22:26:46      2136080   1807228     45.83      2088   1246700    697072     17.68    180136   1524176     13472
22:26:47      2136080   1807228     45.83      2088   1246712    697072     17.68    180136   1524148     13484
22:26:48      2133256   1810052     45.90      2088   1246716    700772     17.77    180136   1527884     10820
22:26:49      2124392   1818916     46.13      2088   1246716    710868     18.03    180136   1537736     10824
22:26:50      2123932   1819376     46.14      2088   1246732    710888     18.03    180136   1536476     10840
22:26:51      2113612   1829696     46.40      2088   1246732    720768     18.28    180136   1545584     10840
22:26:52      2116604   1826704     46.32      2088   1246732    720516     18.27    180136   1545324     10840
22:26:53      2123464   1819844     46.15      2088   1249344    708564     17.97    180136   1538244     10772
22:26:54      2127592   1815716     46.05      2088   1249420    703204     17.83    180136   1533044     10856
22:26:55      2123492   1819816     46.15      2088   1249428    707200     17.93    180136   1536832     10864
22:26:56      2120944   1822364     46.21      2088   1249444    713428     18.09    180136   1541012     10880
22:26:57      2107652   1835656     46.55      2088   1249448    726248     18.42    180136   1553676     10884
22:26:58      2005592   1937716     49.14      2088   1249448    827512     20.99    180136   1656348     10680
22:26:59      2124216   1819092     46.13      2088   1252124    703916     17.85    180136   1535828     13356
22:27:00      2124780   1818528     46.12      2088   1252140    703176     17.83    180136   1535740     13372
22:27:01      2124780   1818528     46.12      2088   1252140    703176     17.83    180136   1535740     13372
22:27:02      2124780   1818528     46.12      2088   1252144    703176     17.83    180136   1535740     13376
22:27:03      2123424   1819884     46.15      2088   1252144    705664     17.90    180136   1538212     10704
22:27:04      2113216   1830092     46.41      2088   1252148    715228     18.14    180136   1547108     10820
22:27:05      2115204   1828104     46.36      2088   1252164    715320     18.14    180136   1545776     10844
22:27:06      2105864   1837444     46.60      2088   1252168    722496     18.32    180136   1554796     10848
22:27:07      1937208   2006100     50.87      2088   1254836    887956     22.52    180136   1723188     13516
22:27:08      2120968   1822340     46.21      2088   1254844    703988     17.85    180136   1539864     10860
22:27:09      2120412   1822896     46.23      2088   1254844    703884     17.85    180136   1540500     10860
22:27:10      2120212   1823096     46.23      2088   1254860    704060     17.85    180136   1540396     10876
22:27:11      2117944   1825364     46.29      2088   1254860    707112     17.93    180136   1543296     10876
22:27:12      2106856   1836452     46.57      2088   1254864    720492     18.27    180136   1555768     10880
22:27:13      2111392   1831916     46.46      2088   1254876    716184     18.16    180136   1549860     10892
22:27:14      2098012   1845296     46.80      2088   1254880    730000     18.51    180136   1563316     10896
22:27:15      1980048   1963260     49.79      2088   1257548    842268     21.36    180136   1680152     13564
22:27:16      2114732   1828576     46.37      2088   1257556    707676     17.95    180136   1545540     13572
22:27:17      2114132   1829176     46.39      2088   1257572    707900     17.95    180136   1546084     13588
22:27:18      2113280   1830028     46.41      2088   1257576    710864     18.03    180136   1549112     10928
22:27:19      2106224   1837084     46.59      2088   1257580    716396     18.17    180136   1554120     10932
22:27:20      2095724   1847584     46.85      2088   1257592    729452     18.50    180136   1565340     10944
22:27:21      2095476   1847832     46.86      2088   1257592    730696     18.53    180136   1566676     10944
22:27:22      2079292   1864016     47.27      2088   1260268    741304     18.80    180136   1581192     13620
22:27:23      2108564   1834744     46.53      2088   1260272    711620     18.05    180136   1552124     13624
22:27:24      2108316   1834992     46.53      2088   1260280    711560     18.04    180136   1552276     10952
22:27:25      2108068   1835240     46.54      2088   1260284    711688     18.05    180136   1552440     10964
22:27:26      2106744   1836564     46.57      2088   1260288    714700     18.12    180136   1555464     11048
22:27:27      2095468   1847840     46.86      2088   1260292    725676     18.40    180136   1566468     11052
22:27:28      2091880   1851428     46.95      2088   1260304    729464     18.50    180136   1568116     11064
22:27:29      2088820   1854488     47.03      2088   1260304    734180     18.62    180136   1572580      8204
22:27:30      2027932   1915376     48.57      2088   1260308    794168     20.14    180136   1633772      8208
22:27:31      2059376   1883932     47.78      2088   1262984    758960     19.25    180936   1600000     10884
