Linux 5.10.234-225.910.amzn2.x86_64 (ip-10-0-154-255.us-west-2.compute.internal) 	03/25/25 	_x86_64_	(2 CPU)

22:13:17    kbmemfree kbmemused  %memused kbbuffers  kbcached  kbcommit   %commit  kbactive   kbinact   kbdirty
22:13:18      2821496   1121804     28.45      2088    900888    348056      8.83    179824    844548    159404
22:13:19      2757172   1186128     30.08      2088    900924    450872     11.43    179864    909072    160844
22:13:20      2737556   1205744     30.58      2088    913952    423904     10.75    180076    927856    173900
22:13:21      2753676   1189624     30.17      2088    913988    406692     10.31    180208    913056    174080
22:13:22      2704536   1238764     31.41      2088    913988    455688     11.56    180208    962056    174080
22:13:23      2633172   1310128     33.22      2088    914008    527732     13.38    180208   1033332    172996
22:13:24      2643284   1300016     32.97      2088    914012    520580     13.20    180208   1023256    173000
22:13:25      2611936   1331364     33.76      2088    914024    552752     14.02    180208   1054024    173012
22:13:26      2613440   1329860     33.72      2088    914028    550792     13.97    180208   1053076    173016
22:13:27      2590728   1352572     34.30      2088    914036    573696     14.55    180208   1075128    173024
22:13:28      2573900   1369400     34.73      2088    914036    590216     14.97    180336   1091300    173028
22:13:29      2769368   1173932     29.77      2088    913972    390936      9.91    180376    895328    173104
22:13:30      2791948   1151352     29.20      2088    913988    368528      9.35    180376    873744    173120
22:13:31      2820932   1122368     28.46      2088    914020    339600      8.61    180376    844932    173152
22:13:32      2869080   1074220     27.24      2088    917620    289264      7.34    180376    796580    176752
22:13:33      2856480   1086820     27.56      2088    917628    302904      7.68    180472    809420    176760
22:13:34      2842816   1100484     27.91      2088    917632    316872      8.04    180472    823024    176764
22:13:35      2844360   1098940     27.87      2088    917644    318104      8.07    180472    822988    176776
22:13:36      2824960   1118340     28.36      2088    917644    334000      8.47    180472    839348    176776
22:13:37      2824956   1118344     28.36      2088    917656    336212      8.53    180472    841848    176788
22:13:38      2844024   1099276     27.88      2088    920336    313192      7.94    180472    823228    147768
22:13:39      2853532   1089768     27.64      2088    920372    301616      7.65    180472    811772    140572
22:13:40      2832900   1110400     28.16      2088    920376    324072      8.22    180472    833856    140576
22:13:41      2816440   1126860     28.58      2088    920380    338844      8.59    180472    847200    140612
22:13:42      2816740   1126560     28.57      2088    920396    341716      8.67    180472    849472    140628
22:13:43      2801856   1141444     28.95      2088    920400    354392      8.99    180472    863216    140632
22:13:44      2788964   1154336     29.27      2088    920404    361632      9.17    180472    870388     43208
22:13:45      2796364   1146936     29.09      2088    920428    353456      8.96    180472    863836     43232
22:13:46      2792176   1151124     29.19      2088    920428    357644      9.07    180472    868140     43232
22:13:47      2791184   1152116     29.22      2088    920436    357428      9.06    180472    868152     43240
22:13:48      2838756   1104544     28.01      2088    923144    307920      7.81    180472    820988     45948
22:13:49      2837472   1105828     28.04      2088    923152    311104      7.89    180472    823812     22236
22:13:50      2824224   1119076     28.38      2088    923156    324972      8.24    180472    835388     22252
22:13:51      2824776   1118524     28.37      2088    923160    321968      8.16    180472    833996     22256
22:13:52      2808160   1135140     28.79      2088    923164    337856      8.57    180472    850308     22260
22:13:53      2809004   1134296     28.77      2088    925848    335224      8.50    180472    849756     24944
22:13:54      2832564   1110736     28.17      2088    925876    311076      7.89    180472    826304     11624
22:13:55      2825988   1117312     28.33      2088    925880    319832      8.11    180472    834680     11640
22:13:56      2818764   1124536     28.52      2088    925880    328188      8.32    180472    842320     11640
22:13:57      2803204   1140096     28.91      2088    925888    344072      8.73    180472    858112     11648
22:13:58      2803384   1139916     28.91      2088    925900    345784      8.77    180472    859208     11660
22:13:59      2799160   1144140     29.01      2088    925900    346308      8.78    180472    859856     11652
22:14:00      2787376   1155924     29.31      2088    925900    362168      9.18    180472    875048     11652
22:14:01      2794684   1148616     29.13      2088    925912    348964      8.85    180472    863544     11664
22:14:02      2794812   1148488     29.13      2088    925924    342020      8.67    180472    856616     11676
22:14:03      2810884   1132416     28.72      2088    925936    335628      8.51    180472    851536     11688
22:14:04      2799548   1143752     29.00      2088    925940    345756      8.77    180472    862464     11692
22:14:05      2797792   1145508     29.05      2088    925944    349740      8.87    180472    865472      8144
22:14:06      2818960   1124340     28.51      2088    928644    326340      8.28    180472    842220     10844
22:14:07      2815552   1127748     28.60      2088    928660    329964      8.37    180472    844404     10860
22:14:08      2808644   1134656     28.77      2088    928660    338592      8.59    180472    853624     10860
22:14:09      2802848   1140452     28.92      2088    928668    343784      8.72    180472    859688     10868
22:14:10      2785964   1157336     29.35      2088    928676    360364      9.14    180472    876544      8212
22:14:11      2814432   1128868     28.63      2088    931656    326624      8.28    180472    846296     11192
22:14:12      2803832   1139468     28.90      2088    931676    337532      8.56    180472    857096     11212
22:14:13      2794516   1148784     29.13      2088    931684    349736      8.87    180472    867888     11220
22:14:14      2791176   1152124     29.22      2088    931696    353092      8.95    180472    870992     11232
22:14:15      2782624   1160676     29.43      2088    931696    361460      9.17    180472    879216     11232
22:14:16      2772544   1170756     29.69      2088    931712    372792      9.45    180472    890196     11252
22:14:17      2774700   1168600     29.64      2088    931716    370180      9.39    180472    887640     11256
22:14:18      2783916   1159384     29.40      2088    931728    358960      9.10    180472    877612     11268
22:14:19      2802572   1140728     28.93      2088    934432    338216      8.58    180472    859148     13972
22:14:20      2805092   1138208     28.86      2088    934436    337636      8.56    180472    857104     10976
22:14:21      2784680   1158620     29.38      2088    934448    357784      9.07    180472    877672     10996
22:14:22      2773724   1169576     29.66      2088    934456    368716      9.35    180472    888148     11004
22:14:23      2759480   1183820     30.02      2088    934460    384232      9.74    180472    903044     11008
22:14:24      2775608   1167692     29.61      2088    934484    362928      9.20    180472    883592     11032
22:14:25      2801816   1141484     28.95      2088    934512    338148      8.58    180472    860016      8396
22:14:26      2803820   1139480     28.90      2088    937120    333868      8.47    180472    858388     11004
22:14:27      2804532   1138768     28.88      2088    937192    331336      8.40    180472    856656     11076
22:14:28      2805320   1137980     28.86      2088    937212    331924      8.42    180472    856964     11096
22:14:29      2802100   1141200     28.94      2088    937224    335420      8.51    180472    858384     11108
22:14:30      2795760   1147540     29.10      2088    937228    343548      8.71    180472    866108     11096
22:14:31      2787664   1155636     29.31      2088    937232    351760      8.92    180472    875192     11100
22:14:32      2799500   1143800     29.01      2088    939924    334352      8.48    180472    861568     13792
22:14:33      2797052   1146248     29.07      2088    939932    335232      8.50    180472    862692     13800
22:14:34      2785508   1157792     29.36      2088    939940    349820      8.87    180472    875860     13808
22:14:35      2779820   1163480     29.51      2088    939944    355324      9.01    180472    882180     13812
22:14:36      2771232   1172068     29.72      2088    939956    364828      9.25    180472    890392     13824
22:14:37      2769252   1174048     29.77      2088    939956    366336      9.29    180472    891884     13824
22:14:38      2782088   1161212     29.45      2088    939984    353344      8.96    180472    880524     13852
22:14:39      2792128   1151172     29.19      2088    942972    340148      8.63    180472    870196     16840
22:14:40      2792160   1151140     29.19      2088    942976    339120      8.60    180472    869252     14180
22:14:41      2785860   1157440     29.35      2088    942988    348292      8.83    180472    876856     14192
22:14:42      2787364   1155936     29.31      2088    945680    340424      8.63    180472    873748     16884
22:14:43      2785348   1157952     29.37      2088    945684    343496      8.71    180472    876276     16888
22:14:44      2781268   1162032     29.47      2088    945696    349800      8.87    180472    881112     16912
22:14:45      2785484   1157816     29.36      2088    948372    340864      8.64    180472    876260     16628
22:14:46      2785096   1158204     29.37      2088    948392    339720      8.62    180472    875832     16648
22:14:47      2779048   1164252     29.52      2088    948396    347840      8.82    180472    883340     16652
22:14:48      2778132   1165168     29.55      2088    948412    350132      8.88    180472    883816     16668
22:14:49      2775724   1167576     29.61      2088    948412    350696      8.89    180472    886048     16668
22:14:50      2778788   1164512     29.53      2088    951104    343544      8.71    180472    881824     19360
22:14:51      2777528   1165772     29.56      2088    951108    344228      8.73    180472    882856     16300
22:14:52      2773236   1170064     29.67      2088    951120    350956      8.90    180472    889104     16320
22:14:53      2762776   1180524     29.94      2088    951124    360768      9.15    180472    896924     16324
22:14:54      2748344   1194956     30.30      2088    951136    378540      9.60    180472    915508     16336
22:14:55      2768496   1174804     29.79      2088    953828    352796      8.95    180472    893012     19136
22:14:56      2762448   1180852     29.95      2088    953832    351352      8.91    180472    891636     16476
22:14:57      2760636   1182664     29.99      2088    953840    363232      9.21    180472    902264     16484
22:14:58      2766496   1176804     29.84      2088    956536    351004      8.90    180472    893984     19180
22:14:59      2766180   1177120     29.85      2088    956540    352032      8.93    180472    895096     19184
22:15:00      2762904   1180396     29.93      2088    956544    355492      9.02    180472    899000     19188
22:15:01      2754748   1188552     30.14      2088    956560    365820      9.28    180472    908004     19204
22:15:02      2753504   1189796     30.17      2088    956560    365368      9.27    180472    906872     19204
22:15:03      2756920   1186380     30.09      2088    956560    360048      9.13    180472    903900     19204
22:15:04      2760596   1182704     29.99      2088    959240    353716      8.97    180472    899944     21884
22:15:05      2762172   1181128     29.95      2088    959256    353900      8.97    180472    900560     21900
22:15:06      2755148   1188152     30.13      2088    959268    360216      9.13    180472    905748     19248
22:15:07      2752776   1190524     30.19      2088    959276    367000      9.31    180472    909168     19256
22:15:08      2747588   1195712     30.32      2088    959280    369072      9.36    180472    913116     19260
22:15:09      2752460   1190840     30.20      2088    961956    359372      9.11    180472    908332     21936
22:15:10      2751360   1191940     30.23      2088    961980    361852      9.18    180472    910816     21960
22:15:11      2750352   1192948     30.25      2088    961992    362604      9.20    180472    910408     19012
22:15:12      2748328   1194972     30.30      2088    961996    366780      9.30    180472    914512     19016
22:15:13      2750588   1192712     30.25      2088    964676    358284      9.09    180472    910056     21696
22:15:14      2750840   1192460     30.24      2088    964688    358904      9.10    180472    911236     21708
22:15:15      2751328   1191972     30.23      2088    964700    357644      9.07    180472    910188     21720
22:15:16      2743800   1199500     30.42      2088    964704    369416      9.37    180472    918972     16384
22:15:17      2743768   1199532     30.42      2088    964708    366708      9.30    180472    917756     16400
22:15:18      2746280   1197020     30.36      2088    967384    361112      9.16    180472    914968     19076
22:15:19      2746532   1196768     30.35      2088    967392    360948      9.15    180472    914860     19084
22:15:20      2743928   1199372     30.42      2088    967396    363812      9.23    180472    917812     19088
22:15:21      2738452   1204848     30.55      2088    967400    369848      9.38    180472    923812     16120
22:15:22      2728752   1214548     30.80      2088    967412    379880      9.63    180472    931884     16136
22:15:23      2733564   1209736     30.68      2088    967416    375992      9.53    180472    928832     16140
22:15:24      2741452   1201848     30.48      2088    970092    362160      9.18    180472    919440     18816
22:15:25      2741700   1201600     30.47      2088    970096    362272      9.19    180472    919540     18820
22:15:26      2740744   1202556     30.50      2088    970112    362988      9.21    180472    920520     16100
22:15:27      2732632   1210668     30.70      2088    970120    372104      9.44    180472    929112     16064
22:15:28      2731092   1212208     30.74      2088    970128    373300      9.47    180472    928788     16072
22:15:29      2728168   1215132     30.82      2088    970128    374480      9.50    180472    933316     16072
22:15:30      2736232   1207068     30.61      2088    972816    363316      9.21    180472    924956     18760
22:15:31      2730892   1212408     30.75      2088    972824    370600      9.40    180472    931316     18768
22:15:32      2728664   1214636     30.80      2088    972840    375496      9.52    180472    932972     16120
22:15:33      2723120   1220180     30.94      2088    972840    380772      9.66    180472    938180     16120
22:15:34      2720000   1223300     31.02      2088    972840    385160      9.77    180472    942840     16120
22:15:35      2729596   1213704     30.78      2088    975520    368828      9.35    180472    931080     18800
22:15:36      2730152   1213148     30.76      2088    975536    367844      9.33    180472    930508     18816
22:15:37      2730120   1213180     30.77      2088    975536    369472      9.37    180472    932064     16152
22:15:38      2725616   1217684     30.88      2088    975552    376524      9.55    180472    936872     16168
22:15:39      2719788   1223512     31.03      2088    975556    382688      9.70    180472    942748     16172
22:15:40      2704588   1238712     31.41      2088    978164    392048      9.94    180472    956504     18780
22:15:41      2726544   1216756     30.86      2088    978244    370016      9.38    180472    934920     18860
22:15:42      2726340   1216960     30.86      2088    978248    370000      9.38    180472    935012     16200
22:15:43      2720556   1222744     31.01      2088    978252    375296      9.52    180472    940172     16204
22:15:44      2713488   1229812     31.19      2088    978256    384588      9.75    180472    948988     16208
22:15:45      2708196   1235104     31.32      2088    978268    390748      9.91    180472    953432     16220
22:15:46      2707944   1235356     31.33      2088    978272    391292      9.92    180472    954248     16224
22:15:47      2672404   1270896     32.23      2088    978280    426416     10.81    180472    990556     13556
22:15:48      2718260   1225040     31.07      2088    980968    376184      9.54    180472    943792     16244
22:15:49      2707376   1235924     31.34      2088    980968    386084      9.79    180472    953672     16256
22:15:50      2711956   1231344     31.23      2088    980988    382008      9.69    180472    949604     16276
22:15:51      2703548   1239752     31.44      2088    980988    392344      9.95    180472    959368     16276
22:15:52      2715236   1228064     31.14      2088    983664    375488      9.52    180472    946568     16016
22:15:53      2713976   1229324     31.18      2088    983680    374952      9.51    180472    946452     16032
22:15:54      2714228   1229072     31.17      2088    983680    374960      9.51    180472    946484     16032
22:15:55      2703644   1239656     31.44      2088    983684    387684      9.83    180472    958484     16036
22:15:56      2706668   1236632     31.36      2088    983700    385992      9.79    180472    954464     16052
22:15:57      2701116   1242184     31.50      2088    983700    394668     10.01    180472    963312     13372
22:15:58      2707372   1235928     31.34      2088    986376    382556      9.70    180472    955464     16056
22:15:59      2709372   1233928     31.29      2088    986380    378332      9.59    180472    951828     16060
22:16:00      2709172   1234128     31.30      2088    986396    378332      9.59    180472    951832     16076
22:16:01      2707660   1235640     31.34      2088    986396    381196      9.67    180472    954812     16076
22:16:02      2700556   1242744     31.52      2088    986396    389724      9.88    180472    963100     13412
22:16:03      2692236   1251064     31.73      2088    986400    396544     10.06    180472    969452     13416
22:16:04      2695816   1247484     31.64      2088    986412    394152     10.00    180472    965384     13428
22:16:05      2689768   1253532     31.79      2088    986412    399828     10.14    180472    971340     13428
22:16:06      2688968   1254332     31.81      2088    986416    399164     10.12    180472    972328     13432
22:16:07      2700084   1243216     31.53      2088    989100    384984      9.76    180472    960816     13452
22:16:08      2700464   1242836     31.52      2088    989100    386144      9.79    180472    962028     13452
22:16:09      2694288   1249012     31.67      2088    989112    392244      9.95    180472    967476     13464
22:16:10      2695800   1247500     31.64      2088    989128    392980      9.97    180472    966832     13480
22:16:11      2683152   1260148     31.96      2088    989128    405096     10.27    180472    979164     13480
22:16:12      2639400   1303900     33.07      2088    989140    448140     11.36    180472   1022224     10828
22:16:13      2696344   1246956     31.62      2088    991820    385836      9.78    180472    964608     13508
22:16:14      2695684   1247616     31.64      2088    991820    385772      9.78    180472    964708     13508
22:16:15      2694824   1248476     31.66      2088    991824    388712      9.86    180472    967572     13512
22:16:16      2680868   1262432     32.01      2088    991824    400804     10.16    180472    979380     13512
22:16:17      2687488   1255812     31.85      2088    991836    395080     10.02    180472    973812     13524
22:16:18      2678816   1264484     32.07      2088    991844    404880     10.27    180472    981860     10868
22:16:19      2680828   1262472     32.02      2088    991848    403660     10.24    180472    980260     10872
22:16:20      2689484   1253816     31.80      2088    994532    391248      9.92    180472    971160     13556
22:16:21      2689736   1253564     31.79      2088    994544    390608      9.91    180472    970836     13568
22:16:22      2680828   1262472     32.02      2088    994544    400640     10.16    180472    980424     13568
22:16:23      2682160   1261140     31.98      2088    994560    401712     10.19    180472    979504     10684
22:16:24      2672364   1270936     32.23      2088    994564    411328     10.43    180472    988708     10688
22:16:25      2682728   1260572     31.97      2088    994568    399624     10.13    180472    978712     10692
22:16:26      2685476   1257824     31.90      2088    997244    393248      9.97    180472    975164     13368
22:16:27      2685980   1257320     31.88      2088    997256    392836      9.96    180472    974884     13380
22:16:28      2686132   1257168     31.88      2088    997260    395848     10.04    180472    978028     13372
22:16:29      2676396   1266904     32.13      2088    997268    403052     10.22    180472    984892     13388
22:16:30      2666516   1276784     32.38      2088    997276    414804     10.52    180472    995360     13396
22:16:31      2662796   1280504     32.47      2088    997284    419036     10.63    180472   1001284     13404
22:16:32      2680428   1262872     32.03      2088    999968    395152     10.02    180472    980652     16088
22:16:33      2680428   1262872     32.03      2088    999968    395152     10.02    180472    980548     13424
22:16:34      2672616   1270684     32.22      2088    999972    404324     10.25    180472    989448     13428
22:16:35      2667072   1276228     32.36      2088    999976    410740     10.42    180472    995260     13432
22:16:36      2665740   1277560     32.40      2088    999988    416256     10.56    180472    997092     13444
22:16:37      2664492   1278808     32.43      2088    999988    415060     10.53    180472    997572     13444
22:16:38      2667504   1275796     32.35      2088    999992    409556     10.39    180472    992164     10796
22:16:39      2668420   1274880     32.33      2088   1002600    406684     10.31    180472    992104     13404
22:16:40      2660008   1283292     32.54      2088   1002684    412160     10.45    180472    998008     13488
22:16:41      2661720   1281580     32.50      2088   1002692    414520     10.51    180472    999360     13496
22:16:42      2663536   1279764     32.45      2088   1002708    416116     10.55    180472    999156     13512
22:16:43      2655076   1288224     32.67      2088   1002708    421848     10.70    180472   1006044     10848
22:16:44      2656984   1286316     32.62      2088   1002712    420360     10.66    180472   1006172     10852
22:16:45      2666324   1276976     32.38      2088   1005404    406160     10.30    180472    995016     13544
22:16:46      2657036   1286264     32.62      2088   1005404    416108     10.55    180472   1004088     13544
22:16:47      2659132   1284168     32.57      2088   1005408    414376     10.51    180472   1002420     13660
22:16:48      2651432   1291868     32.76      2088   1005420    424416     10.76    180472   1010588     13672
22:16:49      2649920   1293380     32.80      2088   1005420    425424     10.79    180472   1012180     13672
22:16:50      2659228   1284072     32.56      2088   1008104    409996     10.40    180472   1001608     16356
22:16:51      2661240   1282060     32.51      2088   1008116    408540     10.36    180472   1000332     16368
22:16:52      2650408   1292892     32.79      2088   1008120    420532     10.66    180472   1010800     16372
22:16:53      2651920   1291380     32.75      2088   1008132    418572     10.61    180472   1007540     13520
22:16:54      2649304   1293996     32.82      2088   1008136    424836     10.77    180472   1013748     13464
22:16:55      2624940   1318360     33.43      2088   1010812    444920     11.28    180472   1037620     16140
22:16:56      2650896   1292404     32.77      2088   1010820    416572     10.56    180472   1010028     16148
22:16:57      2655864   1287436     32.65      2088   1010832    412944     10.47    180472   1006452     16160
22:16:58      2644084   1299216     32.95      2088   1010836    423532     10.74    180472   1017348     16164
22:16:59      2645020   1298280     32.92      2088   1010844    418288     10.61    180472   1012296     13492
22:17:00      2638264   1305036     33.10      2088   1010852    432692     10.97    180472   1023792     13508
22:17:01      2639988   1303312     33.05      2088   1010852    429260     10.89    180472   1021764     13508
22:17:02      2636556   1306744     33.14      2088   1010852    433964     11.01    180472   1025448     13508
22:17:03      2649156   1294144     32.82      2088   1013540    414704     10.52    180472   1011144     16196
22:17:04      2650668   1292632     32.78      2088   1013544    414068     10.50    180472   1010792     13536
22:17:05      2646888   1296412     32.88      2088   1013556    417500     10.59    180472   1014004     13548
22:17:06      2647380   1295920     32.86      2088   1013560    418536     10.61    180472   1014856     13552
22:17:07      2627724   1315576     33.36      2088   1013568    434672     11.02    180472   1031348     13560
22:17:08      2645612   1297688     32.91      2088   1016236    415696     10.54    180472   1015352     16228
22:17:09      2645108   1298192     32.92      2088   1016248    416032     10.55    180472   1015492     13564
22:17:10      2643344   1299956     32.97      2088   1016252    418340     10.61    180472   1017884     13580
22:17:11      2633264   1310036     33.22      2088   1016256    430760     10.92    180472   1028932     13584
22:17:12      2637036   1306264     33.13      2088   1016268    428484     10.87    180472   1025116     13596
22:17:13      2626116   1317184     33.40      2088   1016272    437136     11.09    180472   1034384     13600
22:17:14      2639524   1303776     33.06      2088   1018948    418628     10.62    180472   1020652     16276
22:17:15      2639776   1303524     33.06      2088   1018964    418156     10.60    180472   1020404     16292
22:17:16      2638092   1305208     33.10      2088   1018964    421168     10.68    180472   1023252     16292
22:17:17      2627680   1315620     33.36      2088   1018972    433412     10.99    180472   1034920     16300
22:17:18      2628688   1314612     33.34      2088   1018984    432524     10.97    180472   1032348     16312
22:17:19      2621088   1322212     33.53      2088   1018984    440748     11.18    180472   1040700     13536
22:17:20      2618348   1324952     33.60      2088   1018984    442900     11.23    180472   1043220     13536
22:17:21      2633616   1309684     33.21      2088   1021672    423952     10.75    180472   1028716     16224
22:17:22      2632704   1310596     33.24      2088   1021680    425452     10.79    180472   1030372     16232
22:17:23      2625396   1317904     33.42      2088   1021680    432524     10.97    180472   1037080     16232
22:17:24      2620316   1322984     33.55      2088   1021688    433608     11.00    180472   1037744     13348
22:17:25      2620348   1322952     33.55      2088   1021696    441172     11.19    180472   1043412     13356
22:17:26      2618828   1324472     33.59      2088   1021704    439032     11.13    180472   1043104     13364
22:17:27      2621844   1321456     33.51      2088   1024384    432740     10.97    180472   1039612     16044
22:17:28      2625120   1318180     33.43      2088   1024396    428248     10.86    180472   1035308     16056
22:17:29      2620184   1323116     33.55      2088   1024396    433676     11.00    180472   1040724     13392
22:17:30      2616524   1326776     33.65      2088   1024404    437456     11.09    180472   1044360     13400
22:17:31      2614340   1328960     33.70      2088   1024416    443072     11.24    180472   1047936     13412
22:17:32      2612828   1330472     33.74      2088   1024424    440168     11.16    180472   1047036     13420
22:17:33      2616852   1326448     33.64      2088   1027104    433876     11.00    180472   1043848     16100
22:17:34      2618364   1324936     33.60      2088   1027116    432020     10.96    180472   1042072     13432
22:17:35      2614332   1328968     33.70      2088   1027120    436612     11.07    180472   1046520     13444
22:17:36      2613824   1329476     33.71      2088   1027132    437496     11.09    180472   1047384     13456
22:17:37      2606504   1336796     33.90      2088   1027136    445696     11.30    180472   1055440     13460
22:17:38      2611488   1331812     33.77      2088   1029812    435844     11.05    180472   1048708     16136
22:17:39      2615064   1328236     33.68      2088   1029828    432404     10.97    180472   1045768     16152
22:17:40      2614056   1329244     33.71      2088   1029828    432404     10.97    180472   1045868     13552
22:17:41      2612764   1330536     33.74      2088   1029832    435536     11.04    180472   1049092     13492
22:17:42      2606496   1336804     33.90      2088   1029844    443636     11.25    180472   1055608     13504
22:17:43      2600800   1342500     34.05      2088   1029848    445952     11.31    180472   1058464     13508
22:17:44      2610260   1333040     33.81      2088   1032524    435148     11.04    180472   1050420     16184
22:17:45      2610208   1333092     33.81      2088   1032528    434836     11.03    180472   1050764     13588
22:17:46      2609756   1333544     33.82      2088   1032540    435148     11.04    180472   1050784     13520
22:17:47      2608616   1334684     33.85      2088   1032544    438160     11.11    180472   1053880     13524
22:17:48      2597896   1345404     34.12      2088   1032552    447516     11.35    180472   1062888     13532
22:17:49      2595020   1348280     34.19      2088   1032560    453160     11.49    180472   1066368     13540
22:17:50      2589620   1353680     34.33      2088   1032564    459080     11.64    180472   1072180     13544
22:17:51      2602716   1340584     34.00      2088   1035240    440424     11.17    180472   1058144     16220
22:17:52      2601708   1341592     34.02      2088   1035256    441736     11.20    180472   1060356     16236
22:17:53      2589108   1354192     34.34      2088   1035260    453012     11.49    180472   1071580     16240
22:17:54      2595912   1347388     34.17      2088   1035276    449968     11.41    180472   1066912     16256
22:17:55      2585180   1358120     34.44      2088   1035276    458412     11.63    180472   1075496     13332
22:17:56      2594388   1348912     34.21      2088   1037952    444768     11.28    180472   1066076     16008
22:17:57      2597636   1345664     34.13      2088   1037956    441180     11.19    180472   1062936     16012
22:17:58      2597888   1345412     34.12      2088   1037968    440880     11.18    180472   1062744     16036
22:17:59      2594668   1348632     34.20      2088   1037972    444008     11.26    180472   1065884     16040
22:18:00      2584580   1358720     34.46      2088   1037972    454932     11.54    180472   1075796     13376
22:18:01      2586788   1356512     34.40      2088   1037976    453632     11.50    180472   1074540     13380
22:18:02      2586084   1357216     34.42      2088   1037984    449552     11.40    180472   1070304     13388
22:18:03      2580220   1363080     34.57      2088   1037988    460524     11.68    180472   1081088     13392
22:18:04      2579524   1363776     34.58      2088   1037988    460524     11.68    180472   1080996     13392
22:18:05      2578320   1364980     34.62      2088   1037988    463192     11.75    180472   1083432     10720
22:18:06      2506244   1437056     36.44      2088   1040600    529724     13.43    180472   1154048     13340
22:18:07      2589596   1353704     34.33      2088   1040604    447088     11.34    180472   1071792     13344
22:18:08      2580840   1362460     34.55      2088   1040684    456340     11.57    180472   1080436     13424
22:18:09      2580840   1362460     34.55      2088   1040692    457924     11.61    180472   1081928     13432
22:18:10      2567920   1375380     34.88      2088   1040704    470192     11.92    180472   1092616     10780
22:18:11      2572744   1370556     34.76      2088   1040704    466696     11.84    180472   1088848     10780
22:18:12      2547520   1395780     35.40      2088   1040712    490728     12.44    180472   1114536     10788
22:18:13      2581424   1361876     34.54      2088   1043392    452672     11.48    180472   1079556     13468
22:18:14      2572504   1370796     34.76      2088   1043404    462140     11.72    180472   1088976     13480
22:18:15      2574776   1368524     34.71      2088   1043416    461216     11.70    180472   1086628     10828
22:18:16      2567376   1375924     34.89      2088   1043416    468676     11.89    180472   1093460     10828
22:18:17      2569976   1373324     34.83      2088   1043420    464096     11.77    180472   1090236     10832
22:18:18      2576028   1367272     34.67      2088   1046100    456496     11.58    180472   1085780     13512
22:18:19      2576940   1366360     34.65      2088   1046108    454664     11.53    180472   1084036     13520
22:18:20      2566652   1376648     34.91      2088   1046116    464396     11.78    180472   1093600     13528
22:18:21      2569980   1373320     34.83      2088   1046128    465368     11.80    180472   1092876     13540
22:18:22      2563404   1379896     34.99      2088   1046132    468828     11.89    180472   1096540     13544
22:18:23      2562400   1380900     35.02      2088   1046136    469352     11.90    180472   1099164     13548
22:18:24      2571468   1371832     34.79      2088   1048812    456992     11.59    180472   1089408     16224
22:18:25      2571972   1371328     34.78      2088   1048828    456200     11.57    180472   1088896     16240
22:18:26      2557304   1385996     35.15      2088   1048832    472104     11.97    180472   1104088     13352
22:18:27      2564656   1378644     34.96      2088   1048848    467608     11.86    180472   1097816     13368
22:18:28      2557348   1385952     35.15      2088   1048848    474164     12.02    180472   1103688     13368
22:18:29      2476388   1466912     37.20      2088   1048860    548888     13.92    180472   1180576     13380
22:18:30      2567372   1375928     34.89      2088   1051528    458452     11.63    180472   1092824     16048
22:18:31      2567468   1375832     34.89      2088   1051540    458232     11.62    180472   1092824     13384
22:18:32      2563908   1379392     34.98      2088   1051544    462732     11.73    180472   1097404     13388
22:18:33      2559388   1383912     35.10      2088   1051560    469264     11.90    180472   1102484     13404
22:18:34      2555004   1388296     35.21      2088   1051560    473684     12.01    180472   1106376     13404
22:18:35      2562112   1381188     35.03      2088   1054240    460212     11.67    180472   1098356     16084
22:18:36      2562156   1381144     35.03      2088   1054248    460244     11.67    180472   1099008     16076
22:18:37      2559940   1383360     35.08      2088   1054256    463380     11.75    180472   1102180     16092
22:18:38      2554580   1388720     35.22      2088   1054268    469316     11.90    180472   1106668     16104
22:18:39      2551572   1391728     35.29      2088   1054276    474240     12.03    180472   1109908     16112
22:18:40      2542552   1400748     35.52      2088   1054276    484352     12.28    180472   1119724     16112
22:18:41      2541200   1402100     35.56      2088   1056952    481068     12.20    180472   1120740     16124
22:18:42      2553908   1389392     35.23      2088   1056972    467252     11.85    180472   1107640     16144
22:18:43      2540496   1402804     35.57      2088   1056972    478856     12.14    180472   1119404     16144
22:18:44      2547268   1396032     35.40      2088   1056988    475588     12.06    180472   1114456     16268
22:18:45      2537228   1406072     35.66      2088   1056988    485188     12.30    180472   1123600     16268
22:18:46      2529156   1414144     35.86      2088   1057000    493640     12.52    180472   1132868     13616
22:18:47      2549968   1393332     35.33      2088   1059672    467500     11.86    180472   1109836     16300
22:18:48      2547796   1395504     35.39      2088   1059688    470936     11.94    180472   1113596     16316
22:18:49      2542228   1401072     35.53      2088   1059692    476440     12.08    180472   1119248     16320
22:18:50      2541456   1401844     35.55      2088   1059704    477152     12.10    180472   1118740     16332
22:18:51      2532352   1410948     35.78      2088   1059708    489120     12.40    180472   1128424     13672
22:18:52      2474732   1468568     37.24      2088   1062380    540376     13.70    180472   1185876     16344
22:18:53      2544788   1398512     35.47      2088   1062388    470196     11.92    180472   1115676     16352
22:18:54      2544020   1399280     35.48      2088   1062396    470264     11.93    180472   1115960     16360
22:18:55      2540504   1402796     35.57      2088   1062400    473540     12.01    180472   1119208     16364
22:18:56      2531180   1412120     35.81      2088   1062404    486204     12.33    180472   1131092     13456
22:18:57      2535716   1407584     35.70      2088   1062416    482584     12.24    180472   1125928     13468
22:18:58      2524108   1419192     35.99      2088   1062420    494008     12.53    180472   1137776     13472
22:18:59      2538724   1404576     35.62      2088   1065096    472888     11.99    180472   1121016     16148
22:19:00      2538012   1405288     35.64      2088   1065100    473744     12.01    180472   1122380     16152
22:19:01      2525620   1417680     35.95      2088   1065116    487572     12.36    180472   1135288     13504
22:19:02      2528644   1414656     35.87      2088   1065132    485772     12.32    180472   1131896     13520
22:19:03      2525588   1417712     35.95      2088   1065132    489192     12.41    180472   1135044     13520
22:19:04      2524344   1418956     35.98      2088   1065132    489064     12.40    180472   1136416     13520
22:19:05      2533676   1409624     35.75      2088   1067808    476416     12.08    180472   1126692     16196
22:19:06      2533424   1409876     35.75      2088   1067824    476488     12.08    180472   1126984     16212
22:19:07      2532668   1410632     35.77      2088   1067824    476744     12.09    180472   1127324     13536
22:19:08      2531604   1411696     35.80      2088   1067828    479244     12.15    180472   1129688     13548
22:19:09      2525308   1417992     35.96      2088   1067844    486144     12.33    180472   1135004     13564
22:19:10      2519724   1423576     36.10      2088   1067844    491916     12.47    180472   1140676     13564
22:19:11      2524816   1418484     35.97      2088   1070520    482212     12.23    180472   1135160     16240
22:19:12      2527604   1415696     35.90      2088   1070524    478624     12.14    180472   1132472     13580
22:19:13      2527572   1415728     35.90      2088   1070524    478660     12.14    180472   1132972     13580
22:19:14      2527100   1416200     35.91      2088   1070536    478852     12.14    180472   1133028     13592
22:19:15      2524596   1418704     35.98      2088   1070544    481832     12.22    180472   1136000     13600
22:19:16      2513744   1429556     36.25      2088   1070548    493404     12.51    180472   1147832     13608
22:19:17      2517996   1425304     36.14      2088   1070560    489864     12.42    180472   1142496     10836
22:19:18      2508160   1435140     36.39      2088   1070560    502240     12.74    180472   1153784     10836
22:19:19      2506168   1437132     36.44      2088   1073236    498572     12.64    180472   1154752     13524
22:19:20      2520784   1422516     36.07      2088   1073240    483056     12.25    180472   1139660     13528
22:19:21      2504768   1438532     36.48      2088   1073256    498716     12.65    180472   1154768     13544
22:19:22      2507084   1436216     36.42      2088   1073264    496676     12.60    180472   1153492     13552
22:19:23      2499280   1444020     36.62      2088   1073276    509216     12.91    180472   1161456     13564
22:19:24      2503344   1439956     36.52      2088   1073280    501220     12.71    180472   1157308     13568
22:19:25      2514028   1429272     36.25      2088   1075892    486840     12.35    180472   1145808     16180
22:19:26      2512476   1430824     36.28      2088   1075976    489328     12.41    180472   1148624     16264
22:19:27      2502848   1440452     36.53      2088   1075980    495728     12.57    180472   1154672     13360
22:19:28      2507624   1435676     36.41      2088   1075992    495128     12.56    180472   1153864     13372
22:19:29      2499556   1443744     36.61      2088   1075996    501620     12.72    180472   1161324     13376
22:19:30      2509932   1433368     36.35      2088   1078672    488604     12.39    180472   1150452     16052
22:19:31      2509176   1434124     36.37      2088   1078684    488548     12.39    180472   1150844     16064
22:19:32      2508672   1434628     36.38      2088   1078688    488772     12.39    180472   1151208     13404
22:19:33      2504136   1439164     36.50      2088   1078688    494128     12.53    180472   1156192     13404
22:19:34      2492528   1450772     36.79      2088   1078692    507552     12.87    180472   1168800     13408
22:19:35      2488208   1455092     36.90      2088   1078704    497740     12.62    180472   1159044     13420
22:19:36      2490644   1452656     36.84      2088   1078708    510808     12.95    180472   1170880     13424
22:19:37      2491732   1451568     36.81      2088   1078712    507488     12.87    180472   1169368     10764
22:19:38      2500852   1442448     36.58      2088   1081392    494728     12.55    180472   1159260     13444
22:19:39      2501860   1441440     36.55      2088   1081404    493228     12.51    180472   1157952     13456
22:19:40      2500348   1442952     36.59      2088   1081404    496112     12.58    180472   1160880     13456
22:19:41      2489196   1454104     36.88      2088   1081408    506708     12.85    180472   1171316     13460
22:19:42      2487444   1455856     36.92      2088   1081420    510984     12.96    180472   1172948     10792
22:19:43      2481184   1462116     37.08      2088   1081424    515452     13.07    180472   1179628     10804
22:19:44      2481180   1462120     37.08      2088   1081424    514436     13.05    180472   1178924     10804
22:19:45      2495040   1448260     36.73      2088   1084112    497612     12.62    180472   1164804     13492
22:19:46      2495040   1448260     36.73      2088   1084116    497468     12.62    180472   1164728     13496
22:19:47      2485716   1457584     36.96      2088   1084128    509812     12.93    180472   1174628     13508
22:19:48      2475368   1467932     37.23      2088   1084132    520716     13.21    180472   1185228     13508
22:19:49      2483424   1459876     37.02      2088   1086804    508144     12.89    180472   1177304     16180
22:19:50      2488400   1454900     36.90      2088   1086812    502412     12.74    180472   1171608     16188
22:19:51      2488716   1454584     36.89      2088   1086824    501920     12.73    180472   1171556     16200
22:19:52      2487260   1456040     36.92      2088   1086828    502952     12.75    180472   1172692     16204
22:19:53      2473612   1469688     37.27      2088   1086828    517068     13.11    180472   1186732     13528
22:19:54      2479644   1463656     37.12      2088   1086844    513608     13.02    180472   1181656     13544
22:19:55      2471320   1471980     37.33      2088   1086844    522260     13.24    180472   1190376     13544
22:19:56      2405540   1537760     39.00      2088   1089520    582280     14.77    180472   1254628     16220
22:19:57      2483376   1459924     37.02      2088   1089524    503784     12.78    180472   1176508     16224
22:19:58      2484112   1459188     37.00      2088   1089536    503228     12.76    180472   1176092     13328
22:19:59      2483248   1460052     37.03      2088   1089540    505092     12.81    180472   1177992     13332
22:20:00      2467732   1475568     37.42      2088   1089548    520640     13.20    180472   1193528     13344
22:20:01      2475308   1467992     37.23      2088   1089560    514932     13.06    180472   1186460     13356
22:20:02      2467256   1476044     37.43      2088   1089612    519844     13.18    180604   1192572     13600
22:20:03      2462216   1481084     37.56      2088   1089612    526304     13.35    180604   1197464     10936
22:20:04      2460200   1483100     37.61      2088   1089612    529640     13.43    180604   1200460     10936
22:20:05      2465968   1477332     37.46      2088   1089612    522244     13.24    180604   1194964     10936
22:20:06      2476076   1467224     37.21      2088   1092300    508148     12.89    180604   1183468     13624
22:20:07      2475840   1467460     37.21      2088   1092316    508592     12.90    180604   1184368     13652
22:20:08      2462784   1480516     37.55      2088   1092320    523752     13.28    180604   1198760     10992
22:20:09      2464516   1478784     37.50      2088   1092332    521852     13.23    180604   1195024     11004
22:20:10      2453712   1489588     37.78      2088   1092332    533800     13.54    180604   1206828     11004
22:20:11      2454564   1488736     37.75      2088   1092336    534108     13.54    180604   1206988     11008
22:20:12      2457736   1485564     37.67      2088   1092340    527780     13.38    180604   1202784     11012
22:20:13      2469664   1473636     37.37      2088   1094960    512304     12.99    180604   1190080     13632
22:20:14      2470304   1472996     37.35      2088   1095032    513452     13.02    180604   1191304     13696
22:20:15      2457800   1485500     37.67      2088   1095036    525252     13.32    180604   1203372     13700
22:20:16      2450376   1492924     37.86      2088   1095048    535064     13.57    180604   1209888     13712
22:20:17      2448092   1495208     37.92      2088   1095048    535564     13.58    180604   1211328     13712
22:20:18      2450868   1492432     37.85      2088   1095052    531688     13.48    180604   1209476     11052
22:20:19      2462264   1481036     37.56      2088   1097736    516176     13.09    180604   1196996     13736
22:20:20      2462344   1480956     37.56      2088   1097744    517324     13.12    180604   1198100     13744
22:20:21      2450620   1492680     37.85      2088   1097752    529144     13.42    180604   1209764     13752
22:20:22      2451588   1491712     37.83      2088   1097764    528940     13.41    180604   1207940     13764
22:20:23      2446320   1496980     37.96      2088   1097768    533792     13.54    180604   1214108     11104
22:20:24      2457656   1485644     37.68      2088   1100444    518532     13.15    180604   1201644     13780
22:20:25      2457940   1485360     37.67      2088   1100444    518388     13.15    180604   1201780     13780
22:20:26      2456396   1486904     37.71      2088   1100460    520540     13.20    180604   1204008     13796
22:20:27      2447308   1495992     37.94      2088   1100464    529068     13.42    180604   1212460     13800
22:20:28      2449152   1494148     37.89      2088   1100480    529496     13.43    180604   1211160     10920
22:20:29      2438316   1504984     38.17      2088   1100488    535052     13.57    180604   1219640     10932
22:20:30      2437804   1505496     38.18      2088   1103156    535176     13.57    180604   1222436     13600
22:20:31      2453680   1489620     37.78      2088   1103156    518556     13.15    180604   1205808     13600
22:20:32      2451600   1491700     37.83      2088   1103168    521736     13.23    180604   1208852     13612
22:20:33      2439012   1504288     38.15      2088   1103176    536248     13.60    180604   1222436     13620
22:20:34      2441836   1501464     38.08      2088   1103192    532776     13.51    180604   1218800     13396
22:20:35      2433868   1509432     38.28      2088   1103196    542848     13.77    180604   1227508     13400
22:20:36      2345060   1598240     40.53      2088   1105876    626608     15.89    180604   1315560     16080
22:20:37      2447372   1495928     37.94      2088   1105892    522112     13.24    180604   1212264     16096
22:20:38      2447120   1496180     37.94      2088   1105892    522304     13.25    180604   1212396     16096
22:20:39      2445356   1497944     37.99      2088   1105896    525496     13.33    180604   1215376     13428
22:20:40      2435780   1507520     38.23      2088   1105904    535148     13.57    180604   1223976     13436
22:20:41      2435024   1508276     38.25      2088   1105912    537192     13.62    180604   1224240     13444
22:20:42      2428464   1514836     38.42      2088   1105916    541520     13.73    180604   1231104     13448
22:20:43      2386120   1557180     39.49      2088   1108592    582232     14.77    180604   1274332     16124
22:20:44      2441464   1501836     38.09      2088   1108596    526092     13.34    180604   1218716     13568
22:20:45      2439032   1504268     38.15      2088   1108608    528720     13.41    180604   1221292     13588
22:20:46      2425660   1517640     38.49      2088   1108612    541132     13.72    180604   1233500     13592
22:20:47      2431172   1512128     38.35      2088   1108624    538400     13.65    180604   1228976     13604
22:20:48      2423432   1519868     38.54      2088   1108628    547060     13.87    180604   1237112     13608
22:20:49      2369504   1573796     39.91      2088   1108640    598140     15.17    180604   1289164     13620
22:20:50      2435772   1507528     38.23      2088   1111308    529184     13.42    180604   1223720     16288
22:20:51      2435772   1507528     38.23      2088   1111324    529036     13.42    180604   1224056     16304
22:20:52      2433220   1510080     38.29      2088   1111324    532228     13.50    180604   1227064     16304
22:20:53      2417880   1525420     38.68      2088   1111328    547176     13.88    180604   1241124     16308
22:20:54      2422920   1520380     38.56      2088   1111340    544116     13.80    180604   1236448     10992
22:20:55      2416304   1526996     38.72      2088   1111344    552004     14.00    180604   1244588     10996
22:20:56      2430220   1513080     38.37      2088   1114020    534048     13.54    180604   1230720     13672
22:20:57      2428204   1515096     38.42      2088   1114024    534320     13.55    180604   1231212     13676
22:20:58      2429968   1513332     38.38      2088   1114036    532684     13.51    180604   1229616     13688
22:20:59      2427284   1516016     38.45      2088   1114044    535716     13.59    180604   1232684     13468
22:21:00      2412076   1531224     38.83      2088   1114044    550224     13.95    180604   1247448     13468
22:21:01      2421128   1522172     38.60      2088   1114052    541612     13.73    180604   1239076     13476
22:21:02      2415856   1527444     38.74      2088   1114060    548796     13.92    180604   1244472     13484
22:21:03      2409284   1534016     38.90      2088   1114060    555084     14.08    180604   1251828     13484
22:21:04      2396948   1546352     39.21      2088   1116736    563636     14.29    180604   1263056     13496
22:21:05      2419376   1523924     38.65      2088   1116744    540388     13.70    180604   1240416     13504
22:21:06      2421572   1521728     38.59      2088   1116748    537736     13.64    180604   1237932     13508
22:21:07      2412252   1531048     38.83      2088   1116756    548648     13.91    180604   1247984     13516
22:21:08      2408256   1535044     38.93      2088   1116760    553764     14.04    180604   1253056     13520
22:21:09      2406272   1537028     38.98      2088   1116772    555708     14.09    180604   1253480     10856
22:21:10      2398460   1544840     39.18      2088   1116776    563100     14.28    180604   1260820     10860
22:21:11      2399972   1543328     39.14      2088   1116776    563288     14.28    180604   1261084     10860
22:21:12      2307228   1636072     41.49      2088   1116792    653776     16.58    180604   1352932     10888
22:21:13      2414016   1529284     38.78      2088   1119404    543328     13.78    180604   1245576     13500
22:21:14      2414452   1528848     38.77      2088   1119476    544348     13.80    180604   1246672     13572
22:21:15      2402696   1540604     39.07      2088   1119480    555628     14.09    180604   1257572     10780
22:21:16      2391348   1551952     39.36      2088   1119492    568268     14.41    180604   1268720     10800
22:21:17      2397692   1545608     39.20      2088   1119492    562256     14.26    180604   1262876     10800
22:21:18      2395040   1548260     39.26      2088   1119496    565336     14.34    180604   1265932     10804
22:21:19      2376692   1566608     39.73      2088   1122168    577656     14.65    180604   1283268     13476
22:21:20      2408192   1535108     38.93      2088   1122188    544940     13.82    180604   1250968     10832
22:21:21      2403152   1540148     39.06      2088   1122192    552276     14.01    180604   1256880     10836
22:21:22      2401640   1541660     39.10      2088   1122200    555976     14.10    180604   1258632     10844
22:21:23      2392796   1550504     39.32      2088   1122204    564372     14.31    180604   1267132     10848
22:21:24      2292708   1650592     41.86      2088   1124880    659240     16.72    180604   1366312     13524
22:21:25      2404152   1539148     39.03      2088   1124884    547260     13.88    180604   1255220     13528
22:21:26      2404856   1538444     39.01      2088   1124896    546988     13.87    180604   1254968     13540
22:21:27      2402388   1540912     39.08      2088   1124896    549428     13.93    180604   1257448     13540
22:21:28      2390128   1553172     39.39      2088   1124904    563064     14.28    180604   1270592     13548
22:21:29      2393756   1549544     39.30      2088   1124920    560520     14.21    180604   1266412     13564
22:21:30      2386000   1557300     39.49      2088   1124920    564604     14.32    180604   1273328     10684
22:21:31      2398948   1544352     39.16      2088   1127600    548576     13.91    180604   1259968     13364
22:21:32      2399104   1544196     39.16      2088   1127616    548400     13.91    180604   1260340     13380
22:21:33      2397056   1546244     39.21      2088   1127616    551384     13.98    180604   1263276     13380
22:21:34      2383984   1559316     39.54      2088   1127616    566560     14.37    180604   1276364     13380
22:21:35      2383228   1560072     39.56      2088   1127620    567092     14.38    180604   1276912     10720
22:21:36      2377180   1566120     39.72      2088   1127632    573700     14.55    180604   1281772     10732
22:21:37      2374068   1569232     39.79      2088   1127636    576536     14.62    180604   1284756     10736
22:21:38      2375536   1567764     39.76      2088   1127636    576764     14.63    180604   1285088     10736
22:21:39      2360792   1582508     40.13      2088   1130312    586560     14.87    180604   1299828     13412
22:21:40      2391788   1551512     39.35      2088   1130328    553512     14.04    180604   1267228     13428
22:21:41      2383920   1559380     39.55      2088   1130332    562144     14.26    180604   1275776     13432
22:21:42      2383472   1559828     39.56      2088   1130344    564900     14.33    180604   1277000     13444
22:21:43      2377876   1565424     39.70      2088   1130344    568972     14.43    180604   1282032     13444
22:21:44      2311148   1632152     41.39      2088   1133020    634524     16.09    180604   1350196     16120
22:21:45      2387756   1555544     39.45      2088   1133024    554388     14.06    180604   1271828     13444
22:21:46      2387852   1555448     39.45      2088   1133036    554296     14.06    180604   1271672     13456
22:21:47      2385992   1557308     39.49      2088   1133036    557256     14.13    180604   1274524     13456
22:21:48      2377912   1565388     39.70      2088   1133048    565368     14.34    180604   1282160     13468
22:21:49      2367532   1575768     39.96      2088   1133064    577896     14.66    180604   1292096     13484
22:21:50      2370852   1572448     39.88      2088   1133064    573572     14.55    180604   1289324     10804
22:21:51      2261496   1681804     42.65      2088   1135744    680968     17.27    180604   1399172     13492
22:21:52      2381700   1561600     39.60      2088   1135760    558664     14.17    180604   1277812     13508
22:21:53      2379180   1564120     39.67      2088   1135760    561648     14.24    180604   1280740     13508
22:21:54      2368248   1575052     39.94      2088   1135764    574396     14.57    180604   1292624     13512
22:21:55      2368848   1574452     39.93      2088   1135776    573556     14.55    180604   1290196     10924
22:21:56      2359384   1583916     40.17      2088   1135780    582972     14.78    180604   1300564     10864
22:21:57      2305328   1637972     41.54      2088   1138456    632644     16.04    180604   1354488     13540
22:21:58      2375636   1567664     39.76      2088   1138460    561656     14.24    180604   1283848     13544
22:21:59      2373612   1569688     39.81      2088   1138472    563924     14.30    180604   1286304     13556
22:22:00      2368068   1575232     39.95      2088   1138476    569352     14.44    180604   1291696     13572
22:22:01      2364492   1578808     40.04      2088   1138488    573776     14.55    180604   1295268     13356
22:22:02      2357440   1585860     40.22      2088   1138492    583196     14.79    180604   1302720     13360
22:22:03      2354964   1588336     40.28      2088   1138492    584416     14.82    180604   1304120     13360
22:22:04      2354460   1588840     40.29      2088   1138492    588636     14.93    180604   1308472     13360
22:22:05      2227940   1715360     43.50      2088   1141104    708908     17.98    180604   1433348     15972
22:22:06      2370296   1573004     39.89      2088   1141180    566192     14.36    180604   1291060     13384
22:22:07      2370896   1572404     39.88      2088   1141188    565028     14.33    180604   1290128     13392
22:22:08      2365728   1577572     40.01      2088   1141204    572660     14.52    180604   1294848     13408
22:22:09      2366804   1576496     39.98      2088   1141204    569524     14.44    180604   1293368     13408
22:22:10      2343168   1600132     40.58      2088   1143872    590820     14.98    180604   1317444     16076
22:22:11      2362824   1580476     40.08      2088   1143876    570036     14.46    180604   1297016     13416
22:22:12      2362100   1581200     40.10      2088   1143876    569800     14.45    180604   1297516     13416
22:22:13      2360304   1582996     40.14      2088   1143892    572716     14.52    180604   1300348     13432
22:22:14      2348948   1594352     40.43      2088   1143896    585260     14.84    180604   1312292     13436
22:22:15      2348692   1594608     40.44      2088   1143908    585192     14.84    180604   1310756     13448
22:22:16      2342216   1601084     40.60      2088   1143912    593588     15.05    180604   1318532     10788
22:22:17      2277868   1665432     42.23      2088   1143924    654240     16.59    180604   1380464     10800
22:22:18      2354704   1588596     40.29      2088   1146592    574688     14.57    180604   1304932     13468
22:22:19      2355140   1588160     40.27      2088   1146596    573968     14.56    180604   1304404     13472
22:22:20      2353948   1589352     40.31      2088   1146608    576424     14.62    180604   1306636     13484
22:22:21      2344564   1598736     40.54      2088   1146612    583936     14.81    180604   1314616     10816
22:22:22      2347048   1596252     40.48      2088   1146624    584968     14.83    180604   1313696     10836
22:22:23      2340872   1602428     40.64      2088   1146628    590960     14.99    180604   1319936     10840
22:22:24      2257676   1685624     42.75      2088   1149304    671060     17.02    180604   1402740     13516
22:22:25      2350316   1592984     40.40      2088   1149312    576944     14.63    180604   1309148     13524
22:22:26      2348076   1595224     40.45      2088   1149328    579852     14.70    180604   1312100     13540
22:22:27      2337764   1605536     40.72      2088   1149328    590420     14.97    180604   1322592     13540
22:22:28      2334016   1609284     40.81      2088   1149344    595660     15.11    180604   1326152     13556
22:22:29      2331812   1611488     40.87      2088   1149344    598212     15.17    180604   1329188     13556
22:22:30      2263764   1679536     42.59      2088   1152024    662464     16.80    180604   1397576     16236
22:22:31      2345160   1598140     40.53      2088   1152028    579064     14.68    180604   1314604     13340
22:22:32      2345160   1598140     40.53      2088   1152040    578844     14.68    180604   1314560     13356
22:22:33      2342824   1600476     40.59      2088   1152040    581860     14.76    180604   1317452     13356
22:22:34      2331216   1612084     40.88      2088   1152044    594208     15.07    180604   1328704     13372
22:22:35      2337032   1606268     40.73      2088   1152052    588396     14.92    180604   1323052     13480
22:22:36      2327008   1616292     40.99      2088   1152060    600192     15.22    180604   1332812     10836
22:22:37      2325476   1617824     41.03      2088   1152060    598372     15.17    180604   1333668     10836
22:22:38      2245588   1697712     43.05      2088   1154736    676776     17.16    180604   1414716     13512
22:22:39      2337568   1605732     40.72      2088   1154740    583772     14.80    180604   1322188     13516
22:22:40      2338440   1604860     40.70      2088   1154740    582536     14.77    180604   1321088     13516
22:22:41      2334544   1608756     40.80      2088   1154760    588404     14.92    180604   1326660     13536
22:22:42      2326228   1617072     41.01      2088   1154764    597008     15.14    180604   1334828     10876
22:22:43      2322924   1620376     41.09      2088   1154776    599528     15.20    180604   1335496     10888
22:22:44      2319424   1623876     41.18      2088   1154776    605636     15.36    180604   1341348     10888
22:22:45      2190652   1752648     44.45      2088   1154788    732920     18.59    180604   1469864     10900
22:22:46      2332520   1610780     40.85      2088   1157464    586532     14.87    180604   1326912     13576
22:22:47      2330088   1613212     40.91      2088   1157472    589340     14.95    180604   1329752     13584
22:22:48      2319920   1623380     41.17      2088   1157472    600980     15.24    180604   1340648     13584
22:22:49      2323196   1620104     41.08      2088   1157488    598956     15.19    180604   1337108     13600
22:22:50      2312768   1630532     41.35      2088   1157492    609428     15.45    180604   1347388     13604
22:22:51      2305524   1637776     41.53      2088   1157500    616560     15.64    180604   1355880     13612
22:22:52      2301488   1641812     41.64      2088   1160168    615884     15.62    180604   1358348     13600
22:22:53      2325936   1617364     41.02      2088   1160172    590884     14.98    180604   1333668     13612
22:22:54      2326692   1616608     41.00      2088   1160184    589592     14.95    180604   1332492     13624
22:22:55      2322912   1620388     41.09      2088   1160188    594324     15.07    180604   1337292     13628
22:22:56      2314304   1628996     41.31      2088   1160192    603744     15.31    180604   1346884     13632
22:22:57      2304760   1638540     41.55      2088   1160200    595368     15.10    180604   1338424     10976
22:22:58      2309512   1633788     41.43      2088   1160332    608636     15.43    180604   1350196     10980
22:22:59      2308248   1635052     41.46      2088   1160332    611352     15.50    180604   1353148     10980
22:23:00      2214064   1729236     43.85      2088   1160344    703428     17.84    180604   1446724     10992
22:23:01      2318132   1625168     41.21      2088   1163020    594796     15.08    180604   1341188     13668
22:23:02      2319140   1624160     41.19      2088   1163032    593332     15.05    180604   1339784     10796
22:23:03      2312328   1630972     41.36      2088   1163036    602580     15.28    180604   1348092     10804
22:23:04      2308500   1634800     41.46      2088   1163044    605156     15.35    180604   1348852     10812
22:23:05      2307012   1636288     41.50      2088   1163044    609612     15.46    180604   1353192     10812
22:23:06      2190756   1752544     44.44      2088   1165656    717572     18.20    180604   1466048     13424
22:23:07      2314848   1628452     41.30      2088   1165724    596260     15.12    180604   1344320     13364
22:23:08      2314596   1628704     41.30      2088   1165736    596084     15.12    180604   1344572     13376
22:23:09      2312824   1630476     41.35      2088   1165740    598668     15.18    180604   1347096     13380
22:23:10      2306436   1636864     41.51      2088   1165744    605236     15.35    180604   1353604     13384
22:23:11      2304700   1638600     41.55      2088   1165756    607328     15.40    180604   1354556     13396
22:23:12      2300224   1643076     41.67      2088   1165760    612224     15.53    180604   1360760     10736
22:23:13      2157324   1785976     45.29      2088   1165768    755008     19.15    180604   1503628     10744
22:23:14      2306248   1637052     41.51      2088   1168436    600484     15.23    180604   1353120     13412
22:23:15      2309020   1634280     41.44      2088   1168448    597400     15.15    180604   1350068     13424
22:23:16      2307760   1635540     41.48      2088   1168452    600000     15.22    180604   1352632     13428
22:23:17      2295108   1648192     41.80      2088   1168456    614528     15.58    180604   1365288     10832
22:23:18      2301696   1641604     41.63      2088   1168468    607288     15.40    180604   1358084     10780
22:23:19      2287724   1655576     41.98      2088   1168472    623120     15.80    180604   1372336     10784
22:23:20      2184248   1759052     44.61      2088   1168484    723084     18.34    180604   1473864     10796
22:23:21      2300420   1642880     41.66      2088   1171152    604776     15.34    180604   1358808     13476
22:23:22      2301680   1641620     41.63      2088   1171168    603472     15.30    180604   1357592     10892
22:23:23      2299664   1643636     41.68      2088   1171168    605832     15.36    180604   1359904     10824
22:23:24      2290020   1653280     41.93      2088   1171172    614296     15.58    180604   1368864     10828
22:23:25      2291580   1651720     41.89      2088   1171184    614196     15.58    180604   1367008     10840
22:23:26      2283788   1659512     42.08      2088   1171188    624972     15.85    180604   1377448     10844
22:23:27      2243644   1699656     43.10      2088   1173796    658260     16.69    180604   1415276     13452
22:23:28      2297120   1646180     41.75      2088   1173864    604684     15.33    180604   1362220     13520
22:23:29      2290516   1652784     41.91      2088   1173884    612312     15.53    180604   1369716     13540
22:23:30      2288552   1654748     41.96      2088   1173900    616048     15.62    180604   1371400     13556
22:23:31      2283072   1660228     42.10      2088   1173904    622160     15.78    180604   1377216     13560
22:23:32      2282748   1660552     42.11      2088   1173908    622176     15.78    180604   1378684     13564
22:23:33      2292568   1650732     41.86      2088   1176580    607120     15.40    180604   1366372     13348
22:23:34      2292064   1651236     41.87      2088   1176596    607760     15.41    180604   1367132     13364
22:23:35      2292064   1651236     41.87      2088   1176596    607760     15.41    180604   1367132     13364
22:23:36      2289700   1653600     41.93      2088   1176600    610888     15.49    180604   1370376     13368
22:23:37      2279448   1663852     42.19      2088   1176604    620336     15.73    180604   1379508     13372
22:23:38      2284000   1659300     42.08      2088   1176620    617756     15.67    180604   1376600     10724
22:23:39      2268628   1674672     42.47      2088   1176624    634088     16.08    180604   1391600     10728
22:23:40      2226284   1717016     43.54      2088   1179300    671948     17.04    180604   1433584     13404
22:23:41      2286764   1656536     42.01      2088   1179300    610328     15.48    180604   1372540     13404
22:23:42      2286008   1657292     42.03      2088   1179316    610812     15.49    180604   1373156     13420
22:23:43      2283480   1659820     42.09      2088   1179316    613828     15.57    180604   1376056     13420
22:23:44      2272400   1670900     42.37      2088   1179320    625940     15.87    180604   1387856     13424
22:23:45      2276180   1667120     42.28      2088   1179332    623284     15.81    180604   1383644     13436
22:23:46      2265060   1678240     42.56      2088   1179336    634500     16.09    180604   1394948     13440
22:23:47      2171536   1771764     44.93      2088   1181948    722720     18.33    180604   1487352     16052
22:23:48      2275920   1667380     42.28      2088   1182016    617880     15.67    180604   1383016     13456
22:23:49      2277684   1665616     42.24      2088   1182028    616052     15.62    180604   1381476     13468
22:23:50      2277684   1665616     42.24      2088   1182032    616020     15.62    180604   1381404     13472
22:23:51      2277084   1666216     42.25      2088   1182032    618072     15.67    180604   1383512     13472
22:23:52      2266344   1676956     42.53      2088   1182036    629484     15.96    180604   1394024     13476
22:23:53      2264768   1678532     42.57      2088   1182048    629788     15.97    180604   1394420     10796
22:23:54      2259760   1683540     42.69      2088   1182052    638080     16.18    180604   1401352     10820
22:23:55      2134548   1808752     45.87      2088   1182060    761268     19.31    180604   1525856     10828
22:23:56      2266336   1676964     42.53      2088   1184728    624912     15.85    180604   1392848     13496
22:23:57      2270368   1672932     42.42      2088   1184744    620584     15.74    180604   1388600     13512
22:23:58      2270368   1672932     42.42      2088   1184744    622080     15.78    180604   1390040     10848
22:23:59      2260020   1683280     42.69      2088   1184752    631784     16.02    180604   1399512     10856
22:24:00      2261044   1682256     42.66      2088   1184764    633292     16.06    180604   1399268     10868
22:24:01      2249704   1693596     42.95      2088   1184764    644112     16.33    180604   1410184     10868
22:24:02      2255244   1688056     42.81      2088   1184768    636800     16.15    180604   1404580     10872
22:24:03      2154664   1788636     45.36      2088   1187376    733488     18.60    180604   1503796     10680
22:24:04      2261540   1681760     42.65      2088   1187444    627252     15.91    180604   1397932     10684
22:24:05      2263052   1680248     42.61      2088   1187460    625088     15.85    180604   1395804     10700
22:24:06      2262044   1681256     42.64      2088   1187460    628032     15.93    180604   1398724     10700
22:24:07      2252120   1691180     42.89      2088   1187464    638332     16.19    180604   1408624     10704
22:24:08      2247628   1695672     43.00      2088   1187476    633096     16.05    180604   1403500     10716
22:24:09      2248676   1694624     42.97      2088   1187480    642200     16.29    180604   1410748     10720
22:24:10      2244656   1698644     43.08      2088   1187480    646400     16.39    180604   1415244     10720
22:24:11      2247928   1695372     42.99      2088   1187480    641500     16.27    180604   1412120     10720
22:24:12      2176608   1766692     44.80      2088   1190164    710028     18.01    180604   1483392     13404
22:24:13      2256332   1686968     42.78      2088   1190168    629528     15.96    180604   1403252     13408
22:24:14      2253184   1690116     42.86      2088   1190180    633592     16.07    180604   1406608     10756
22:24:15      2250944   1692356     42.92      2088   1190196    636184     16.13    180604   1407604     10772
22:24:16      2245152   1698148     43.06      2088   1190200    643196     16.31    180604   1414624     10780
22:24:17      2118396   1824904     46.28      2088   1190208    769272     19.51    180604   1542180     10788
22:24:18      2248596   1694704     42.98      2088   1192872    634036     16.08    180604   1410556     13452
22:24:19      2251192   1692108     42.91      2088   1192888    630792     16.00    180604   1407432     10804
22:24:20      2251444   1691856     42.90      2088   1192888    630776     16.00    180604   1407364     10804
22:24:21      2251192   1692108     42.91      2088   1192892    630952     16.00    180604   1407592     10808
22:24:22      2247412   1695888     43.01      2088   1192900    636412     16.14    180604   1411736     10816
22:24:23      2247412   1695888     43.01      2088   1192908    639936     16.23    180604   1413472     10824
22:24:24      2242608   1700692     43.13      2088   1192908    641780     16.28    180604   1417628     10796
22:24:25      2106544   1836756     46.58      2088   1195584    775036     19.65    180604   1553368     13480
22:24:26      2246908   1696392     43.02      2088   1195588    633252     16.06    180604   1412104     13496
22:24:27      2246656   1696644     43.03      2088   1195600    633064     16.05    180604   1412112     13508
22:24:28      2246856   1696444     43.02      2088   1195600    633064     16.05    180604   1412216     13608
22:24:29      2240608   1702692     43.18      2088   1195604    640584     16.24    180604   1418984     10960
22:24:30      2235512   1707788     43.31      2088   1195608    645696     16.37    180604   1424112     10964
22:24:31      2233500   1709800     43.36      2088   1195620    646236     16.39    180604   1424000     10976
22:24:32      2226900   1716400     43.53      2088   1195620    657320     16.67    180604   1433664     10976
22:24:33      2225404   1717896     43.56      2088   1195620    657448     16.67    180604   1433896     10976
22:24:34      2080336   1862964     47.24      2088   1195632    800820     20.31    180604   1579180      8136
22:24:35      2237072   1706228     43.27      2088   1198312    640016     16.23    180604   1421404     10816
22:24:36      2233796   1709504     43.35      2088   1198320    644980     16.36    180604   1426192     10824
22:24:37      2228504   1714796     43.49      2088   1198324    651328     16.52    180604   1432188     10828
22:24:38      2228408   1714892     43.49      2088   1198336    652148     16.54    180604   1431192     10840
22:24:39      2219400   1723900     43.72      2088   1198336    661528     16.78    180604   1440400     10840
22:24:40      2229316   1713984     43.47      2088   1198340    649576     16.47    180604   1430228     10844
22:24:41      2229288   1714012     43.47      2088   1201020    646748     16.40    180604   1430564     13524
22:24:42      2231340   1711960     43.41      2088   1201036    644364     16.34    180604   1428248     13540
22:24:43      2221920   1721380     43.65      2088   1201040    654736     16.60    180604   1438544     13544
22:24:44      2223780   1719520     43.61      2088   1201052    654460     16.60    180604   1436660     10956
22:24:45      2216220   1727080     43.80      2088   1201052    660768     16.76    180604   1443512     10892
22:24:46      2213944   1729356     43.86      2088   1201052    663544     16.83    180604   1446440     10892
22:24:47      2081392   1861908     47.22      2088   1201064    794660     20.15    180604   1579096     10904
22:24:48      2223764   1719536     43.61      2088   1203736    647452     16.42    180604   1435340     13576
22:24:49      2226484   1716816     43.54      2088   1203736    644132     16.33    180604   1432216     13576
22:24:50      2221936   1721364     43.65      2088   1203760    652692     16.55    180604   1437712     10932
22:24:51      2218960   1724340     43.73      2088   1203768    655672     16.63    180604   1440436     10940
22:24:52      2090196   1853104     46.99      2088   1203776    782872     19.85    180604   1569744     10948
22:24:53      2222432   1720868     43.64      2088   1206444    646692     16.40    180604   1437216     13616
22:24:54      2221732   1721568     43.66      2088   1206452    646504     16.39    180604   1437364     13624
22:24:55      2221984   1721316     43.65      2088   1206460    646192     16.39    180604   1437020     13620
22:24:56      2221228   1722072     43.67      2088   1206464    647224     16.41    180604   1438084     13632
22:24:57      2209636   1733664     43.96      2088   1206468    660916     16.76    180604   1450080     13636
22:24:58      2213920   1729380     43.86      2088   1206484    659216     16.72    180604   1446784     13652
22:24:59      2207552   1735748     44.02      2088   1206488    663456     16.82    180604   1452396     13656
22:25:00      2209088   1734212     43.98      2088   1206492    660796     16.76    180604   1449788     10864
22:25:01      2095448   1847852     46.86      2088   1209164    773032     19.60    180604   1564496     13536
22:25:02      2214592   1728708     43.84      2088   1209168    652408     16.54    180604   1444540     13540
22:25:03      2215652   1727648     43.81      2088   1209184    651572     16.52    180604   1443952     13556
22:25:04      2205476   1737824     44.07      2088   1209188    662248     16.79    180604   1454928     13560
22:25:05      2209840   1733460     43.96      2088   1209200    659584     16.73    180604   1450644     10672
22:25:06      2198744   1744556     44.24      2088   1209204    671136     17.02    180604   1461048     10676
22:25:07      2144404   1798896     45.62      2088   1211812    719732     18.25    180604   1514176     13284
22:25:08      2211788   1731512     43.91      2088   1211880    652220     16.54    180604   1446944     13352
22:25:09      2212092   1731208     43.90      2088   1211884    651888     16.53    180604   1446816     13356
22:25:10      2212092   1731208     43.90      2088   1211896    651840     16.53    180604   1446792     13368
22:25:11      2211996   1731304     43.90      2088   1211900    654116     16.59    180604   1449064     13372
22:25:12      2203772   1739528     44.11      2088   1211908    662232     16.79    180604   1455292     13380
22:25:13      2201752   1741548     44.16      2088   1211920    664704     16.86    180604   1458140     13392
22:25:14      2135476   1807824     45.85      2088   1211924    729264     18.49    180604   1524520     13408
22:25:15      2066116   1877184     47.60      2088   1214596    794968     20.16    180604   1593096     13416
22:25:16      2206280   1737020     44.05      2088   1214600    654532     16.60    180604   1452860     13420
22:25:17      2204768   1738532     44.09      2088   1214616    656696     16.65    180604   1455104     13436
22:25:18      2193744   1749556     44.37      2088   1214620    669692     16.98    180604   1466732     13440
22:25:19      2198908   1744392     44.24      2088   1214632    666164     16.89    180604   1461536     13452
22:25:20      2190908   1752392     44.44      2088   1214636    674556     17.11    180604   1469976     10792
22:25:21      2170552   1772748     44.96      2088   1217308    689660     17.49    180604   1489288     13464
22:25:22      2201360   1741940     44.17      2088   1217312    657188     16.67    180604   1457420     13468
22:25:23      2201800   1741500     44.16      2088   1217324    656920     16.66    180604   1457428     13480
22:25:24      2201800   1741500     44.16      2088   1217328    657016     16.66    180604   1457572     13484
22:25:25      2200036   1743264     44.21      2088   1217328    659836     16.73    180604   1460316     10884
22:25:26      2191704   1751596     44.42      2088   1217336    667056     16.92    180604   1467664     10828
22:25:27      2189472   1753828     44.48      2088   1217348    670628     17.01    180604   1469596     10840
22:25:28      2184148   1759152     44.61      2088   1217352    675348     17.13    180604   1475496     10844
22:25:29      2102748   1840552     46.68      2088   1220028    754128     19.12    180604   1556596     13520
22:25:30      2195232   1748068     44.33      2088   1220044    660484     16.75    180604   1463880     13520
22:25:31      2194728   1748572     44.34      2088   1220044    660436     16.75    180604   1463924     13528
22:25:32      2192712   1750588     44.39      2088   1220048    663452     16.82    180604   1466888     13532
22:25:33      2182112   1761188     44.66      2088   1220048    673916     17.09    180604   1476752     13532
22:25:34      2185404   1757896     44.58      2088   1220064    674472     17.10    180604   1475568     13548
22:25:35      2179248   1764052     44.74      2088   1220064    678088     17.20    180604   1480856     13548
22:25:36      2189920   1753380     44.46      2088   1222740    663548     16.83    180604   1469212     13356
22:25:37      2189932   1753368     44.46      2088   1222744    662744     16.81    180604   1469116     13360
22:25:38      2189176   1754124     44.48      2088   1222756    662720     16.81    180604   1469476     13372
22:25:39      2189176   1754124     44.48      2088   1222756    662640     16.80    180604   1469508     13372
22:25:40      2187412   1755888     44.53      2088   1222760    665488     16.88    180604   1472460     13376
22:25:41      2176572   1766728     44.80      2088   1222768    676428     17.15    180604   1482100     10720
22:25:42      2171788   1771512     44.92      2088   1222780    683532     17.33    180604   1486696     10732
22:25:43      2177012   1766288     44.79      2088   1222780    677036     17.17    180604   1482336     10732
22:25:44      2013504   1929796     48.94      2088   1225456    837416     21.24    180604   1645244     13408
22:25:45      2184372   1758928     44.61      2088   1225460    666668     16.91    180604   1474880     13412
22:25:46      2183868   1759432     44.62      2088   1225472    666464     16.90    180604   1474776     10760
22:25:47      2183868   1759432     44.62      2088   1225476    666720     16.91    180604   1475088     10764
22:25:48      2181748   1761552     44.67      2088   1225476    669716     16.98    180604   1478120     10764
22:25:49      2170204   1773096     44.96      2088   1225480    681504     17.28    180604   1489476     10768
22:25:50      2173536   1769764     44.88      2088   1225492    680444     17.26    180604   1486804     10780
22:25:51      2163928   1779372     45.12      2088   1225496    690412     17.51    180604   1496908     10784
22:25:52      2085752   1857548     47.11      2088   1228172    760984     19.30    180604   1572548     13460
22:25:53      2178072   1765228     44.77      2088   1228172    669216     16.97    180604   1481436     13460
22:25:54      2178072   1765228     44.77      2088   1228188    668800     16.96    180604   1480832     13476
22:25:55      2175300   1768000     44.84      2088   1228192    671724     17.03    180604   1483820     13480
22:25:56      2165652   1777648     45.08      2088   1228196    682568     17.31    180604   1493808     10820
22:25:57      2164960   1778340     45.10      2088   1228208    684860     17.37    180604   1494352     10832
22:25:58      2169228   1774072     44.99      2088   1228212    678744     17.21    180604   1490608     10836
22:25:59      2065900   1877400     47.61      2088   1230884    779552     19.77    180604   1593820     13508
22:26:00      2171644   1771656     44.93      2088   1230888    671924     17.04    180604   1486784     13512
22:26:01      2172496   1770804     44.91      2088   1230900    671048     17.02    180604   1485988     10852
22:26:02      2172496   1770804     44.91      2088   1230900    671192     17.02    180604   1485988     10860
22:26:03      2172748   1770552     44.90      2088   1230900    671448     17.03    180604   1486352     10860
22:26:04      2162632   1780668     45.16      2088   1230908    681860     17.29    180604   1495848     10868
22:26:05      2166696   1776604     45.05      2088   1230920    679196     17.22    180604   1492932     10880
22:26:06      2150476   1792824     45.47      2088   1230928    695464     17.64    180604   1507832     10684
22:26:07      2036636   1906664     48.35      2088   1230936    810512     20.55    180604   1623644     10696
22:26:08      2165652   1777648     45.08      2088   1233608    676564     17.16    180604   1492768     13368
22:26:09      2165904   1777396     45.07      2088   1233620    676420     17.15    180604   1493144     13380
22:26:10      2163400   1779900     45.14      2088   1233624    679416     17.23    180604   1496176     13384
22:26:11      2155508   1787792     45.34      2088   1233632    686132     17.40    180604   1503000     10792
22:26:12      2144940   1798360     45.61      2088   1233640    698196     17.71    180604   1513052     10736
22:26:13      2153036   1790264     45.40      2088   1233644    689920     17.50    180604   1506388     10740
22:26:14      2059812   1883488     47.76      2088   1236316    782080     19.83    180604   1600280     13412
22:26:15      2156988   1786312     45.30      2088   1236320    682720     17.31    180604   1501952     13416
22:26:16      2157840   1785460     45.28      2088   1236332    680860     17.27    180604   1500556     13428
22:26:17      2157840   1785460     45.28      2088   1236332    680860     17.27    180604   1500552     10752
22:26:18      2157084   1786216     45.30      2088   1236336    683856     17.34    180604   1503444     10756
22:26:19      2145100   1798200     45.60      2088   1236340    695744     17.64    180604   1514556     10772
22:26:20      2147196   1796104     45.55      2088   1236352    693836     17.60    180604   1511124     10784
22:26:21      2137176   1806124     45.80      2088   1236352    705176     17.88    180604   1522348     10784
22:26:22      2138184   1805116     45.78      2088   1236356    705196     17.88    180604   1522372     10788
22:26:23      2139444   1803856     45.74      2088   1236356    705196     17.88    180604   1522108     10788
22:26:24      2014200   1929100     48.92      2088   1236364    827448     20.98    180604   1648100     10796
22:26:25      2150996   1792304     45.45      2088   1239044    686648     17.41    180604   1508352     13476
22:26:26      2150636   1792664     45.46      2088   1239052    687924     17.45    180604   1509524     13484
22:26:27      2139152   1804148     45.75      2088   1239052    699036     17.73    180604   1520784     10820
22:26:28      2141956   1801344     45.68      2088   1239064    696572     17.66    180604   1516336     10832
22:26:29      2132260   1811040     45.93      2088   1239068    706388     17.91    180604   1526928     10836
22:26:30      2132632   1810668     45.92      2088   1239068    707948     17.95    180604   1528376     10836
22:26:31      2128420   1814880     46.02      2088   1239072    710104     18.01    180604   1532236     10840
22:26:32      2144532   1798768     45.62      2088   1241756    689660     17.49    180604   1514868     10844
22:26:33      2143524   1799776     45.64      2088   1241764    690948     17.52    180604   1516172     10860
22:26:34      2133948   1809352     45.88      2088   1241768    703096     17.83    180604   1526868     10864
22:26:35      2136968   1806332     45.81      2088   1241780    701124     17.78    180604   1523240     10876
22:26:36      2125284   1818016     46.10      2088   1241784    711584     18.05    180604   1534512     10880
22:26:37      1943932   1999368     50.70      2088   1241792    893084     22.65    180604   1717324     10684
22:26:38      2139928   1803372     45.73      2088   1244460    691812     17.54    180604   1519200     13464
22:26:39      2139476   1803824     45.74      2088   1244472    691668     17.54    180604   1519204     13476
22:26:40      2139980   1803320     45.73      2088   1244476    691508     17.54    180604   1519108     13480
22:26:41      2126820   1816480     46.06      2088   1244484    705780     17.90    180604   1532696     13488
22:26:42      2130404   1812896     45.97      2088   1244500    704796     17.87    180604   1530260     10840
22:26:43      2113552   1829748     46.40      2088   1244500    720176     18.26    180604   1545516     10840
22:26:44      1945648   1997652     50.66      2088   1244512    885308     22.45    180604   1712228     10852
22:26:45      2133868   1809432     45.89      2088   1247180    695108     17.63    180604   1525420     13520
22:26:46      2134564   1808736     45.87      2088   1247184    693780     17.59    180604   1524664     13524
22:26:47      2134624   1808676     45.87      2088   1247196    693780     17.59    180604   1524608     10872
22:26:48      2132616   1810684     45.92      2088   1247200    696744     17.67    180604   1527360     10876
22:26:49      2122512   1820788     46.17      2088   1247200    709048     17.98    180604   1538648     10876
22:26:50      2120140   1823160     46.23      2088   1247212    711516     18.04    180604   1539304     10888
22:26:51      2112740   1830560     46.42      2088   1247216    718068     18.21    180604   1546916     10892
22:26:52      2113748   1829552     46.40      2088   1247216    718004     18.21    180604   1546856     10880
22:26:53      1937600   2005700     50.86      2088   1247228    892192     22.63    180604   1722584     10892
22:26:54      2126688   1816612     46.07      2088   1249840    698784     17.72    180604   1532488     13504
22:26:55      2126104   1817196     46.08      2088   1249908    699940     17.75    180604   1533688     13572
22:26:56      2117968   1825332     46.29      2088   1249924    708832     17.98    180604   1541168     13588
22:26:57      2113660   1829640     46.40      2088   1249932    713780     18.10    180604   1545176     13596
22:26:58      2115488   1827812     46.35      2088   1249940    712644     18.07    180604   1545824     10940
22:26:59      1988220   1955080     49.58      2088   1252612    836316     21.21    180604   1671764     13612
22:27:00      2123456   1819844     46.15      2088   1252616    699212     17.73    180604   1535688     13616
22:27:01      2123292   1820008     46.15      2088   1252628    699212     17.73    180604   1535672     13628
22:27:02      2123292   1820008     46.15      2088   1252628    699212     17.73    180604   1535672     13636
22:27:03      2123292   1820008     46.15      2088   1252628    699388     17.74    180604   1535680     10956
22:27:04      2118704   1824596     46.27      2088   1252632    704848     17.87    180604   1540612     10968
22:27:05      2113968   1829332     46.39      2088   1252648    712260     18.06    180604   1545888     10984
22:27:06      2109164   1834136     46.51      2088   1252648    717404     18.19    180604   1550856     10984
22:27:07      2004584   1938716     49.16      2088   1252660    821248     20.83    180604   1655824     11000
22:27:08      2073108   1870192     47.43      2088   1255324    747996     18.97    180604   1585724     10792
22:27:09      2117724   1825576     46.30      2088   1255332    703492     17.84    180604   1541760     10800
22:27:10      2117724   1825576     46.30      2088   1255344    703144     17.83    180604   1541656     10812
22:27:11      2117724   1825576     46.30      2088   1255344    703144     17.83    180604   1541656     10812
22:27:12      2107392   1835908     46.56      2088   1255348    714024     18.11    180604   1552768     10816
22:27:13      2109400   1833900     46.51      2088   1255360    714384     18.12    180604   1551288     10716
22:27:14      2098988   1844312     46.77      2088   1255364    726812     18.43    180604   1561512     10720
22:27:15      2063456   1879844     47.67      2088   1258036    754076     19.12    180604   1595212     13392
22:27:16      2112400   1830900     46.43      2088   1258040    705300     17.89    180604   1546448     13396
22:27:17      2111644   1831656     46.45      2088   1258056    705764     17.90    180604   1547312     13412
22:27:18      2109628   1833672     46.50      2088   1258060    708876     17.98    180604   1550468     10752
22:27:19      2096636   1846664     46.83      2088   1258064    721392     18.29    180604   1562868     10756
22:27:20      2090476   1852824     46.99      2088   1258064    728076     18.46    180604   1569304     10756
22:27:21      2082408   1860892     47.19      2088   1258080    738280     18.72    180604   1577080     10772
22:27:22      2092304   1850996     46.94      2088   1258080    729232     18.49    180604   1568864     10772
22:27:23      2089532   1853768     47.01      2088   1258080    730788     18.53    180604   1570728     10772
22:27:24      2057780   1885520     47.82      2088   1258088    761648     19.31    180604   1603024     10780
22:27:25      1924464   2018836     51.20      2088   1260764    890732     22.59    180604   1735116     13456
22:27:26      2103384   1839916     46.66      2088   1260772    710740     18.02    180604   1555476     13464
22:27:27      2096580   1846720     46.83      2088   1260776    720000     18.26    180604   1563376     13468
22:27:28      2092296   1851004     46.94      2088   1260788    726168     18.42    180604   1567872     10816
22:27:29      2073144   1870156     47.43      2088   1260788    744476     18.88    180604   1588088     10816
22:27:30      2063748   1879552     47.66      2088   1263464    749888     19.02    180812   1595380     13492
